header: 
  seq: 1504
  stamp: 
    secs: 150
    nsecs: 500000000
  frame_id: "base_laser_link"
angle_min: -3.14159274101
angle_max: 3.14159274101
angle_increment: 0.0175019092858
time_increment: 0.0
scan_time: 0.0
range_min: 0.15000000596
range_max: 16.0
ranges: [4.050000190734863, 4.0506205558776855, 4.052482604980469, 4.055589199066162, 4.059945106506348, 3.6238667964935303, 3.6299962997436523, 3.6372625827789307, 3.645677089691162, 3.655252695083618, 3.6660046577453613, 3.677950143814087, 3.691107988357544, 3.7054991722106934, 3.7211475372314453, 3.7380783557891846, 3.756319999694824, 3.775902509689331, 3.7968597412109375, 3.8192269802093506, 3.843043565750122, 3.868351459503174, 3.895195960998535, 3.9236257076263428, 3.9536936283111572, 3.9854559898376465, 4.0189738273620605, 4.054312705993652, 4.0724711418151855, 4.114108085632324, 4.168333053588867, 4.203236103057861, 4.208346366882324, 4.116488933563232, 4.004476547241211, 3.895493984222412, 3.81390643119812, 3.710172653198242, 3.633819103240967, 3.559828281402588, 3.48795485496521, 3.4179699420928955, 3.3496580123901367, 3.2828145027160645, 3.2172446250915527, 3.175041913986206, 3.1211354732513428, 3.069953441619873, 3.0213334560394287, 2.9751267433166504, 2.9311962127685547, 2.889416456222534, 2.8496716022491455, 2.811854839324951, 2.7758679389953613, 2.74161958694458, 2.7090256214141846, 2.6780083179473877, 2.6484954357147217, 2.62041974067688, 2.593719005584717, 2.568336009979248, 2.5442166328430176, 2.521311044692993, 2.499573230743408, 2.478959798812866, 2.459430694580078, 2.440948963165283, 2.4234793186187744, 2.4069902896881104, 2.391451597213745, 2.376835823059082, 2.36311674118042, 2.350271224975586, 2.3382766246795654, 2.327113389968872, 2.3167622089385986, 2.307206392288208, 2.2984302043914795, 2.290419578552246, 2.2831614017486572, 2.276644229888916, 2.270857810974121, 2.2657928466796875, 2.261441946029663, 2.2577977180480957, 2.254854679107666, 2.25260853767395, 2.2510557174682617, 2.2501938343048096, 2.250021457672119, 2.2505385875701904, 2.2517457008361816, 2.2536447048187256, 2.2562389373779297, 2.2595317363739014, 2.26352858543396, 2.268235683441162, 2.273660182952881, 2.279810905456543, 2.2866971492767334, 2.29433012008667, 2.3027217388153076, 2.3118858337402344, 2.3218374252319336, 2.332592248916626, 2.3441689014434814, 2.356586217880249, 2.369865655899048, 2.3840301036834717, 2.399103879928589, 2.415114164352417, 2.4320895671844482, 2.450061082839966, 2.469062089920044, 2.489128589630127, 2.51029896736145, 2.5326151847839355, 2.556121587753296, 2.5808663368225098, 2.606901168823242, 2.634281873703003, 2.6630680561065674, 2.693324565887451, 2.725120782852173, 2.7585318088531494, 2.7936384677886963, 2.830528497695923, 2.8692965507507324, 2.9100451469421387, 2.952885150909424, 2.9979372024536133, 3.045332908630371, 3.095214366912842, 3.147737503051758, 3.18487811088562, 3.1393723487854004, 3.0986382961273193, 3.0625979900360107, 3.004856586456299, 2.9525108337402344, 2.9048876762390137, 2.8652853965759277, 2.8276031017303467, 2.791743040084839, 2.757615327835083, 2.7251365184783936, 2.6942296028137207, 2.664822816848755, 2.636850118637085, 2.6102497577667236, 2.5849647521972656, 2.560941696166992, 2.5381312370300293, 2.5164878368377686, 2.4959683418273926, 2.4765331745147705, 2.4581456184387207, 2.4407711029052734, 2.424377918243408, 2.4089362621307373, 2.3944191932678223, 2.380800724029541, 2.3680574893951416, 2.356167793273926, 2.345111846923828, 2.3348708152770996, 2.3254282474517822, 2.3167684078216553, 2.308877468109131, 2.3017427921295166, 2.2953529357910156, 2.2896978855133057, 2.284768581390381, 2.280557870864868, 2.2770586013793945, 2.2742655277252197, 2.272174596786499, 2.270782470703125, 2.2700870037078857, 2.2700870037078857, 2.270782470703125, 2.272174596786499, 2.2742655277252197, 2.2770586013793945, 2.280557870864868, 2.284768581390381, 2.2896978855133057, 2.2953529357910156, 2.3017427921295166, 2.308877468109131, 2.3167684078216553, 2.3254282474517822, 2.3348708152770996, 2.345111846923828, 2.356167793273926, 2.3680574893951416, 2.380800724029541, 2.3944191932678223, 2.4089362621307373, 2.424377918243408, 2.4407711029052734, 2.4581456184387207, 2.4765331745147705, 2.4959683418273926, 2.5164878368377686, 2.5381312370300293, 2.560941696166992, 2.5849647521972656, 2.6102497577667236, 2.636850118637085, 2.664822816848755, 2.6942296028137207, 2.7251365184783936, 2.757615327835083, 2.791743040084839, 2.8276031017303467, 2.8652853965759277, 2.9048876762390137, 2.946514844894409, 2.990281820297241, 3.0363128185272217, 3.084742546081543, 3.135718584060669, 3.1894009113311768, 3.22863507270813, 3.2880008220672607, 3.352219581604004, 3.4172816276550293, 3.4896535873413086, 3.561339855194092, 3.642944097518921, 3.722384214401245, 3.805649995803833, 3.903143882751465, 3.996335506439209, 4.1185150146484375, 4.235739707946777, 4.346676826477051, 4.480828762054443, 4.607509136199951, 4.765298366546631, 4.930536270141602, 5.109173774719238, 5.277077674865723, 5.480167865753174, 5.704845905303955, 5.963286399841309, 6.219219207763672, 6.192437648773193, 6.219669342041016, 6.182716369628906, 6.148071765899658, 6.115675926208496, 6.085474014282227, 6.05741548538208, 6.031453609466553, 6.007545471191406, 5.985651969909668, 5.965738773345947, 5.947772979736328, 5.931726932525635, 5.917574882507324, 5.905294895172119, 5.894867420196533, 5.8862762451171875, 5.879508972167969, 5.87455415725708, 5.871405124664307, 5.87005615234375, 5.8705058097839355, 5.8727545738220215, 5.876805782318115, 5.882665634155273, 5.890343189239502, 5.899850368499756, 5.9112019538879395, 5.924415588378906, 5.939511775970459, 5.956514358520508, 5.975450038909912, 5.996349334716797, 6.019245147705078, 6.044175148010254, 6.0711798667907715, 6.100304126739502, 6.131596088409424, 6.165109157562256, 6.200900554656982, 6.239031791687012, 6.279570579528809, 6.3225884437561035, 6.368164539337158, 6.416381359100342, 6.461491107940674, 6.521108627319336, 6.577820777893066, 6.63757848739624, 6.700503349304199, 6.628393173217773, 6.446441650390625, 6.35986328125, 6.42872428894043, 6.513701915740967, 6.592072010040283, 6.67441987991333, 6.76094913482666, 6.851877212524414, 6.947441577911377, 7.047898769378662, 7.153526782989502, 7.2646284103393555, 7.245090007781982, 7.125522136688232, 7.010772228240967, 6.895569801330566, 6.755960941314697, 6.6731648445129395, 6.570211887359619, 6.472339630126953, 6.379265785217285, 6.290730953216553, 6.206494331359863, 6.126336097717285, 6.050051212310791, 5.977451324462891, 5.908361434936523, 5.842619895935059, 5.780076026916504, 5.720591068267822, 5.664034843444824, 5.610287666320801, 5.559237957000732, 5.510781288146973, 5.464821815490723, 5.421269416809082, 5.380040645599365, 5.341058254241943, 5.304249286651611, 5.269547462463379, 4.284728527069092, 4.259634971618652, 4.236123561859131, 4.21415376663208, 4.193688869476318, 4.174694538116455, 4.157138824462891, 4.140993595123291, 4.126232147216797, 4.112830638885498, 4.100768566131592, 4.090025424957275, 4.080585479736328, 4.0724334716796875, 4.06555700302124, 4.059945106506348, 4.055589199066162, 4.052482604980469, 4.0506205558776855, 4.050000190734863]
intensities: [0.0, 0.0, 0.0, 0.0, 0.0, 0.0, 0.0, 0.0, 0.0, 0.0, 0.0, 0.0, 0.0, 0.0, 0.0, 0.0, 0.0, 0.0, 0.0, 0.0, 0.0, 0.0, 0.0, 0.0, 0.0, 0.0, 0.0, 0.0, 0.0, 0.0, 0.0, 0.0, 0.0, 0.0, 0.0, 0.0, 0.0, 0.0, 0.0, 0.0, 0.0, 0.0, 0.0, 0.0, 0.0, 0.0, 0.0, 0.0, 0.0, 0.0, 0.0, 0.0, 0.0, 0.0, 0.0, 0.0, 0.0, 0.0, 0.0, 0.0, 0.0, 0.0, 0.0, 0.0, 0.0, 0.0, 0.0, 0.0, 0.0, 0.0, 0.0, 0.0, 0.0, 0.0, 0.0, 0.0, 0.0, 0.0, 0.0, 0.0, 0.0, 0.0, 0.0, 0.0, 0.0, 0.0, 0.0, 0.0, 0.0, 0.0, 0.0, 0.0, 0.0, 0.0, 0.0, 0.0, 0.0, 0.0, 0.0, 0.0, 0.0, 0.0, 0.0, 0.0, 0.0, 0.0, 0.0, 0.0, 0.0, 0.0, 0.0, 0.0, 0.0, 0.0, 0.0, 0.0, 0.0, 0.0, 0.0, 0.0, 0.0, 0.0, 0.0, 0.0, 0.0, 0.0, 0.0, 0.0, 0.0, 0.0, 0.0, 0.0, 0.0, 0.0, 0.0, 0.0, 0.0, 0.0, 0.0, 0.0, 0.0, 0.0, 0.0, 0.0, 0.0, 0.0, 0.0, 0.0, 0.0, 0.0, 0.0, 0.0, 0.0, 0.0, 0.0, 0.0, 0.0, 0.0, 0.0, 0.0, 0.0, 0.0, 0.0, 0.0, 0.0, 0.0, 0.0, 0.0, 0.0, 0.0, 0.0, 0.0, 0.0, 0.0, 0.0, 0.0, 0.0, 0.0, 0.0, 0.0, 0.0, 0.0, 0.0, 0.0, 0.0, 0.0, 0.0, 0.0, 0.0, 0.0, 0.0, 0.0, 0.0, 0.0, 0.0, 0.0, 0.0, 0.0, 0.0, 0.0, 0.0, 0.0, 0.0, 0.0, 0.0, 0.0, 0.0, 0.0, 0.0, 0.0, 0.0, 0.0, 0.0, 0.0, 0.0, 0.0, 0.0, 0.0, 0.0, 0.0, 0.0, 0.0, 0.0, 0.0, 0.0, 0.0, 0.0, 0.0, 0.0, 0.0, 0.0, 0.0, 0.0, 0.0, 0.0, 0.0, 0.0, 0.0, 0.0, 0.0, 0.0, 0.0, 0.0, 0.0, 0.0, 0.0, 0.0, 0.0, 0.0, 0.0, 0.0, 0.0, 0.0, 0.0, 0.0, 0.0, 0.0, 0.0, 0.0, 0.0, 0.0, 0.0, 0.0, 0.0, 0.0, 0.0, 0.0, 0.0, 0.0, 0.0, 0.0, 0.0, 0.0, 0.0, 0.0, 0.0, 0.0, 0.0, 0.0, 0.0, 0.0, 0.0, 0.0, 0.0, 0.0, 0.0, 0.0, 0.0, 0.0, 0.0, 0.0, 0.0, 0.0, 0.0, 0.0, 0.0, 0.0, 0.0, 0.0, 0.0, 0.0, 0.0, 0.0, 0.0, 0.0, 0.0, 0.0, 0.0, 0.0, 0.0, 0.0, 0.0, 0.0, 0.0, 0.0, 0.0, 0.0, 0.0, 0.0, 0.0, 0.0, 0.0, 0.0, 0.0, 0.0, 0.0, 0.0, 0.0, 0.0, 0.0, 0.0, 0.0, 0.0, 0.0, 0.0, 0.0, 0.0, 0.0, 0.0, 0.0, 0.0, 0.0, 0.0, 0.0, 0.0, 0.0, 0.0, 0.0, 0.0, 0.0, 0.0, 0.0, 0.0, 0.0, 0.0, 0.0, 0.0, 0.0, 0.0, 0.0]
---
header: 
  seq: 1505
  stamp: 
    secs: 150
    nsecs: 600000000
  frame_id: "base_laser_link"
angle_min: -3.14159274101
angle_max: 3.14159274101
angle_increment: 0.0175019092858
time_increment: 0.0
scan_time: 0.0
range_min: 0.15000000596
range_max: 16.0
ranges: [4.050000190734863, 4.0506205558776855, 4.052482604980469, 4.055589199066162, 4.059945106506348, 3.6238667964935303, 3.6299962997436523, 3.6372625827789307, 3.645677089691162, 3.655252695083618, 3.6660046577453613, 3.677950143814087, 3.691107988357544, 3.7054991722106934, 3.7211475372314453, 3.7380783557891846, 3.756319999694824, 3.775902509689331, 3.7968597412109375, 3.8192269802093506, 3.843043565750122, 3.868351459503174, 3.895195960998535, 3.9236257076263428, 3.9536936283111572, 3.9854559898376465, 4.0189738273620605, 4.054312705993652, 4.0724711418151855, 4.114108085632324, 4.168333053588867, 4.203236103057861, 4.208346366882324, 4.116488933563232, 4.004476547241211, 3.895493984222412, 3.81390643119812, 3.710172653198242, 3.633819103240967, 3.559828281402588, 3.48795485496521, 3.4179699420928955, 3.3496580123901367, 3.2828145027160645, 3.2172446250915527, 3.175041913986206, 3.1211354732513428, 3.069953441619873, 3.0213334560394287, 2.9751267433166504, 2.9311962127685547, 2.889416456222534, 2.8496716022491455, 2.811854839324951, 2.7758679389953613, 2.74161958694458, 2.7090256214141846, 2.6780083179473877, 2.6484954357147217, 2.62041974067688, 2.593719005584717, 2.568336009979248, 2.5442166328430176, 2.521311044692993, 2.499573230743408, 2.478959798812866, 2.459430694580078, 2.440948963165283, 2.4234793186187744, 2.4069902896881104, 2.391451597213745, 2.376835823059082, 2.36311674118042, 2.350271224975586, 2.3382766246795654, 2.327113389968872, 2.3167622089385986, 2.307206392288208, 2.2984302043914795, 2.290419578552246, 2.2831614017486572, 2.276644229888916, 2.270857810974121, 2.2657928466796875, 2.261441946029663, 2.2577977180480957, 2.254854679107666, 2.25260853767395, 2.2510557174682617, 2.2501938343048096, 2.250021457672119, 2.2505385875701904, 2.2517457008361816, 2.2536447048187256, 2.2562389373779297, 2.2595317363739014, 2.26352858543396, 2.268235683441162, 2.273660182952881, 2.279810905456543, 2.2866971492767334, 2.29433012008667, 2.3027217388153076, 2.3118858337402344, 2.3218374252319336, 2.332592248916626, 2.3441689014434814, 2.356586217880249, 2.369865655899048, 2.3840301036834717, 2.399103879928589, 2.415114164352417, 2.4320895671844482, 2.450061082839966, 2.469062089920044, 2.489128589630127, 2.51029896736145, 2.5326151847839355, 2.556121587753296, 2.5808663368225098, 2.606901168823242, 2.634281873703003, 2.6630680561065674, 2.693324565887451, 2.725120782852173, 2.7585318088531494, 2.7936384677886963, 2.830528497695923, 2.8692965507507324, 2.9100451469421387, 2.952885150909424, 2.9979372024536133, 3.045332908630371, 3.095214366912842, 3.147737503051758, 3.18487811088562, 3.1393723487854004, 3.0986382961273193, 3.0625979900360107, 3.004856586456299, 2.9525108337402344, 2.9048876762390137, 2.8652853965759277, 2.8276031017303467, 2.791743040084839, 2.757615327835083, 2.7251365184783936, 2.6942296028137207, 2.664822816848755, 2.636850118637085, 2.6102497577667236, 2.5849647521972656, 2.560941696166992, 2.5381312370300293, 2.5164878368377686, 2.4959683418273926, 2.4765331745147705, 2.4581456184387207, 2.4407711029052734, 2.424377918243408, 2.4089362621307373, 2.3944191932678223, 2.380800724029541, 2.3680574893951416, 2.356167793273926, 2.345111846923828, 2.3348708152770996, 2.3254282474517822, 2.3167684078216553, 2.308877468109131, 2.3017427921295166, 2.2953529357910156, 2.2896978855133057, 2.284768581390381, 2.280557870864868, 2.2770586013793945, 2.2742655277252197, 2.272174596786499, 2.270782470703125, 2.2700870037078857, 2.2700870037078857, 2.270782470703125, 2.272174596786499, 2.2742655277252197, 2.2770586013793945, 2.280557870864868, 2.284768581390381, 2.2896978855133057, 2.2953529357910156, 2.3017427921295166, 2.308877468109131, 2.3167684078216553, 2.3254282474517822, 2.3348708152770996, 2.345111846923828, 2.356167793273926, 2.3680574893951416, 2.380800724029541, 2.3944191932678223, 2.4089362621307373, 2.424377918243408, 2.4407711029052734, 2.4581456184387207, 2.4765331745147705, 2.4959683418273926, 2.5164878368377686, 2.5381312370300293, 2.560941696166992, 2.5849647521972656, 2.6102497577667236, 2.636850118637085, 2.664822816848755, 2.6942296028137207, 2.7251365184783936, 2.757615327835083, 2.791743040084839, 2.8276031017303467, 2.8652853965759277, 2.9048876762390137, 2.946514844894409, 2.990281820297241, 3.0363128185272217, 3.084742546081543, 3.135718584060669, 3.1894009113311768, 3.22863507270813, 3.2880008220672607, 3.352219581604004, 3.4172816276550293, 3.4896535873413086, 3.561339855194092, 3.642944097518921, 3.722384214401245, 3.805649995803833, 3.903143882751465, 3.996335506439209, 4.1185150146484375, 4.235739707946777, 4.346676826477051, 4.480828762054443, 4.607509136199951, 4.765298366546631, 4.930536270141602, 5.109173774719238, 5.277077674865723, 5.480167865753174, 5.704845905303955, 5.963286399841309, 6.219219207763672, 6.192437648773193, 6.219669342041016, 6.182716369628906, 6.148071765899658, 6.115675926208496, 6.085474014282227, 6.05741548538208, 6.031453609466553, 6.007545471191406, 5.985651969909668, 5.965738773345947, 5.947772979736328, 5.931726932525635, 5.917574882507324, 5.905294895172119, 5.894867420196533, 5.8862762451171875, 5.879508972167969, 5.87455415725708, 5.871405124664307, 5.87005615234375, 5.8705058097839355, 5.8727545738220215, 5.876805782318115, 5.882665634155273, 5.890343189239502, 5.899850368499756, 5.9112019538879395, 5.924415588378906, 5.939511775970459, 5.956514358520508, 5.975450038909912, 5.996349334716797, 6.019245147705078, 6.044175148010254, 6.0711798667907715, 6.100304126739502, 6.131596088409424, 6.165109157562256, 6.200900554656982, 6.239031791687012, 6.279570579528809, 6.3225884437561035, 6.368164539337158, 6.416381359100342, 6.461491107940674, 6.521108627319336, 6.577820777893066, 6.63757848739624, 6.700503349304199, 6.628393173217773, 6.446441650390625, 6.35986328125, 6.42872428894043, 6.513701915740967, 6.592072010040283, 6.67441987991333, 6.76094913482666, 6.851877212524414, 6.947441577911377, 7.047898769378662, 7.153526782989502, 7.2646284103393555, 7.245090007781982, 7.125522136688232, 7.010772228240967, 6.895569801330566, 6.755960941314697, 6.6731648445129395, 6.570211887359619, 6.472339630126953, 6.379265785217285, 6.290730953216553, 6.206494331359863, 6.126336097717285, 6.050051212310791, 5.977451324462891, 5.908361434936523, 5.842619895935059, 5.780076026916504, 5.720591068267822, 5.664034843444824, 5.610287666320801, 5.559237957000732, 5.510781288146973, 5.464821815490723, 5.421269416809082, 5.380040645599365, 5.341058254241943, 5.304249286651611, 5.269547462463379, 4.284728527069092, 4.259634971618652, 4.236123561859131, 4.21415376663208, 4.193688869476318, 4.174694538116455, 4.157138824462891, 4.140993595123291, 4.126232147216797, 4.112830638885498, 4.100768566131592, 4.090025424957275, 4.080585479736328, 4.0724334716796875, 4.06555700302124, 4.059945106506348, 4.055589199066162, 4.052482604980469, 4.0506205558776855, 4.050000190734863]
intensities: [0.0, 0.0, 0.0, 0.0, 0.0, 0.0, 0.0, 0.0, 0.0, 0.0, 0.0, 0.0, 0.0, 0.0, 0.0, 0.0, 0.0, 0.0, 0.0, 0.0, 0.0, 0.0, 0.0, 0.0, 0.0, 0.0, 0.0, 0.0, 0.0, 0.0, 0.0, 0.0, 0.0, 0.0, 0.0, 0.0, 0.0, 0.0, 0.0, 0.0, 0.0, 0.0, 0.0, 0.0, 0.0, 0.0, 0.0, 0.0, 0.0, 0.0, 0.0, 0.0, 0.0, 0.0, 0.0, 0.0, 0.0, 0.0, 0.0, 0.0, 0.0, 0.0, 0.0, 0.0, 0.0, 0.0, 0.0, 0.0, 0.0, 0.0, 0.0, 0.0, 0.0, 0.0, 0.0, 0.0, 0.0, 0.0, 0.0, 0.0, 0.0, 0.0, 0.0, 0.0, 0.0, 0.0, 0.0, 0.0, 0.0, 0.0, 0.0, 0.0, 0.0, 0.0, 0.0, 0.0, 0.0, 0.0, 0.0, 0.0, 0.0, 0.0, 0.0, 0.0, 0.0, 0.0, 0.0, 0.0, 0.0, 0.0, 0.0, 0.0, 0.0, 0.0, 0.0, 0.0, 0.0, 0.0, 0.0, 0.0, 0.0, 0.0, 0.0, 0.0, 0.0, 0.0, 0.0, 0.0, 0.0, 0.0, 0.0, 0.0, 0.0, 0.0, 0.0, 0.0, 0.0, 0.0, 0.0, 0.0, 0.0, 0.0, 0.0, 0.0, 0.0, 0.0, 0.0, 0.0, 0.0, 0.0, 0.0, 0.0, 0.0, 0.0, 0.0, 0.0, 0.0, 0.0, 0.0, 0.0, 0.0, 0.0, 0.0, 0.0, 0.0, 0.0, 0.0, 0.0, 0.0, 0.0, 0.0, 0.0, 0.0, 0.0, 0.0, 0.0, 0.0, 0.0, 0.0, 0.0, 0.0, 0.0, 0.0, 0.0, 0.0, 0.0, 0.0, 0.0, 0.0, 0.0, 0.0, 0.0, 0.0, 0.0, 0.0, 0.0, 0.0, 0.0, 0.0, 0.0, 0.0, 0.0, 0.0, 0.0, 0.0, 0.0, 0.0, 0.0, 0.0, 0.0, 0.0, 0.0, 0.0, 0.0, 0.0, 0.0, 0.0, 0.0, 0.0, 0.0, 0.0, 0.0, 0.0, 0.0, 0.0, 0.0, 0.0, 0.0, 0.0, 0.0, 0.0, 0.0, 0.0, 0.0, 0.0, 0.0, 0.0, 0.0, 0.0, 0.0, 0.0, 0.0, 0.0, 0.0, 0.0, 0.0, 0.0, 0.0, 0.0, 0.0, 0.0, 0.0, 0.0, 0.0, 0.0, 0.0, 0.0, 0.0, 0.0, 0.0, 0.0, 0.0, 0.0, 0.0, 0.0, 0.0, 0.0, 0.0, 0.0, 0.0, 0.0, 0.0, 0.0, 0.0, 0.0, 0.0, 0.0, 0.0, 0.0, 0.0, 0.0, 0.0, 0.0, 0.0, 0.0, 0.0, 0.0, 0.0, 0.0, 0.0, 0.0, 0.0, 0.0, 0.0, 0.0, 0.0, 0.0, 0.0, 0.0, 0.0, 0.0, 0.0, 0.0, 0.0, 0.0, 0.0, 0.0, 0.0, 0.0, 0.0, 0.0, 0.0, 0.0, 0.0, 0.0, 0.0, 0.0, 0.0, 0.0, 0.0, 0.0, 0.0, 0.0, 0.0, 0.0, 0.0, 0.0, 0.0, 0.0, 0.0, 0.0, 0.0, 0.0, 0.0, 0.0, 0.0, 0.0, 0.0, 0.0, 0.0, 0.0, 0.0, 0.0, 0.0, 0.0, 0.0, 0.0, 0.0, 0.0, 0.0, 0.0, 0.0, 0.0, 0.0, 0.0, 0.0, 0.0, 0.0, 0.0, 0.0]
---
header: 
  seq: 1506
  stamp: 
    secs: 150
    nsecs: 700000000
  frame_id: "base_laser_link"
angle_min: -3.14159274101
angle_max: 3.14159274101
angle_increment: 0.0175019092858
time_increment: 0.0
scan_time: 0.0
range_min: 0.15000000596
range_max: 16.0
ranges: [4.050000190734863, 4.0506205558776855, 4.052482604980469, 4.055589199066162, 4.059945106506348, 3.6238667964935303, 3.6299962997436523, 3.6372625827789307, 3.645677089691162, 3.655252695083618, 3.6660046577453613, 3.677950143814087, 3.691107988357544, 3.7054991722106934, 3.7211475372314453, 3.7380783557891846, 3.756319999694824, 3.775902509689331, 3.7968597412109375, 3.8192269802093506, 3.843043565750122, 3.868351459503174, 3.895195960998535, 3.9236257076263428, 3.9536936283111572, 3.9854559898376465, 4.0189738273620605, 4.054312705993652, 4.0724711418151855, 4.114108085632324, 4.168333053588867, 4.203236103057861, 4.208346366882324, 4.116488933563232, 4.004476547241211, 3.895493984222412, 3.81390643119812, 3.710172653198242, 3.633819103240967, 3.559828281402588, 3.48795485496521, 3.4179699420928955, 3.3496580123901367, 3.2828145027160645, 3.2172446250915527, 3.175041913986206, 3.1211354732513428, 3.069953441619873, 3.0213334560394287, 2.9751267433166504, 2.9311962127685547, 2.889416456222534, 2.8496716022491455, 2.811854839324951, 2.7758679389953613, 2.74161958694458, 2.7090256214141846, 2.6780083179473877, 2.6484954357147217, 2.62041974067688, 2.593719005584717, 2.568336009979248, 2.5442166328430176, 2.521311044692993, 2.499573230743408, 2.478959798812866, 2.459430694580078, 2.440948963165283, 2.4234793186187744, 2.4069902896881104, 2.391451597213745, 2.376835823059082, 2.36311674118042, 2.350271224975586, 2.3382766246795654, 2.327113389968872, 2.3167622089385986, 2.307206392288208, 2.2984302043914795, 2.290419578552246, 2.2831614017486572, 2.276644229888916, 2.270857810974121, 2.2657928466796875, 2.261441946029663, 2.2577977180480957, 2.254854679107666, 2.25260853767395, 2.2510557174682617, 2.2501938343048096, 2.250021457672119, 2.2505385875701904, 2.2517457008361816, 2.2536447048187256, 2.2562389373779297, 2.2595317363739014, 2.26352858543396, 2.268235683441162, 2.273660182952881, 2.279810905456543, 2.2866971492767334, 2.29433012008667, 2.3027217388153076, 2.3118858337402344, 2.3218374252319336, 2.332592248916626, 2.3441689014434814, 2.356586217880249, 2.369865655899048, 2.3840301036834717, 2.399103879928589, 2.415114164352417, 2.4320895671844482, 2.450061082839966, 2.469062089920044, 2.489128589630127, 2.51029896736145, 2.5326151847839355, 2.556121587753296, 2.5808663368225098, 2.606901168823242, 2.634281873703003, 2.6630680561065674, 2.693324565887451, 2.725120782852173, 2.7585318088531494, 2.7936384677886963, 2.830528497695923, 2.8692965507507324, 2.9100451469421387, 2.952885150909424, 2.9979372024536133, 3.045332908630371, 3.095214366912842, 3.147737503051758, 3.18487811088562, 3.1393723487854004, 3.0986382961273193, 3.0625979900360107, 3.004856586456299, 2.9525108337402344, 2.9048876762390137, 2.8652853965759277, 2.8276031017303467, 2.791743040084839, 2.757615327835083, 2.7251365184783936, 2.6942296028137207, 2.664822816848755, 2.636850118637085, 2.6102497577667236, 2.5849647521972656, 2.560941696166992, 2.5381312370300293, 2.5164878368377686, 2.4959683418273926, 2.4765331745147705, 2.4581456184387207, 2.4407711029052734, 2.424377918243408, 2.4089362621307373, 2.3944191932678223, 2.380800724029541, 2.3680574893951416, 2.356167793273926, 2.345111846923828, 2.3348708152770996, 2.3254282474517822, 2.3167684078216553, 2.308877468109131, 2.3017427921295166, 2.2953529357910156, 2.2896978855133057, 2.284768581390381, 2.280557870864868, 2.2770586013793945, 2.2742655277252197, 2.272174596786499, 2.270782470703125, 2.2700870037078857, 2.2700870037078857, 2.270782470703125, 2.272174596786499, 2.2742655277252197, 2.2770586013793945, 2.280557870864868, 2.284768581390381, 2.2896978855133057, 2.2953529357910156, 2.3017427921295166, 2.308877468109131, 2.3167684078216553, 2.3254282474517822, 2.3348708152770996, 2.345111846923828, 2.356167793273926, 2.3680574893951416, 2.380800724029541, 2.3944191932678223, 2.4089362621307373, 2.424377918243408, 2.4407711029052734, 2.4581456184387207, 2.4765331745147705, 2.4959683418273926, 2.5164878368377686, 2.5381312370300293, 2.560941696166992, 2.5849647521972656, 2.6102497577667236, 2.636850118637085, 2.664822816848755, 2.6942296028137207, 2.7251365184783936, 2.757615327835083, 2.791743040084839, 2.8276031017303467, 2.8652853965759277, 2.9048876762390137, 2.946514844894409, 2.990281820297241, 3.0363128185272217, 3.084742546081543, 3.135718584060669, 3.1894009113311768, 3.22863507270813, 3.2880008220672607, 3.352219581604004, 3.4172816276550293, 3.4896535873413086, 3.561339855194092, 3.642944097518921, 3.722384214401245, 3.805649995803833, 3.903143882751465, 3.996335506439209, 4.1185150146484375, 4.235739707946777, 4.346676826477051, 4.480828762054443, 4.607509136199951, 4.765298366546631, 4.930536270141602, 5.109173774719238, 5.277077674865723, 5.480167865753174, 5.704845905303955, 5.963286399841309, 6.219219207763672, 6.192437648773193, 6.219669342041016, 6.182716369628906, 6.148071765899658, 6.115675926208496, 6.085474014282227, 6.05741548538208, 6.031453609466553, 6.007545471191406, 5.985651969909668, 5.965738773345947, 5.947772979736328, 5.931726932525635, 5.917574882507324, 5.905294895172119, 5.894867420196533, 5.8862762451171875, 5.879508972167969, 5.87455415725708, 5.871405124664307, 5.87005615234375, 5.8705058097839355, 5.8727545738220215, 5.876805782318115, 5.882665634155273, 5.890343189239502, 5.899850368499756, 5.9112019538879395, 5.924415588378906, 5.939511775970459, 5.956514358520508, 5.975450038909912, 5.996349334716797, 6.019245147705078, 6.044175148010254, 6.0711798667907715, 6.100304126739502, 6.131596088409424, 6.165109157562256, 6.200900554656982, 6.239031791687012, 6.279570579528809, 6.3225884437561035, 6.368164539337158, 6.416381359100342, 6.461491107940674, 6.521108627319336, 6.577820777893066, 6.63757848739624, 6.700503349304199, 6.628393173217773, 6.446441650390625, 6.35986328125, 6.42872428894043, 6.513701915740967, 6.592072010040283, 6.67441987991333, 6.76094913482666, 6.851877212524414, 6.947441577911377, 7.047898769378662, 7.153526782989502, 7.2646284103393555, 7.245090007781982, 7.125522136688232, 7.010772228240967, 6.895569801330566, 6.755960941314697, 6.6731648445129395, 6.570211887359619, 6.472339630126953, 6.379265785217285, 6.290730953216553, 6.206494331359863, 6.126336097717285, 6.050051212310791, 5.977451324462891, 5.908361434936523, 5.842619895935059, 5.780076026916504, 5.720591068267822, 5.664034843444824, 5.610287666320801, 5.559237957000732, 5.510781288146973, 5.464821815490723, 5.421269416809082, 5.380040645599365, 5.341058254241943, 5.304249286651611, 5.269547462463379, 4.284728527069092, 4.259634971618652, 4.236123561859131, 4.21415376663208, 4.193688869476318, 4.174694538116455, 4.157138824462891, 4.140993595123291, 4.126232147216797, 4.112830638885498, 4.100768566131592, 4.090025424957275, 4.080585479736328, 4.0724334716796875, 4.06555700302124, 4.059945106506348, 4.055589199066162, 4.052482604980469, 4.0506205558776855, 4.050000190734863]
intensities: [0.0, 0.0, 0.0, 0.0, 0.0, 0.0, 0.0, 0.0, 0.0, 0.0, 0.0, 0.0, 0.0, 0.0, 0.0, 0.0, 0.0, 0.0, 0.0, 0.0, 0.0, 0.0, 0.0, 0.0, 0.0, 0.0, 0.0, 0.0, 0.0, 0.0, 0.0, 0.0, 0.0, 0.0, 0.0, 0.0, 0.0, 0.0, 0.0, 0.0, 0.0, 0.0, 0.0, 0.0, 0.0, 0.0, 0.0, 0.0, 0.0, 0.0, 0.0, 0.0, 0.0, 0.0, 0.0, 0.0, 0.0, 0.0, 0.0, 0.0, 0.0, 0.0, 0.0, 0.0, 0.0, 0.0, 0.0, 0.0, 0.0, 0.0, 0.0, 0.0, 0.0, 0.0, 0.0, 0.0, 0.0, 0.0, 0.0, 0.0, 0.0, 0.0, 0.0, 0.0, 0.0, 0.0, 0.0, 0.0, 0.0, 0.0, 0.0, 0.0, 0.0, 0.0, 0.0, 0.0, 0.0, 0.0, 0.0, 0.0, 0.0, 0.0, 0.0, 0.0, 0.0, 0.0, 0.0, 0.0, 0.0, 0.0, 0.0, 0.0, 0.0, 0.0, 0.0, 0.0, 0.0, 0.0, 0.0, 0.0, 0.0, 0.0, 0.0, 0.0, 0.0, 0.0, 0.0, 0.0, 0.0, 0.0, 0.0, 0.0, 0.0, 0.0, 0.0, 0.0, 0.0, 0.0, 0.0, 0.0, 0.0, 0.0, 0.0, 0.0, 0.0, 0.0, 0.0, 0.0, 0.0, 0.0, 0.0, 0.0, 0.0, 0.0, 0.0, 0.0, 0.0, 0.0, 0.0, 0.0, 0.0, 0.0, 0.0, 0.0, 0.0, 0.0, 0.0, 0.0, 0.0, 0.0, 0.0, 0.0, 0.0, 0.0, 0.0, 0.0, 0.0, 0.0, 0.0, 0.0, 0.0, 0.0, 0.0, 0.0, 0.0, 0.0, 0.0, 0.0, 0.0, 0.0, 0.0, 0.0, 0.0, 0.0, 0.0, 0.0, 0.0, 0.0, 0.0, 0.0, 0.0, 0.0, 0.0, 0.0, 0.0, 0.0, 0.0, 0.0, 0.0, 0.0, 0.0, 0.0, 0.0, 0.0, 0.0, 0.0, 0.0, 0.0, 0.0, 0.0, 0.0, 0.0, 0.0, 0.0, 0.0, 0.0, 0.0, 0.0, 0.0, 0.0, 0.0, 0.0, 0.0, 0.0, 0.0, 0.0, 0.0, 0.0, 0.0, 0.0, 0.0, 0.0, 0.0, 0.0, 0.0, 0.0, 0.0, 0.0, 0.0, 0.0, 0.0, 0.0, 0.0, 0.0, 0.0, 0.0, 0.0, 0.0, 0.0, 0.0, 0.0, 0.0, 0.0, 0.0, 0.0, 0.0, 0.0, 0.0, 0.0, 0.0, 0.0, 0.0, 0.0, 0.0, 0.0, 0.0, 0.0, 0.0, 0.0, 0.0, 0.0, 0.0, 0.0, 0.0, 0.0, 0.0, 0.0, 0.0, 0.0, 0.0, 0.0, 0.0, 0.0, 0.0, 0.0, 0.0, 0.0, 0.0, 0.0, 0.0, 0.0, 0.0, 0.0, 0.0, 0.0, 0.0, 0.0, 0.0, 0.0, 0.0, 0.0, 0.0, 0.0, 0.0, 0.0, 0.0, 0.0, 0.0, 0.0, 0.0, 0.0, 0.0, 0.0, 0.0, 0.0, 0.0, 0.0, 0.0, 0.0, 0.0, 0.0, 0.0, 0.0, 0.0, 0.0, 0.0, 0.0, 0.0, 0.0, 0.0, 0.0, 0.0, 0.0, 0.0, 0.0, 0.0, 0.0, 0.0, 0.0, 0.0, 0.0, 0.0, 0.0, 0.0, 0.0, 0.0, 0.0, 0.0, 0.0, 0.0]
---
header: 
  seq: 1507
  stamp: 
    secs: 150
    nsecs: 800000000
  frame_id: "base_laser_link"
angle_min: -3.14159274101
angle_max: 3.14159274101
angle_increment: 0.0175019092858
time_increment: 0.0
scan_time: 0.0
range_min: 0.15000000596
range_max: 16.0
ranges: [4.050000190734863, 4.0506205558776855, 4.052482604980469, 4.055589199066162, 4.059945106506348, 3.6238667964935303, 3.6299962997436523, 3.6372625827789307, 3.645677089691162, 3.655252695083618, 3.6660046577453613, 3.677950143814087, 3.691107988357544, 3.7054991722106934, 3.7211475372314453, 3.7380783557891846, 3.756319999694824, 3.775902509689331, 3.7968597412109375, 3.8192269802093506, 3.843043565750122, 3.868351459503174, 3.895195960998535, 3.9236257076263428, 3.9536936283111572, 3.9854559898376465, 4.0189738273620605, 4.054312705993652, 4.0724711418151855, 4.114108085632324, 4.168333053588867, 4.203236103057861, 4.208346366882324, 4.116488933563232, 4.004476547241211, 3.895493984222412, 3.81390643119812, 3.710172653198242, 3.633819103240967, 3.559828281402588, 3.48795485496521, 3.4179699420928955, 3.3496580123901367, 3.2828145027160645, 3.2172446250915527, 3.175041913986206, 3.1211354732513428, 3.069953441619873, 3.0213334560394287, 2.9751267433166504, 2.9311962127685547, 2.889416456222534, 2.8496716022491455, 2.811854839324951, 2.7758679389953613, 2.74161958694458, 2.7090256214141846, 2.6780083179473877, 2.6484954357147217, 2.62041974067688, 2.593719005584717, 2.568336009979248, 2.5442166328430176, 2.521311044692993, 2.499573230743408, 2.478959798812866, 2.459430694580078, 2.440948963165283, 2.4234793186187744, 2.4069902896881104, 2.391451597213745, 2.376835823059082, 2.36311674118042, 2.350271224975586, 2.3382766246795654, 2.327113389968872, 2.3167622089385986, 2.307206392288208, 2.2984302043914795, 2.290419578552246, 2.2831614017486572, 2.276644229888916, 2.270857810974121, 2.2657928466796875, 2.261441946029663, 2.2577977180480957, 2.254854679107666, 2.25260853767395, 2.2510557174682617, 2.2501938343048096, 2.250021457672119, 2.2505385875701904, 2.2517457008361816, 2.2536447048187256, 2.2562389373779297, 2.2595317363739014, 2.26352858543396, 2.268235683441162, 2.273660182952881, 2.279810905456543, 2.2866971492767334, 2.29433012008667, 2.3027217388153076, 2.3118858337402344, 2.3218374252319336, 2.332592248916626, 2.3441689014434814, 2.356586217880249, 2.369865655899048, 2.3840301036834717, 2.399103879928589, 2.415114164352417, 2.4320895671844482, 2.450061082839966, 2.469062089920044, 2.489128589630127, 2.51029896736145, 2.5326151847839355, 2.556121587753296, 2.5808663368225098, 2.606901168823242, 2.634281873703003, 2.6630680561065674, 2.693324565887451, 2.725120782852173, 2.7585318088531494, 2.7936384677886963, 2.830528497695923, 2.8692965507507324, 2.9100451469421387, 2.952885150909424, 2.9979372024536133, 3.045332908630371, 3.095214366912842, 3.147737503051758, 3.18487811088562, 3.1393723487854004, 3.0986382961273193, 3.0625979900360107, 3.004856586456299, 2.9525108337402344, 2.9048876762390137, 2.8652853965759277, 2.8276031017303467, 2.791743040084839, 2.757615327835083, 2.7251365184783936, 2.6942296028137207, 2.664822816848755, 2.636850118637085, 2.6102497577667236, 2.5849647521972656, 2.560941696166992, 2.5381312370300293, 2.5164878368377686, 2.4959683418273926, 2.4765331745147705, 2.4581456184387207, 2.4407711029052734, 2.424377918243408, 2.4089362621307373, 2.3944191932678223, 2.380800724029541, 2.3680574893951416, 2.356167793273926, 2.345111846923828, 2.3348708152770996, 2.3254282474517822, 2.3167684078216553, 2.308877468109131, 2.3017427921295166, 2.2953529357910156, 2.2896978855133057, 2.284768581390381, 2.280557870864868, 2.2770586013793945, 2.2742655277252197, 2.272174596786499, 2.270782470703125, 2.2700870037078857, 2.2700870037078857, 2.270782470703125, 2.272174596786499, 2.2742655277252197, 2.2770586013793945, 2.280557870864868, 2.284768581390381, 2.2896978855133057, 2.2953529357910156, 2.3017427921295166, 2.308877468109131, 2.3167684078216553, 2.3254282474517822, 2.3348708152770996, 2.345111846923828, 2.356167793273926, 2.3680574893951416, 2.380800724029541, 2.3944191932678223, 2.4089362621307373, 2.424377918243408, 2.4407711029052734, 2.4581456184387207, 2.4765331745147705, 2.4959683418273926, 2.5164878368377686, 2.5381312370300293, 2.560941696166992, 2.5849647521972656, 2.6102497577667236, 2.636850118637085, 2.664822816848755, 2.6942296028137207, 2.7251365184783936, 2.757615327835083, 2.791743040084839, 2.8276031017303467, 2.8652853965759277, 2.9048876762390137, 2.946514844894409, 2.990281820297241, 3.0363128185272217, 3.084742546081543, 3.135718584060669, 3.1894009113311768, 3.22863507270813, 3.2880008220672607, 3.352219581604004, 3.4172816276550293, 3.4896535873413086, 3.561339855194092, 3.642944097518921, 3.722384214401245, 3.805649995803833, 3.903143882751465, 3.996335506439209, 4.1185150146484375, 4.235739707946777, 4.346676826477051, 4.480828762054443, 4.607509136199951, 4.765298366546631, 4.930536270141602, 5.109173774719238, 5.277077674865723, 5.480167865753174, 5.704845905303955, 5.963286399841309, 6.219219207763672, 6.192437648773193, 6.219669342041016, 6.182716369628906, 6.148071765899658, 6.115675926208496, 6.085474014282227, 6.05741548538208, 6.031453609466553, 6.007545471191406, 5.985651969909668, 5.965738773345947, 5.947772979736328, 5.931726932525635, 5.917574882507324, 5.905294895172119, 5.894867420196533, 5.8862762451171875, 5.879508972167969, 5.87455415725708, 5.871405124664307, 5.87005615234375, 5.8705058097839355, 5.8727545738220215, 5.876805782318115, 5.882665634155273, 5.890343189239502, 5.899850368499756, 5.9112019538879395, 5.924415588378906, 5.939511775970459, 5.956514358520508, 5.975450038909912, 5.996349334716797, 6.019245147705078, 6.044175148010254, 6.0711798667907715, 6.100304126739502, 6.131596088409424, 6.165109157562256, 6.200900554656982, 6.239031791687012, 6.279570579528809, 6.3225884437561035, 6.368164539337158, 6.416381359100342, 6.461491107940674, 6.521108627319336, 6.577820777893066, 6.63757848739624, 6.700503349304199, 6.628393173217773, 6.446441650390625, 6.35986328125, 6.42872428894043, 6.513701915740967, 6.592072010040283, 6.67441987991333, 6.76094913482666, 6.851877212524414, 6.947441577911377, 7.047898769378662, 7.153526782989502, 7.2646284103393555, 7.245090007781982, 7.125522136688232, 7.010772228240967, 6.895569801330566, 6.755960941314697, 6.6731648445129395, 6.570211887359619, 6.472339630126953, 6.379265785217285, 6.290730953216553, 6.206494331359863, 6.126336097717285, 6.050051212310791, 5.977451324462891, 5.908361434936523, 5.842619895935059, 5.780076026916504, 5.720591068267822, 5.664034843444824, 5.610287666320801, 5.559237957000732, 5.510781288146973, 5.464821815490723, 5.421269416809082, 5.380040645599365, 5.341058254241943, 5.304249286651611, 5.269547462463379, 4.284728527069092, 4.259634971618652, 4.236123561859131, 4.21415376663208, 4.193688869476318, 4.174694538116455, 4.157138824462891, 4.140993595123291, 4.126232147216797, 4.112830638885498, 4.100768566131592, 4.090025424957275, 4.080585479736328, 4.0724334716796875, 4.06555700302124, 4.059945106506348, 4.055589199066162, 4.052482604980469, 4.0506205558776855, 4.050000190734863]
intensities: [0.0, 0.0, 0.0, 0.0, 0.0, 0.0, 0.0, 0.0, 0.0, 0.0, 0.0, 0.0, 0.0, 0.0, 0.0, 0.0, 0.0, 0.0, 0.0, 0.0, 0.0, 0.0, 0.0, 0.0, 0.0, 0.0, 0.0, 0.0, 0.0, 0.0, 0.0, 0.0, 0.0, 0.0, 0.0, 0.0, 0.0, 0.0, 0.0, 0.0, 0.0, 0.0, 0.0, 0.0, 0.0, 0.0, 0.0, 0.0, 0.0, 0.0, 0.0, 0.0, 0.0, 0.0, 0.0, 0.0, 0.0, 0.0, 0.0, 0.0, 0.0, 0.0, 0.0, 0.0, 0.0, 0.0, 0.0, 0.0, 0.0, 0.0, 0.0, 0.0, 0.0, 0.0, 0.0, 0.0, 0.0, 0.0, 0.0, 0.0, 0.0, 0.0, 0.0, 0.0, 0.0, 0.0, 0.0, 0.0, 0.0, 0.0, 0.0, 0.0, 0.0, 0.0, 0.0, 0.0, 0.0, 0.0, 0.0, 0.0, 0.0, 0.0, 0.0, 0.0, 0.0, 0.0, 0.0, 0.0, 0.0, 0.0, 0.0, 0.0, 0.0, 0.0, 0.0, 0.0, 0.0, 0.0, 0.0, 0.0, 0.0, 0.0, 0.0, 0.0, 0.0, 0.0, 0.0, 0.0, 0.0, 0.0, 0.0, 0.0, 0.0, 0.0, 0.0, 0.0, 0.0, 0.0, 0.0, 0.0, 0.0, 0.0, 0.0, 0.0, 0.0, 0.0, 0.0, 0.0, 0.0, 0.0, 0.0, 0.0, 0.0, 0.0, 0.0, 0.0, 0.0, 0.0, 0.0, 0.0, 0.0, 0.0, 0.0, 0.0, 0.0, 0.0, 0.0, 0.0, 0.0, 0.0, 0.0, 0.0, 0.0, 0.0, 0.0, 0.0, 0.0, 0.0, 0.0, 0.0, 0.0, 0.0, 0.0, 0.0, 0.0, 0.0, 0.0, 0.0, 0.0, 0.0, 0.0, 0.0, 0.0, 0.0, 0.0, 0.0, 0.0, 0.0, 0.0, 0.0, 0.0, 0.0, 0.0, 0.0, 0.0, 0.0, 0.0, 0.0, 0.0, 0.0, 0.0, 0.0, 0.0, 0.0, 0.0, 0.0, 0.0, 0.0, 0.0, 0.0, 0.0, 0.0, 0.0, 0.0, 0.0, 0.0, 0.0, 0.0, 0.0, 0.0, 0.0, 0.0, 0.0, 0.0, 0.0, 0.0, 0.0, 0.0, 0.0, 0.0, 0.0, 0.0, 0.0, 0.0, 0.0, 0.0, 0.0, 0.0, 0.0, 0.0, 0.0, 0.0, 0.0, 0.0, 0.0, 0.0, 0.0, 0.0, 0.0, 0.0, 0.0, 0.0, 0.0, 0.0, 0.0, 0.0, 0.0, 0.0, 0.0, 0.0, 0.0, 0.0, 0.0, 0.0, 0.0, 0.0, 0.0, 0.0, 0.0, 0.0, 0.0, 0.0, 0.0, 0.0, 0.0, 0.0, 0.0, 0.0, 0.0, 0.0, 0.0, 0.0, 0.0, 0.0, 0.0, 0.0, 0.0, 0.0, 0.0, 0.0, 0.0, 0.0, 0.0, 0.0, 0.0, 0.0, 0.0, 0.0, 0.0, 0.0, 0.0, 0.0, 0.0, 0.0, 0.0, 0.0, 0.0, 0.0, 0.0, 0.0, 0.0, 0.0, 0.0, 0.0, 0.0, 0.0, 0.0, 0.0, 0.0, 0.0, 0.0, 0.0, 0.0, 0.0, 0.0, 0.0, 0.0, 0.0, 0.0, 0.0, 0.0, 0.0, 0.0, 0.0, 0.0, 0.0, 0.0, 0.0, 0.0, 0.0, 0.0, 0.0, 0.0, 0.0, 0.0, 0.0, 0.0, 0.0, 0.0, 0.0]
---
header: 
  seq: 1508
  stamp: 
    secs: 150
    nsecs: 900000000
  frame_id: "base_laser_link"
angle_min: -3.14159274101
angle_max: 3.14159274101
angle_increment: 0.0175019092858
time_increment: 0.0
scan_time: 0.0
range_min: 0.15000000596
range_max: 16.0
ranges: [4.050000190734863, 4.0506205558776855, 4.052482604980469, 4.055589199066162, 4.059945106506348, 3.6238667964935303, 3.6299962997436523, 3.6372625827789307, 3.645677089691162, 3.655252695083618, 3.6660046577453613, 3.677950143814087, 3.691107988357544, 3.7054991722106934, 3.7211475372314453, 3.7380783557891846, 3.756319999694824, 3.775902509689331, 3.7968597412109375, 3.8192269802093506, 3.843043565750122, 3.868351459503174, 3.895195960998535, 3.9236257076263428, 3.9536936283111572, 3.9854559898376465, 4.0189738273620605, 4.054312705993652, 4.0724711418151855, 4.114108085632324, 4.168333053588867, 4.203236103057861, 4.208346366882324, 4.116488933563232, 4.004476547241211, 3.895493984222412, 3.81390643119812, 3.710172653198242, 3.633819103240967, 3.559828281402588, 3.48795485496521, 3.4179699420928955, 3.3496580123901367, 3.2828145027160645, 3.2172446250915527, 3.175041913986206, 3.1211354732513428, 3.069953441619873, 3.0213334560394287, 2.9751267433166504, 2.9311962127685547, 2.889416456222534, 2.8496716022491455, 2.811854839324951, 2.7758679389953613, 2.74161958694458, 2.7090256214141846, 2.6780083179473877, 2.6484954357147217, 2.62041974067688, 2.593719005584717, 2.568336009979248, 2.5442166328430176, 2.521311044692993, 2.499573230743408, 2.478959798812866, 2.459430694580078, 2.440948963165283, 2.4234793186187744, 2.4069902896881104, 2.391451597213745, 2.376835823059082, 2.36311674118042, 2.350271224975586, 2.3382766246795654, 2.327113389968872, 2.3167622089385986, 2.307206392288208, 2.2984302043914795, 2.290419578552246, 2.2831614017486572, 2.276644229888916, 2.270857810974121, 2.2657928466796875, 2.261441946029663, 2.2577977180480957, 2.254854679107666, 2.25260853767395, 2.2510557174682617, 2.2501938343048096, 2.250021457672119, 2.2505385875701904, 2.2517457008361816, 2.2536447048187256, 2.2562389373779297, 2.2595317363739014, 2.26352858543396, 2.268235683441162, 2.273660182952881, 2.279810905456543, 2.2866971492767334, 2.29433012008667, 2.3027217388153076, 2.3118858337402344, 2.3218374252319336, 2.332592248916626, 2.3441689014434814, 2.356586217880249, 2.369865655899048, 2.3840301036834717, 2.399103879928589, 2.415114164352417, 2.4320895671844482, 2.450061082839966, 2.469062089920044, 2.489128589630127, 2.51029896736145, 2.5326151847839355, 2.556121587753296, 2.5808663368225098, 2.606901168823242, 2.634281873703003, 2.6630680561065674, 2.693324565887451, 2.725120782852173, 2.7585318088531494, 2.7936384677886963, 2.830528497695923, 2.8692965507507324, 2.9100451469421387, 2.952885150909424, 2.9979372024536133, 3.045332908630371, 3.095214366912842, 3.147737503051758, 3.18487811088562, 3.1393723487854004, 3.0986382961273193, 3.0625979900360107, 3.004856586456299, 2.9525108337402344, 2.9048876762390137, 2.8652853965759277, 2.8276031017303467, 2.791743040084839, 2.757615327835083, 2.7251365184783936, 2.6942296028137207, 2.664822816848755, 2.636850118637085, 2.6102497577667236, 2.5849647521972656, 2.560941696166992, 2.5381312370300293, 2.5164878368377686, 2.4959683418273926, 2.4765331745147705, 2.4581456184387207, 2.4407711029052734, 2.424377918243408, 2.4089362621307373, 2.3944191932678223, 2.380800724029541, 2.3680574893951416, 2.356167793273926, 2.345111846923828, 2.3348708152770996, 2.3254282474517822, 2.3167684078216553, 2.308877468109131, 2.3017427921295166, 2.2953529357910156, 2.2896978855133057, 2.284768581390381, 2.280557870864868, 2.2770586013793945, 2.2742655277252197, 2.272174596786499, 2.270782470703125, 2.2700870037078857, 2.2700870037078857, 2.270782470703125, 2.272174596786499, 2.2742655277252197, 2.2770586013793945, 2.280557870864868, 2.284768581390381, 2.2896978855133057, 2.2953529357910156, 2.3017427921295166, 2.308877468109131, 2.3167684078216553, 2.3254282474517822, 2.3348708152770996, 2.345111846923828, 2.356167793273926, 2.3680574893951416, 2.380800724029541, 2.3944191932678223, 2.4089362621307373, 2.424377918243408, 2.4407711029052734, 2.4581456184387207, 2.4765331745147705, 2.4959683418273926, 2.5164878368377686, 2.5381312370300293, 2.560941696166992, 2.5849647521972656, 2.6102497577667236, 2.636850118637085, 2.664822816848755, 2.6942296028137207, 2.7251365184783936, 2.757615327835083, 2.791743040084839, 2.8276031017303467, 2.8652853965759277, 2.9048876762390137, 2.946514844894409, 2.990281820297241, 3.0363128185272217, 3.084742546081543, 3.135718584060669, 3.1894009113311768, 3.22863507270813, 3.2880008220672607, 3.352219581604004, 3.4172816276550293, 3.4896535873413086, 3.561339855194092, 3.642944097518921, 3.722384214401245, 3.805649995803833, 3.903143882751465, 3.996335506439209, 4.1185150146484375, 4.235739707946777, 4.346676826477051, 4.480828762054443, 4.607509136199951, 4.765298366546631, 4.930536270141602, 5.109173774719238, 5.277077674865723, 5.480167865753174, 5.704845905303955, 5.963286399841309, 6.219219207763672, 6.192437648773193, 6.219669342041016, 6.182716369628906, 6.148071765899658, 6.115675926208496, 6.085474014282227, 6.05741548538208, 6.031453609466553, 6.007545471191406, 5.985651969909668, 5.965738773345947, 5.947772979736328, 5.931726932525635, 5.917574882507324, 5.905294895172119, 5.894867420196533, 5.8862762451171875, 5.879508972167969, 5.87455415725708, 5.871405124664307, 5.87005615234375, 5.8705058097839355, 5.8727545738220215, 5.876805782318115, 5.882665634155273, 5.890343189239502, 5.899850368499756, 5.9112019538879395, 5.924415588378906, 5.939511775970459, 5.956514358520508, 5.975450038909912, 5.996349334716797, 6.019245147705078, 6.044175148010254, 6.0711798667907715, 6.100304126739502, 6.131596088409424, 6.165109157562256, 6.200900554656982, 6.239031791687012, 6.279570579528809, 6.3225884437561035, 6.368164539337158, 6.416381359100342, 6.461491107940674, 6.521108627319336, 6.577820777893066, 6.63757848739624, 6.700503349304199, 6.628393173217773, 6.446441650390625, 6.35986328125, 6.42872428894043, 6.513701915740967, 6.592072010040283, 6.67441987991333, 6.76094913482666, 6.851877212524414, 6.947441577911377, 7.047898769378662, 7.153526782989502, 7.2646284103393555, 7.245090007781982, 7.125522136688232, 7.010772228240967, 6.895569801330566, 6.755960941314697, 6.6731648445129395, 6.570211887359619, 6.472339630126953, 6.379265785217285, 6.290730953216553, 6.206494331359863, 6.126336097717285, 6.050051212310791, 5.977451324462891, 5.908361434936523, 5.842619895935059, 5.780076026916504, 5.720591068267822, 5.664034843444824, 5.610287666320801, 5.559237957000732, 5.510781288146973, 5.464821815490723, 5.421269416809082, 5.380040645599365, 5.341058254241943, 5.304249286651611, 5.269547462463379, 4.284728527069092, 4.259634971618652, 4.236123561859131, 4.21415376663208, 4.193688869476318, 4.174694538116455, 4.157138824462891, 4.140993595123291, 4.126232147216797, 4.112830638885498, 4.100768566131592, 4.090025424957275, 4.080585479736328, 4.0724334716796875, 4.06555700302124, 4.059945106506348, 4.055589199066162, 4.052482604980469, 4.0506205558776855, 4.050000190734863]
intensities: [0.0, 0.0, 0.0, 0.0, 0.0, 0.0, 0.0, 0.0, 0.0, 0.0, 0.0, 0.0, 0.0, 0.0, 0.0, 0.0, 0.0, 0.0, 0.0, 0.0, 0.0, 0.0, 0.0, 0.0, 0.0, 0.0, 0.0, 0.0, 0.0, 0.0, 0.0, 0.0, 0.0, 0.0, 0.0, 0.0, 0.0, 0.0, 0.0, 0.0, 0.0, 0.0, 0.0, 0.0, 0.0, 0.0, 0.0, 0.0, 0.0, 0.0, 0.0, 0.0, 0.0, 0.0, 0.0, 0.0, 0.0, 0.0, 0.0, 0.0, 0.0, 0.0, 0.0, 0.0, 0.0, 0.0, 0.0, 0.0, 0.0, 0.0, 0.0, 0.0, 0.0, 0.0, 0.0, 0.0, 0.0, 0.0, 0.0, 0.0, 0.0, 0.0, 0.0, 0.0, 0.0, 0.0, 0.0, 0.0, 0.0, 0.0, 0.0, 0.0, 0.0, 0.0, 0.0, 0.0, 0.0, 0.0, 0.0, 0.0, 0.0, 0.0, 0.0, 0.0, 0.0, 0.0, 0.0, 0.0, 0.0, 0.0, 0.0, 0.0, 0.0, 0.0, 0.0, 0.0, 0.0, 0.0, 0.0, 0.0, 0.0, 0.0, 0.0, 0.0, 0.0, 0.0, 0.0, 0.0, 0.0, 0.0, 0.0, 0.0, 0.0, 0.0, 0.0, 0.0, 0.0, 0.0, 0.0, 0.0, 0.0, 0.0, 0.0, 0.0, 0.0, 0.0, 0.0, 0.0, 0.0, 0.0, 0.0, 0.0, 0.0, 0.0, 0.0, 0.0, 0.0, 0.0, 0.0, 0.0, 0.0, 0.0, 0.0, 0.0, 0.0, 0.0, 0.0, 0.0, 0.0, 0.0, 0.0, 0.0, 0.0, 0.0, 0.0, 0.0, 0.0, 0.0, 0.0, 0.0, 0.0, 0.0, 0.0, 0.0, 0.0, 0.0, 0.0, 0.0, 0.0, 0.0, 0.0, 0.0, 0.0, 0.0, 0.0, 0.0, 0.0, 0.0, 0.0, 0.0, 0.0, 0.0, 0.0, 0.0, 0.0, 0.0, 0.0, 0.0, 0.0, 0.0, 0.0, 0.0, 0.0, 0.0, 0.0, 0.0, 0.0, 0.0, 0.0, 0.0, 0.0, 0.0, 0.0, 0.0, 0.0, 0.0, 0.0, 0.0, 0.0, 0.0, 0.0, 0.0, 0.0, 0.0, 0.0, 0.0, 0.0, 0.0, 0.0, 0.0, 0.0, 0.0, 0.0, 0.0, 0.0, 0.0, 0.0, 0.0, 0.0, 0.0, 0.0, 0.0, 0.0, 0.0, 0.0, 0.0, 0.0, 0.0, 0.0, 0.0, 0.0, 0.0, 0.0, 0.0, 0.0, 0.0, 0.0, 0.0, 0.0, 0.0, 0.0, 0.0, 0.0, 0.0, 0.0, 0.0, 0.0, 0.0, 0.0, 0.0, 0.0, 0.0, 0.0, 0.0, 0.0, 0.0, 0.0, 0.0, 0.0, 0.0, 0.0, 0.0, 0.0, 0.0, 0.0, 0.0, 0.0, 0.0, 0.0, 0.0, 0.0, 0.0, 0.0, 0.0, 0.0, 0.0, 0.0, 0.0, 0.0, 0.0, 0.0, 0.0, 0.0, 0.0, 0.0, 0.0, 0.0, 0.0, 0.0, 0.0, 0.0, 0.0, 0.0, 0.0, 0.0, 0.0, 0.0, 0.0, 0.0, 0.0, 0.0, 0.0, 0.0, 0.0, 0.0, 0.0, 0.0, 0.0, 0.0, 0.0, 0.0, 0.0, 0.0, 0.0, 0.0, 0.0, 0.0, 0.0, 0.0, 0.0, 0.0, 0.0, 0.0, 0.0, 0.0, 0.0, 0.0, 0.0, 0.0, 0.0]
---
header: 
  seq: 1509
  stamp: 
    secs: 151
    nsecs:         0
  frame_id: "base_laser_link"
angle_min: -3.14159274101
angle_max: 3.14159274101
angle_increment: 0.0175019092858
time_increment: 0.0
scan_time: 0.0
range_min: 0.15000000596
range_max: 16.0
ranges: [4.050000190734863, 4.0506205558776855, 4.052482604980469, 4.055589199066162, 4.059945106506348, 3.6238667964935303, 3.6299962997436523, 3.6372625827789307, 3.645677089691162, 3.655252695083618, 3.6660046577453613, 3.677950143814087, 3.691107988357544, 3.7054991722106934, 3.7211475372314453, 3.7380783557891846, 3.756319999694824, 3.775902509689331, 3.7968597412109375, 3.8192269802093506, 3.843043565750122, 3.868351459503174, 3.895195960998535, 3.9236257076263428, 3.9536936283111572, 3.9854559898376465, 4.0189738273620605, 4.054312705993652, 4.0724711418151855, 4.114108085632324, 4.168333053588867, 4.203236103057861, 4.208346366882324, 4.116488933563232, 4.004476547241211, 3.895493984222412, 3.81390643119812, 3.710172653198242, 3.633819103240967, 3.559828281402588, 3.48795485496521, 3.4179699420928955, 3.3496580123901367, 3.2828145027160645, 3.2172446250915527, 3.175041913986206, 3.1211354732513428, 3.069953441619873, 3.0213334560394287, 2.9751267433166504, 2.9311962127685547, 2.889416456222534, 2.8496716022491455, 2.811854839324951, 2.7758679389953613, 2.74161958694458, 2.7090256214141846, 2.6780083179473877, 2.6484954357147217, 2.62041974067688, 2.593719005584717, 2.568336009979248, 2.5442166328430176, 2.521311044692993, 2.499573230743408, 2.478959798812866, 2.459430694580078, 2.440948963165283, 2.4234793186187744, 2.4069902896881104, 2.391451597213745, 2.376835823059082, 2.36311674118042, 2.350271224975586, 2.3382766246795654, 2.327113389968872, 2.3167622089385986, 2.307206392288208, 2.2984302043914795, 2.290419578552246, 2.2831614017486572, 2.276644229888916, 2.270857810974121, 2.2657928466796875, 2.261441946029663, 2.2577977180480957, 2.254854679107666, 2.25260853767395, 2.2510557174682617, 2.2501938343048096, 2.250021457672119, 2.2505385875701904, 2.2517457008361816, 2.2536447048187256, 2.2562389373779297, 2.2595317363739014, 2.26352858543396, 2.268235683441162, 2.273660182952881, 2.279810905456543, 2.2866971492767334, 2.29433012008667, 2.3027217388153076, 2.3118858337402344, 2.3218374252319336, 2.332592248916626, 2.3441689014434814, 2.356586217880249, 2.369865655899048, 2.3840301036834717, 2.399103879928589, 2.415114164352417, 2.4320895671844482, 2.450061082839966, 2.469062089920044, 2.489128589630127, 2.51029896736145, 2.5326151847839355, 2.556121587753296, 2.5808663368225098, 2.606901168823242, 2.634281873703003, 2.6630680561065674, 2.693324565887451, 2.725120782852173, 2.7585318088531494, 2.7936384677886963, 2.830528497695923, 2.8692965507507324, 2.9100451469421387, 2.952885150909424, 2.9979372024536133, 3.045332908630371, 3.095214366912842, 3.147737503051758, 3.18487811088562, 3.1393723487854004, 3.0986382961273193, 3.0625979900360107, 3.004856586456299, 2.9525108337402344, 2.9048876762390137, 2.8652853965759277, 2.8276031017303467, 2.791743040084839, 2.757615327835083, 2.7251365184783936, 2.6942296028137207, 2.664822816848755, 2.636850118637085, 2.6102497577667236, 2.5849647521972656, 2.560941696166992, 2.5381312370300293, 2.5164878368377686, 2.4959683418273926, 2.4765331745147705, 2.4581456184387207, 2.4407711029052734, 2.424377918243408, 2.4089362621307373, 2.3944191932678223, 2.380800724029541, 2.3680574893951416, 2.356167793273926, 2.345111846923828, 2.3348708152770996, 2.3254282474517822, 2.3167684078216553, 2.308877468109131, 2.3017427921295166, 2.2953529357910156, 2.2896978855133057, 2.284768581390381, 2.280557870864868, 2.2770586013793945, 2.2742655277252197, 2.272174596786499, 2.270782470703125, 2.2700870037078857, 2.2700870037078857, 2.270782470703125, 2.272174596786499, 2.2742655277252197, 2.2770586013793945, 2.280557870864868, 2.284768581390381, 2.2896978855133057, 2.2953529357910156, 2.3017427921295166, 2.308877468109131, 2.3167684078216553, 2.3254282474517822, 2.3348708152770996, 2.345111846923828, 2.356167793273926, 2.3680574893951416, 2.380800724029541, 2.3944191932678223, 2.4089362621307373, 2.424377918243408, 2.4407711029052734, 2.4581456184387207, 2.4765331745147705, 2.4959683418273926, 2.5164878368377686, 2.5381312370300293, 2.560941696166992, 2.5849647521972656, 2.6102497577667236, 2.636850118637085, 2.664822816848755, 2.6942296028137207, 2.7251365184783936, 2.757615327835083, 2.791743040084839, 2.8276031017303467, 2.8652853965759277, 2.9048876762390137, 2.946514844894409, 2.990281820297241, 3.0363128185272217, 3.084742546081543, 3.135718584060669, 3.1894009113311768, 3.22863507270813, 3.2880008220672607, 3.352219581604004, 3.4172816276550293, 3.4896535873413086, 3.561339855194092, 3.642944097518921, 3.722384214401245, 3.805649995803833, 3.903143882751465, 3.996335506439209, 4.1185150146484375, 4.235739707946777, 4.346676826477051, 4.480828762054443, 4.607509136199951, 4.765298366546631, 4.930536270141602, 5.109173774719238, 5.277077674865723, 5.480167865753174, 5.704845905303955, 5.963286399841309, 6.219219207763672, 6.192437648773193, 6.219669342041016, 6.182716369628906, 6.148071765899658, 6.115675926208496, 6.085474014282227, 6.05741548538208, 6.031453609466553, 6.007545471191406, 5.985651969909668, 5.965738773345947, 5.947772979736328, 5.931726932525635, 5.917574882507324, 5.905294895172119, 5.894867420196533, 5.8862762451171875, 5.879508972167969, 5.87455415725708, 5.871405124664307, 5.87005615234375, 5.8705058097839355, 5.8727545738220215, 5.876805782318115, 5.882665634155273, 5.890343189239502, 5.899850368499756, 5.9112019538879395, 5.924415588378906, 5.939511775970459, 5.956514358520508, 5.975450038909912, 5.996349334716797, 6.019245147705078, 6.044175148010254, 6.0711798667907715, 6.100304126739502, 6.131596088409424, 6.165109157562256, 6.200900554656982, 6.239031791687012, 6.279570579528809, 6.3225884437561035, 6.368164539337158, 6.416381359100342, 6.461491107940674, 6.521108627319336, 6.577820777893066, 6.63757848739624, 6.700503349304199, 6.628393173217773, 6.446441650390625, 6.35986328125, 6.42872428894043, 6.513701915740967, 6.592072010040283, 6.67441987991333, 6.76094913482666, 6.851877212524414, 6.947441577911377, 7.047898769378662, 7.153526782989502, 7.2646284103393555, 7.245090007781982, 7.125522136688232, 7.010772228240967, 6.895569801330566, 6.755960941314697, 6.6731648445129395, 6.570211887359619, 6.472339630126953, 6.379265785217285, 6.290730953216553, 6.206494331359863, 6.126336097717285, 6.050051212310791, 5.977451324462891, 5.908361434936523, 5.842619895935059, 5.780076026916504, 5.720591068267822, 5.664034843444824, 5.610287666320801, 5.559237957000732, 5.510781288146973, 5.464821815490723, 5.421269416809082, 5.380040645599365, 5.341058254241943, 5.304249286651611, 5.269547462463379, 4.284728527069092, 4.259634971618652, 4.236123561859131, 4.21415376663208, 4.193688869476318, 4.174694538116455, 4.157138824462891, 4.140993595123291, 4.126232147216797, 4.112830638885498, 4.100768566131592, 4.090025424957275, 4.080585479736328, 4.0724334716796875, 4.06555700302124, 4.059945106506348, 4.055589199066162, 4.052482604980469, 4.0506205558776855, 4.050000190734863]
intensities: [0.0, 0.0, 0.0, 0.0, 0.0, 0.0, 0.0, 0.0, 0.0, 0.0, 0.0, 0.0, 0.0, 0.0, 0.0, 0.0, 0.0, 0.0, 0.0, 0.0, 0.0, 0.0, 0.0, 0.0, 0.0, 0.0, 0.0, 0.0, 0.0, 0.0, 0.0, 0.0, 0.0, 0.0, 0.0, 0.0, 0.0, 0.0, 0.0, 0.0, 0.0, 0.0, 0.0, 0.0, 0.0, 0.0, 0.0, 0.0, 0.0, 0.0, 0.0, 0.0, 0.0, 0.0, 0.0, 0.0, 0.0, 0.0, 0.0, 0.0, 0.0, 0.0, 0.0, 0.0, 0.0, 0.0, 0.0, 0.0, 0.0, 0.0, 0.0, 0.0, 0.0, 0.0, 0.0, 0.0, 0.0, 0.0, 0.0, 0.0, 0.0, 0.0, 0.0, 0.0, 0.0, 0.0, 0.0, 0.0, 0.0, 0.0, 0.0, 0.0, 0.0, 0.0, 0.0, 0.0, 0.0, 0.0, 0.0, 0.0, 0.0, 0.0, 0.0, 0.0, 0.0, 0.0, 0.0, 0.0, 0.0, 0.0, 0.0, 0.0, 0.0, 0.0, 0.0, 0.0, 0.0, 0.0, 0.0, 0.0, 0.0, 0.0, 0.0, 0.0, 0.0, 0.0, 0.0, 0.0, 0.0, 0.0, 0.0, 0.0, 0.0, 0.0, 0.0, 0.0, 0.0, 0.0, 0.0, 0.0, 0.0, 0.0, 0.0, 0.0, 0.0, 0.0, 0.0, 0.0, 0.0, 0.0, 0.0, 0.0, 0.0, 0.0, 0.0, 0.0, 0.0, 0.0, 0.0, 0.0, 0.0, 0.0, 0.0, 0.0, 0.0, 0.0, 0.0, 0.0, 0.0, 0.0, 0.0, 0.0, 0.0, 0.0, 0.0, 0.0, 0.0, 0.0, 0.0, 0.0, 0.0, 0.0, 0.0, 0.0, 0.0, 0.0, 0.0, 0.0, 0.0, 0.0, 0.0, 0.0, 0.0, 0.0, 0.0, 0.0, 0.0, 0.0, 0.0, 0.0, 0.0, 0.0, 0.0, 0.0, 0.0, 0.0, 0.0, 0.0, 0.0, 0.0, 0.0, 0.0, 0.0, 0.0, 0.0, 0.0, 0.0, 0.0, 0.0, 0.0, 0.0, 0.0, 0.0, 0.0, 0.0, 0.0, 0.0, 0.0, 0.0, 0.0, 0.0, 0.0, 0.0, 0.0, 0.0, 0.0, 0.0, 0.0, 0.0, 0.0, 0.0, 0.0, 0.0, 0.0, 0.0, 0.0, 0.0, 0.0, 0.0, 0.0, 0.0, 0.0, 0.0, 0.0, 0.0, 0.0, 0.0, 0.0, 0.0, 0.0, 0.0, 0.0, 0.0, 0.0, 0.0, 0.0, 0.0, 0.0, 0.0, 0.0, 0.0, 0.0, 0.0, 0.0, 0.0, 0.0, 0.0, 0.0, 0.0, 0.0, 0.0, 0.0, 0.0, 0.0, 0.0, 0.0, 0.0, 0.0, 0.0, 0.0, 0.0, 0.0, 0.0, 0.0, 0.0, 0.0, 0.0, 0.0, 0.0, 0.0, 0.0, 0.0, 0.0, 0.0, 0.0, 0.0, 0.0, 0.0, 0.0, 0.0, 0.0, 0.0, 0.0, 0.0, 0.0, 0.0, 0.0, 0.0, 0.0, 0.0, 0.0, 0.0, 0.0, 0.0, 0.0, 0.0, 0.0, 0.0, 0.0, 0.0, 0.0, 0.0, 0.0, 0.0, 0.0, 0.0, 0.0, 0.0, 0.0, 0.0, 0.0, 0.0, 0.0, 0.0, 0.0, 0.0, 0.0, 0.0, 0.0, 0.0, 0.0, 0.0, 0.0, 0.0, 0.0, 0.0, 0.0, 0.0, 0.0, 0.0]
---
header: 
  seq: 1510
  stamp: 
    secs: 151
    nsecs: 100000000
  frame_id: "base_laser_link"
angle_min: -3.14159274101
angle_max: 3.14159274101
angle_increment: 0.0175019092858
time_increment: 0.0
scan_time: 0.0
range_min: 0.15000000596
range_max: 16.0
ranges: [4.050000190734863, 4.0506205558776855, 4.052482604980469, 4.055589199066162, 4.059945106506348, 3.6238667964935303, 3.6299962997436523, 3.6372625827789307, 3.645677089691162, 3.655252695083618, 3.6660046577453613, 3.677950143814087, 3.691107988357544, 3.7054991722106934, 3.7211475372314453, 3.7380783557891846, 3.756319999694824, 3.775902509689331, 3.7968597412109375, 3.8192269802093506, 3.843043565750122, 3.868351459503174, 3.895195960998535, 3.9236257076263428, 3.9536936283111572, 3.9854559898376465, 4.0189738273620605, 4.054312705993652, 4.0724711418151855, 4.114108085632324, 4.168333053588867, 4.203236103057861, 4.208346366882324, 4.116488933563232, 4.004476547241211, 3.895493984222412, 3.81390643119812, 3.710172653198242, 3.633819103240967, 3.559828281402588, 3.48795485496521, 3.4179699420928955, 3.3496580123901367, 3.2828145027160645, 3.2172446250915527, 3.175041913986206, 3.1211354732513428, 3.069953441619873, 3.0213334560394287, 2.9751267433166504, 2.9311962127685547, 2.889416456222534, 2.8496716022491455, 2.811854839324951, 2.7758679389953613, 2.74161958694458, 2.7090256214141846, 2.6780083179473877, 2.6484954357147217, 2.62041974067688, 2.593719005584717, 2.568336009979248, 2.5442166328430176, 2.521311044692993, 2.499573230743408, 2.478959798812866, 2.459430694580078, 2.440948963165283, 2.4234793186187744, 2.4069902896881104, 2.391451597213745, 2.376835823059082, 2.36311674118042, 2.350271224975586, 2.3382766246795654, 2.327113389968872, 2.3167622089385986, 2.307206392288208, 2.2984302043914795, 2.290419578552246, 2.2831614017486572, 2.276644229888916, 2.270857810974121, 2.2657928466796875, 2.261441946029663, 2.2577977180480957, 2.254854679107666, 2.25260853767395, 2.2510557174682617, 2.2501938343048096, 2.250021457672119, 2.2505385875701904, 2.2517457008361816, 2.2536447048187256, 2.2562389373779297, 2.2595317363739014, 2.26352858543396, 2.268235683441162, 2.273660182952881, 2.279810905456543, 2.2866971492767334, 2.29433012008667, 2.3027217388153076, 2.3118858337402344, 2.3218374252319336, 2.332592248916626, 2.3441689014434814, 2.356586217880249, 2.369865655899048, 2.3840301036834717, 2.399103879928589, 2.415114164352417, 2.4320895671844482, 2.450061082839966, 2.469062089920044, 2.489128589630127, 2.51029896736145, 2.5326151847839355, 2.556121587753296, 2.5808663368225098, 2.606901168823242, 2.634281873703003, 2.6630680561065674, 2.693324565887451, 2.725120782852173, 2.7585318088531494, 2.7936384677886963, 2.830528497695923, 2.8692965507507324, 2.9100451469421387, 2.952885150909424, 2.9979372024536133, 3.045332908630371, 3.095214366912842, 3.147737503051758, 3.18487811088562, 3.1393723487854004, 3.0986382961273193, 3.0625979900360107, 3.004856586456299, 2.9525108337402344, 2.9048876762390137, 2.8652853965759277, 2.8276031017303467, 2.791743040084839, 2.757615327835083, 2.7251365184783936, 2.6942296028137207, 2.664822816848755, 2.636850118637085, 2.6102497577667236, 2.5849647521972656, 2.560941696166992, 2.5381312370300293, 2.5164878368377686, 2.4959683418273926, 2.4765331745147705, 2.4581456184387207, 2.4407711029052734, 2.424377918243408, 2.4089362621307373, 2.3944191932678223, 2.380800724029541, 2.3680574893951416, 2.356167793273926, 2.345111846923828, 2.3348708152770996, 2.3254282474517822, 2.3167684078216553, 2.308877468109131, 2.3017427921295166, 2.2953529357910156, 2.2896978855133057, 2.284768581390381, 2.280557870864868, 2.2770586013793945, 2.2742655277252197, 2.272174596786499, 2.270782470703125, 2.2700870037078857, 2.2700870037078857, 2.270782470703125, 2.272174596786499, 2.2742655277252197, 2.2770586013793945, 2.280557870864868, 2.284768581390381, 2.2896978855133057, 2.2953529357910156, 2.3017427921295166, 2.308877468109131, 2.3167684078216553, 2.3254282474517822, 2.3348708152770996, 2.345111846923828, 2.356167793273926, 2.3680574893951416, 2.380800724029541, 2.3944191932678223, 2.4089362621307373, 2.424377918243408, 2.4407711029052734, 2.4581456184387207, 2.4765331745147705, 2.4959683418273926, 2.5164878368377686, 2.5381312370300293, 2.560941696166992, 2.5849647521972656, 2.6102497577667236, 2.636850118637085, 2.664822816848755, 2.6942296028137207, 2.7251365184783936, 2.757615327835083, 2.791743040084839, 2.8276031017303467, 2.8652853965759277, 2.9048876762390137, 2.946514844894409, 2.990281820297241, 3.0363128185272217, 3.084742546081543, 3.135718584060669, 3.1894009113311768, 3.22863507270813, 3.2880008220672607, 3.352219581604004, 3.4172816276550293, 3.4896535873413086, 3.561339855194092, 3.642944097518921, 3.722384214401245, 3.805649995803833, 3.903143882751465, 3.996335506439209, 4.1185150146484375, 4.235739707946777, 4.346676826477051, 4.480828762054443, 4.607509136199951, 4.765298366546631, 4.930536270141602, 5.109173774719238, 5.277077674865723, 5.480167865753174, 5.704845905303955, 5.963286399841309, 6.219219207763672, 6.192437648773193, 6.219669342041016, 6.182716369628906, 6.148071765899658, 6.115675926208496, 6.085474014282227, 6.05741548538208, 6.031453609466553, 6.007545471191406, 5.985651969909668, 5.965738773345947, 5.947772979736328, 5.931726932525635, 5.917574882507324, 5.905294895172119, 5.894867420196533, 5.8862762451171875, 5.879508972167969, 5.87455415725708, 5.871405124664307, 5.87005615234375, 5.8705058097839355, 5.8727545738220215, 5.876805782318115, 5.882665634155273, 5.890343189239502, 5.899850368499756, 5.9112019538879395, 5.924415588378906, 5.939511775970459, 5.956514358520508, 5.975450038909912, 5.996349334716797, 6.019245147705078, 6.044175148010254, 6.0711798667907715, 6.100304126739502, 6.131596088409424, 6.165109157562256, 6.200900554656982, 6.239031791687012, 6.279570579528809, 6.3225884437561035, 6.368164539337158, 6.416381359100342, 6.461491107940674, 6.521108627319336, 6.577820777893066, 6.63757848739624, 6.700503349304199, 6.628393173217773, 6.446441650390625, 6.35986328125, 6.42872428894043, 6.513701915740967, 6.592072010040283, 6.67441987991333, 6.76094913482666, 6.851877212524414, 6.947441577911377, 7.047898769378662, 7.153526782989502, 7.2646284103393555, 7.245090007781982, 7.125522136688232, 7.010772228240967, 6.895569801330566, 6.755960941314697, 6.6731648445129395, 6.570211887359619, 6.472339630126953, 6.379265785217285, 6.290730953216553, 6.206494331359863, 6.126336097717285, 6.050051212310791, 5.977451324462891, 5.908361434936523, 5.842619895935059, 5.780076026916504, 5.720591068267822, 5.664034843444824, 5.610287666320801, 5.559237957000732, 5.510781288146973, 5.464821815490723, 5.421269416809082, 5.380040645599365, 5.341058254241943, 5.304249286651611, 5.269547462463379, 4.284728527069092, 4.259634971618652, 4.236123561859131, 4.21415376663208, 4.193688869476318, 4.174694538116455, 4.157138824462891, 4.140993595123291, 4.126232147216797, 4.112830638885498, 4.100768566131592, 4.090025424957275, 4.080585479736328, 4.0724334716796875, 4.06555700302124, 4.059945106506348, 4.055589199066162, 4.052482604980469, 4.0506205558776855, 4.050000190734863]
intensities: [0.0, 0.0, 0.0, 0.0, 0.0, 0.0, 0.0, 0.0, 0.0, 0.0, 0.0, 0.0, 0.0, 0.0, 0.0, 0.0, 0.0, 0.0, 0.0, 0.0, 0.0, 0.0, 0.0, 0.0, 0.0, 0.0, 0.0, 0.0, 0.0, 0.0, 0.0, 0.0, 0.0, 0.0, 0.0, 0.0, 0.0, 0.0, 0.0, 0.0, 0.0, 0.0, 0.0, 0.0, 0.0, 0.0, 0.0, 0.0, 0.0, 0.0, 0.0, 0.0, 0.0, 0.0, 0.0, 0.0, 0.0, 0.0, 0.0, 0.0, 0.0, 0.0, 0.0, 0.0, 0.0, 0.0, 0.0, 0.0, 0.0, 0.0, 0.0, 0.0, 0.0, 0.0, 0.0, 0.0, 0.0, 0.0, 0.0, 0.0, 0.0, 0.0, 0.0, 0.0, 0.0, 0.0, 0.0, 0.0, 0.0, 0.0, 0.0, 0.0, 0.0, 0.0, 0.0, 0.0, 0.0, 0.0, 0.0, 0.0, 0.0, 0.0, 0.0, 0.0, 0.0, 0.0, 0.0, 0.0, 0.0, 0.0, 0.0, 0.0, 0.0, 0.0, 0.0, 0.0, 0.0, 0.0, 0.0, 0.0, 0.0, 0.0, 0.0, 0.0, 0.0, 0.0, 0.0, 0.0, 0.0, 0.0, 0.0, 0.0, 0.0, 0.0, 0.0, 0.0, 0.0, 0.0, 0.0, 0.0, 0.0, 0.0, 0.0, 0.0, 0.0, 0.0, 0.0, 0.0, 0.0, 0.0, 0.0, 0.0, 0.0, 0.0, 0.0, 0.0, 0.0, 0.0, 0.0, 0.0, 0.0, 0.0, 0.0, 0.0, 0.0, 0.0, 0.0, 0.0, 0.0, 0.0, 0.0, 0.0, 0.0, 0.0, 0.0, 0.0, 0.0, 0.0, 0.0, 0.0, 0.0, 0.0, 0.0, 0.0, 0.0, 0.0, 0.0, 0.0, 0.0, 0.0, 0.0, 0.0, 0.0, 0.0, 0.0, 0.0, 0.0, 0.0, 0.0, 0.0, 0.0, 0.0, 0.0, 0.0, 0.0, 0.0, 0.0, 0.0, 0.0, 0.0, 0.0, 0.0, 0.0, 0.0, 0.0, 0.0, 0.0, 0.0, 0.0, 0.0, 0.0, 0.0, 0.0, 0.0, 0.0, 0.0, 0.0, 0.0, 0.0, 0.0, 0.0, 0.0, 0.0, 0.0, 0.0, 0.0, 0.0, 0.0, 0.0, 0.0, 0.0, 0.0, 0.0, 0.0, 0.0, 0.0, 0.0, 0.0, 0.0, 0.0, 0.0, 0.0, 0.0, 0.0, 0.0, 0.0, 0.0, 0.0, 0.0, 0.0, 0.0, 0.0, 0.0, 0.0, 0.0, 0.0, 0.0, 0.0, 0.0, 0.0, 0.0, 0.0, 0.0, 0.0, 0.0, 0.0, 0.0, 0.0, 0.0, 0.0, 0.0, 0.0, 0.0, 0.0, 0.0, 0.0, 0.0, 0.0, 0.0, 0.0, 0.0, 0.0, 0.0, 0.0, 0.0, 0.0, 0.0, 0.0, 0.0, 0.0, 0.0, 0.0, 0.0, 0.0, 0.0, 0.0, 0.0, 0.0, 0.0, 0.0, 0.0, 0.0, 0.0, 0.0, 0.0, 0.0, 0.0, 0.0, 0.0, 0.0, 0.0, 0.0, 0.0, 0.0, 0.0, 0.0, 0.0, 0.0, 0.0, 0.0, 0.0, 0.0, 0.0, 0.0, 0.0, 0.0, 0.0, 0.0, 0.0, 0.0, 0.0, 0.0, 0.0, 0.0, 0.0, 0.0, 0.0, 0.0, 0.0, 0.0, 0.0, 0.0, 0.0, 0.0, 0.0, 0.0, 0.0, 0.0, 0.0, 0.0]
---
header: 
  seq: 1511
  stamp: 
    secs: 151
    nsecs: 200000000
  frame_id: "base_laser_link"
angle_min: -3.14159274101
angle_max: 3.14159274101
angle_increment: 0.0175019092858
time_increment: 0.0
scan_time: 0.0
range_min: 0.15000000596
range_max: 16.0
ranges: [4.050000190734863, 4.0506205558776855, 4.052482604980469, 4.055589199066162, 4.059945106506348, 3.6238667964935303, 3.6299962997436523, 3.6372625827789307, 3.645677089691162, 3.655252695083618, 3.6660046577453613, 3.677950143814087, 3.691107988357544, 3.7054991722106934, 3.7211475372314453, 3.7380783557891846, 3.756319999694824, 3.775902509689331, 3.7968597412109375, 3.8192269802093506, 3.843043565750122, 3.868351459503174, 3.895195960998535, 3.9236257076263428, 3.9536936283111572, 3.9854559898376465, 4.0189738273620605, 4.054312705993652, 4.0724711418151855, 4.114108085632324, 4.168333053588867, 4.203236103057861, 4.208346366882324, 4.116488933563232, 4.004476547241211, 3.895493984222412, 3.81390643119812, 3.710172653198242, 3.633819103240967, 3.559828281402588, 3.48795485496521, 3.4179699420928955, 3.3496580123901367, 3.2828145027160645, 3.2172446250915527, 3.175041913986206, 3.1211354732513428, 3.069953441619873, 3.0213334560394287, 2.9751267433166504, 2.9311962127685547, 2.889416456222534, 2.8496716022491455, 2.811854839324951, 2.7758679389953613, 2.74161958694458, 2.7090256214141846, 2.6780083179473877, 2.6484954357147217, 2.62041974067688, 2.593719005584717, 2.568336009979248, 2.5442166328430176, 2.521311044692993, 2.499573230743408, 2.478959798812866, 2.459430694580078, 2.440948963165283, 2.4234793186187744, 2.4069902896881104, 2.391451597213745, 2.376835823059082, 2.36311674118042, 2.350271224975586, 2.3382766246795654, 2.327113389968872, 2.3167622089385986, 2.307206392288208, 2.2984302043914795, 2.290419578552246, 2.2831614017486572, 2.276644229888916, 2.270857810974121, 2.2657928466796875, 2.261441946029663, 2.2577977180480957, 2.254854679107666, 2.25260853767395, 2.2510557174682617, 2.2501938343048096, 2.250021457672119, 2.2505385875701904, 2.2517457008361816, 2.2536447048187256, 2.2562389373779297, 2.2595317363739014, 2.26352858543396, 2.268235683441162, 2.273660182952881, 2.279810905456543, 2.2866971492767334, 2.29433012008667, 2.3027217388153076, 2.3118858337402344, 2.3218374252319336, 2.332592248916626, 2.3441689014434814, 2.356586217880249, 2.369865655899048, 2.3840301036834717, 2.399103879928589, 2.415114164352417, 2.4320895671844482, 2.450061082839966, 2.469062089920044, 2.489128589630127, 2.51029896736145, 2.5326151847839355, 2.556121587753296, 2.5808663368225098, 2.606901168823242, 2.634281873703003, 2.6630680561065674, 2.693324565887451, 2.725120782852173, 2.7585318088531494, 2.7936384677886963, 2.830528497695923, 2.8692965507507324, 2.9100451469421387, 2.952885150909424, 2.9979372024536133, 3.045332908630371, 3.095214366912842, 3.147737503051758, 3.18487811088562, 3.1393723487854004, 3.0986382961273193, 3.0625979900360107, 3.004856586456299, 2.9525108337402344, 2.9048876762390137, 2.8652853965759277, 2.8276031017303467, 2.791743040084839, 2.757615327835083, 2.7251365184783936, 2.6942296028137207, 2.664822816848755, 2.636850118637085, 2.6102497577667236, 2.5849647521972656, 2.560941696166992, 2.5381312370300293, 2.5164878368377686, 2.4959683418273926, 2.4765331745147705, 2.4581456184387207, 2.4407711029052734, 2.424377918243408, 2.4089362621307373, 2.3944191932678223, 2.380800724029541, 2.3680574893951416, 2.356167793273926, 2.345111846923828, 2.3348708152770996, 2.3254282474517822, 2.3167684078216553, 2.308877468109131, 2.3017427921295166, 2.2953529357910156, 2.2896978855133057, 2.284768581390381, 2.280557870864868, 2.2770586013793945, 2.2742655277252197, 2.272174596786499, 2.270782470703125, 2.2700870037078857, 2.2700870037078857, 2.270782470703125, 2.272174596786499, 2.2742655277252197, 2.2770586013793945, 2.280557870864868, 2.284768581390381, 2.2896978855133057, 2.2953529357910156, 2.3017427921295166, 2.308877468109131, 2.3167684078216553, 2.3254282474517822, 2.3348708152770996, 2.345111846923828, 2.356167793273926, 2.3680574893951416, 2.380800724029541, 2.3944191932678223, 2.4089362621307373, 2.424377918243408, 2.4407711029052734, 2.4581456184387207, 2.4765331745147705, 2.4959683418273926, 2.5164878368377686, 2.5381312370300293, 2.560941696166992, 2.5849647521972656, 2.6102497577667236, 2.636850118637085, 2.664822816848755, 2.6942296028137207, 2.7251365184783936, 2.757615327835083, 2.791743040084839, 2.8276031017303467, 2.8652853965759277, 2.9048876762390137, 2.946514844894409, 2.990281820297241, 3.0363128185272217, 3.084742546081543, 3.135718584060669, 3.1894009113311768, 3.22863507270813, 3.2880008220672607, 3.352219581604004, 3.4172816276550293, 3.4896535873413086, 3.561339855194092, 3.642944097518921, 3.722384214401245, 3.805649995803833, 3.903143882751465, 3.996335506439209, 4.1185150146484375, 4.235739707946777, 4.346676826477051, 4.480828762054443, 4.607509136199951, 4.765298366546631, 4.930536270141602, 5.109173774719238, 5.277077674865723, 5.480167865753174, 5.704845905303955, 5.963286399841309, 6.219219207763672, 6.192437648773193, 6.219669342041016, 6.182716369628906, 6.148071765899658, 6.115675926208496, 6.085474014282227, 6.05741548538208, 6.031453609466553, 6.007545471191406, 5.985651969909668, 5.965738773345947, 5.947772979736328, 5.931726932525635, 5.917574882507324, 5.905294895172119, 5.894867420196533, 5.8862762451171875, 5.879508972167969, 5.87455415725708, 5.871405124664307, 5.87005615234375, 5.8705058097839355, 5.8727545738220215, 5.876805782318115, 5.882665634155273, 5.890343189239502, 5.899850368499756, 5.9112019538879395, 5.924415588378906, 5.939511775970459, 5.956514358520508, 5.975450038909912, 5.996349334716797, 6.019245147705078, 6.044175148010254, 6.0711798667907715, 6.100304126739502, 6.131596088409424, 6.165109157562256, 6.200900554656982, 6.239031791687012, 6.279570579528809, 6.3225884437561035, 6.368164539337158, 6.416381359100342, 6.461491107940674, 6.521108627319336, 6.577820777893066, 6.63757848739624, 6.700503349304199, 6.628393173217773, 6.446441650390625, 6.35986328125, 6.42872428894043, 6.513701915740967, 6.592072010040283, 6.67441987991333, 6.76094913482666, 6.851877212524414, 6.947441577911377, 7.047898769378662, 7.153526782989502, 7.2646284103393555, 7.245090007781982, 7.125522136688232, 7.010772228240967, 6.895569801330566, 6.755960941314697, 6.6731648445129395, 6.570211887359619, 6.472339630126953, 6.379265785217285, 6.290730953216553, 6.206494331359863, 6.126336097717285, 6.050051212310791, 5.977451324462891, 5.908361434936523, 5.842619895935059, 5.780076026916504, 5.720591068267822, 5.664034843444824, 5.610287666320801, 5.559237957000732, 5.510781288146973, 5.464821815490723, 5.421269416809082, 5.380040645599365, 5.341058254241943, 5.304249286651611, 5.269547462463379, 4.284728527069092, 4.259634971618652, 4.236123561859131, 4.21415376663208, 4.193688869476318, 4.174694538116455, 4.157138824462891, 4.140993595123291, 4.126232147216797, 4.112830638885498, 4.100768566131592, 4.090025424957275, 4.080585479736328, 4.0724334716796875, 4.06555700302124, 4.059945106506348, 4.055589199066162, 4.052482604980469, 4.0506205558776855, 4.050000190734863]
intensities: [0.0, 0.0, 0.0, 0.0, 0.0, 0.0, 0.0, 0.0, 0.0, 0.0, 0.0, 0.0, 0.0, 0.0, 0.0, 0.0, 0.0, 0.0, 0.0, 0.0, 0.0, 0.0, 0.0, 0.0, 0.0, 0.0, 0.0, 0.0, 0.0, 0.0, 0.0, 0.0, 0.0, 0.0, 0.0, 0.0, 0.0, 0.0, 0.0, 0.0, 0.0, 0.0, 0.0, 0.0, 0.0, 0.0, 0.0, 0.0, 0.0, 0.0, 0.0, 0.0, 0.0, 0.0, 0.0, 0.0, 0.0, 0.0, 0.0, 0.0, 0.0, 0.0, 0.0, 0.0, 0.0, 0.0, 0.0, 0.0, 0.0, 0.0, 0.0, 0.0, 0.0, 0.0, 0.0, 0.0, 0.0, 0.0, 0.0, 0.0, 0.0, 0.0, 0.0, 0.0, 0.0, 0.0, 0.0, 0.0, 0.0, 0.0, 0.0, 0.0, 0.0, 0.0, 0.0, 0.0, 0.0, 0.0, 0.0, 0.0, 0.0, 0.0, 0.0, 0.0, 0.0, 0.0, 0.0, 0.0, 0.0, 0.0, 0.0, 0.0, 0.0, 0.0, 0.0, 0.0, 0.0, 0.0, 0.0, 0.0, 0.0, 0.0, 0.0, 0.0, 0.0, 0.0, 0.0, 0.0, 0.0, 0.0, 0.0, 0.0, 0.0, 0.0, 0.0, 0.0, 0.0, 0.0, 0.0, 0.0, 0.0, 0.0, 0.0, 0.0, 0.0, 0.0, 0.0, 0.0, 0.0, 0.0, 0.0, 0.0, 0.0, 0.0, 0.0, 0.0, 0.0, 0.0, 0.0, 0.0, 0.0, 0.0, 0.0, 0.0, 0.0, 0.0, 0.0, 0.0, 0.0, 0.0, 0.0, 0.0, 0.0, 0.0, 0.0, 0.0, 0.0, 0.0, 0.0, 0.0, 0.0, 0.0, 0.0, 0.0, 0.0, 0.0, 0.0, 0.0, 0.0, 0.0, 0.0, 0.0, 0.0, 0.0, 0.0, 0.0, 0.0, 0.0, 0.0, 0.0, 0.0, 0.0, 0.0, 0.0, 0.0, 0.0, 0.0, 0.0, 0.0, 0.0, 0.0, 0.0, 0.0, 0.0, 0.0, 0.0, 0.0, 0.0, 0.0, 0.0, 0.0, 0.0, 0.0, 0.0, 0.0, 0.0, 0.0, 0.0, 0.0, 0.0, 0.0, 0.0, 0.0, 0.0, 0.0, 0.0, 0.0, 0.0, 0.0, 0.0, 0.0, 0.0, 0.0, 0.0, 0.0, 0.0, 0.0, 0.0, 0.0, 0.0, 0.0, 0.0, 0.0, 0.0, 0.0, 0.0, 0.0, 0.0, 0.0, 0.0, 0.0, 0.0, 0.0, 0.0, 0.0, 0.0, 0.0, 0.0, 0.0, 0.0, 0.0, 0.0, 0.0, 0.0, 0.0, 0.0, 0.0, 0.0, 0.0, 0.0, 0.0, 0.0, 0.0, 0.0, 0.0, 0.0, 0.0, 0.0, 0.0, 0.0, 0.0, 0.0, 0.0, 0.0, 0.0, 0.0, 0.0, 0.0, 0.0, 0.0, 0.0, 0.0, 0.0, 0.0, 0.0, 0.0, 0.0, 0.0, 0.0, 0.0, 0.0, 0.0, 0.0, 0.0, 0.0, 0.0, 0.0, 0.0, 0.0, 0.0, 0.0, 0.0, 0.0, 0.0, 0.0, 0.0, 0.0, 0.0, 0.0, 0.0, 0.0, 0.0, 0.0, 0.0, 0.0, 0.0, 0.0, 0.0, 0.0, 0.0, 0.0, 0.0, 0.0, 0.0, 0.0, 0.0, 0.0, 0.0, 0.0, 0.0, 0.0, 0.0, 0.0, 0.0, 0.0, 0.0, 0.0, 0.0, 0.0, 0.0]
---
header: 
  seq: 1512
  stamp: 
    secs: 151
    nsecs: 300000000
  frame_id: "base_laser_link"
angle_min: -3.14159274101
angle_max: 3.14159274101
angle_increment: 0.0175019092858
time_increment: 0.0
scan_time: 0.0
range_min: 0.15000000596
range_max: 16.0
ranges: [4.050000190734863, 4.0506205558776855, 4.052482604980469, 4.055589199066162, 4.059945106506348, 3.6238667964935303, 3.6299962997436523, 3.6372625827789307, 3.645677089691162, 3.655252695083618, 3.6660046577453613, 3.677950143814087, 3.691107988357544, 3.7054991722106934, 3.7211475372314453, 3.7380783557891846, 3.756319999694824, 3.775902509689331, 3.7968597412109375, 3.8192269802093506, 3.843043565750122, 3.868351459503174, 3.895195960998535, 3.9236257076263428, 3.9536936283111572, 3.9854559898376465, 4.0189738273620605, 4.054312705993652, 4.0724711418151855, 4.114108085632324, 4.168333053588867, 4.203236103057861, 4.208346366882324, 4.116488933563232, 4.004476547241211, 3.895493984222412, 3.81390643119812, 3.710172653198242, 3.633819103240967, 3.559828281402588, 3.48795485496521, 3.4179699420928955, 3.3496580123901367, 3.2828145027160645, 3.2172446250915527, 3.175041913986206, 3.1211354732513428, 3.069953441619873, 3.0213334560394287, 2.9751267433166504, 2.9311962127685547, 2.889416456222534, 2.8496716022491455, 2.811854839324951, 2.7758679389953613, 2.74161958694458, 2.7090256214141846, 2.6780083179473877, 2.6484954357147217, 2.62041974067688, 2.593719005584717, 2.568336009979248, 2.5442166328430176, 2.521311044692993, 2.499573230743408, 2.478959798812866, 2.459430694580078, 2.440948963165283, 2.4234793186187744, 2.4069902896881104, 2.391451597213745, 2.376835823059082, 2.36311674118042, 2.350271224975586, 2.3382766246795654, 2.327113389968872, 2.3167622089385986, 2.307206392288208, 2.2984302043914795, 2.290419578552246, 2.2831614017486572, 2.276644229888916, 2.270857810974121, 2.2657928466796875, 2.261441946029663, 2.2577977180480957, 2.254854679107666, 2.25260853767395, 2.2510557174682617, 2.2501938343048096, 2.250021457672119, 2.2505385875701904, 2.2517457008361816, 2.2536447048187256, 2.2562389373779297, 2.2595317363739014, 2.26352858543396, 2.268235683441162, 2.273660182952881, 2.279810905456543, 2.2866971492767334, 2.29433012008667, 2.3027217388153076, 2.3118858337402344, 2.3218374252319336, 2.332592248916626, 2.3441689014434814, 2.356586217880249, 2.369865655899048, 2.3840301036834717, 2.399103879928589, 2.415114164352417, 2.4320895671844482, 2.450061082839966, 2.469062089920044, 2.489128589630127, 2.51029896736145, 2.5326151847839355, 2.556121587753296, 2.5808663368225098, 2.606901168823242, 2.634281873703003, 2.6630680561065674, 2.693324565887451, 2.725120782852173, 2.7585318088531494, 2.7936384677886963, 2.830528497695923, 2.8692965507507324, 2.9100451469421387, 2.952885150909424, 2.9979372024536133, 3.045332908630371, 3.095214366912842, 3.147737503051758, 3.18487811088562, 3.1393723487854004, 3.0986382961273193, 3.0625979900360107, 3.004856586456299, 2.9525108337402344, 2.9048876762390137, 2.8652853965759277, 2.8276031017303467, 2.791743040084839, 2.757615327835083, 2.7251365184783936, 2.6942296028137207, 2.664822816848755, 2.636850118637085, 2.6102497577667236, 2.5849647521972656, 2.560941696166992, 2.5381312370300293, 2.5164878368377686, 2.4959683418273926, 2.4765331745147705, 2.4581456184387207, 2.4407711029052734, 2.424377918243408, 2.4089362621307373, 2.3944191932678223, 2.380800724029541, 2.3680574893951416, 2.356167793273926, 2.345111846923828, 2.3348708152770996, 2.3254282474517822, 2.3167684078216553, 2.308877468109131, 2.3017427921295166, 2.2953529357910156, 2.2896978855133057, 2.284768581390381, 2.280557870864868, 2.2770586013793945, 2.2742655277252197, 2.272174596786499, 2.270782470703125, 2.2700870037078857, 2.2700870037078857, 2.270782470703125, 2.272174596786499, 2.2742655277252197, 2.2770586013793945, 2.280557870864868, 2.284768581390381, 2.2896978855133057, 2.2953529357910156, 2.3017427921295166, 2.308877468109131, 2.3167684078216553, 2.3254282474517822, 2.3348708152770996, 2.345111846923828, 2.356167793273926, 2.3680574893951416, 2.380800724029541, 2.3944191932678223, 2.4089362621307373, 2.424377918243408, 2.4407711029052734, 2.4581456184387207, 2.4765331745147705, 2.4959683418273926, 2.5164878368377686, 2.5381312370300293, 2.560941696166992, 2.5849647521972656, 2.6102497577667236, 2.636850118637085, 2.664822816848755, 2.6942296028137207, 2.7251365184783936, 2.757615327835083, 2.791743040084839, 2.8276031017303467, 2.8652853965759277, 2.9048876762390137, 2.946514844894409, 2.990281820297241, 3.0363128185272217, 3.084742546081543, 3.135718584060669, 3.1894009113311768, 3.22863507270813, 3.2880008220672607, 3.352219581604004, 3.4172816276550293, 3.4896535873413086, 3.561339855194092, 3.642944097518921, 3.722384214401245, 3.805649995803833, 3.903143882751465, 3.996335506439209, 4.1185150146484375, 4.235739707946777, 4.346676826477051, 4.480828762054443, 4.607509136199951, 4.765298366546631, 4.930536270141602, 5.109173774719238, 5.277077674865723, 5.480167865753174, 5.704845905303955, 5.963286399841309, 6.219219207763672, 6.192437648773193, 6.219669342041016, 6.182716369628906, 6.148071765899658, 6.115675926208496, 6.085474014282227, 6.05741548538208, 6.031453609466553, 6.007545471191406, 5.985651969909668, 5.965738773345947, 5.947772979736328, 5.931726932525635, 5.917574882507324, 5.905294895172119, 5.894867420196533, 5.8862762451171875, 5.879508972167969, 5.87455415725708, 5.871405124664307, 5.87005615234375, 5.8705058097839355, 5.8727545738220215, 5.876805782318115, 5.882665634155273, 5.890343189239502, 5.899850368499756, 5.9112019538879395, 5.924415588378906, 5.939511775970459, 5.956514358520508, 5.975450038909912, 5.996349334716797, 6.019245147705078, 6.044175148010254, 6.0711798667907715, 6.100304126739502, 6.131596088409424, 6.165109157562256, 6.200900554656982, 6.239031791687012, 6.279570579528809, 6.3225884437561035, 6.368164539337158, 6.416381359100342, 6.461491107940674, 6.521108627319336, 6.577820777893066, 6.63757848739624, 6.700503349304199, 6.628393173217773, 6.446441650390625, 6.35986328125, 6.42872428894043, 6.513701915740967, 6.592072010040283, 6.67441987991333, 6.76094913482666, 6.851877212524414, 6.947441577911377, 7.047898769378662, 7.153526782989502, 7.2646284103393555, 7.245090007781982, 7.125522136688232, 7.010772228240967, 6.895569801330566, 6.755960941314697, 6.6731648445129395, 6.570211887359619, 6.472339630126953, 6.379265785217285, 6.290730953216553, 6.206494331359863, 6.126336097717285, 6.050051212310791, 5.977451324462891, 5.908361434936523, 5.842619895935059, 5.780076026916504, 5.720591068267822, 5.664034843444824, 5.610287666320801, 5.559237957000732, 5.510781288146973, 5.464821815490723, 5.421269416809082, 5.380040645599365, 5.341058254241943, 5.304249286651611, 5.269547462463379, 4.284728527069092, 4.259634971618652, 4.236123561859131, 4.21415376663208, 4.193688869476318, 4.174694538116455, 4.157138824462891, 4.140993595123291, 4.126232147216797, 4.112830638885498, 4.100768566131592, 4.090025424957275, 4.080585479736328, 4.0724334716796875, 4.06555700302124, 4.059945106506348, 4.055589199066162, 4.052482604980469, 4.0506205558776855, 4.050000190734863]
intensities: [0.0, 0.0, 0.0, 0.0, 0.0, 0.0, 0.0, 0.0, 0.0, 0.0, 0.0, 0.0, 0.0, 0.0, 0.0, 0.0, 0.0, 0.0, 0.0, 0.0, 0.0, 0.0, 0.0, 0.0, 0.0, 0.0, 0.0, 0.0, 0.0, 0.0, 0.0, 0.0, 0.0, 0.0, 0.0, 0.0, 0.0, 0.0, 0.0, 0.0, 0.0, 0.0, 0.0, 0.0, 0.0, 0.0, 0.0, 0.0, 0.0, 0.0, 0.0, 0.0, 0.0, 0.0, 0.0, 0.0, 0.0, 0.0, 0.0, 0.0, 0.0, 0.0, 0.0, 0.0, 0.0, 0.0, 0.0, 0.0, 0.0, 0.0, 0.0, 0.0, 0.0, 0.0, 0.0, 0.0, 0.0, 0.0, 0.0, 0.0, 0.0, 0.0, 0.0, 0.0, 0.0, 0.0, 0.0, 0.0, 0.0, 0.0, 0.0, 0.0, 0.0, 0.0, 0.0, 0.0, 0.0, 0.0, 0.0, 0.0, 0.0, 0.0, 0.0, 0.0, 0.0, 0.0, 0.0, 0.0, 0.0, 0.0, 0.0, 0.0, 0.0, 0.0, 0.0, 0.0, 0.0, 0.0, 0.0, 0.0, 0.0, 0.0, 0.0, 0.0, 0.0, 0.0, 0.0, 0.0, 0.0, 0.0, 0.0, 0.0, 0.0, 0.0, 0.0, 0.0, 0.0, 0.0, 0.0, 0.0, 0.0, 0.0, 0.0, 0.0, 0.0, 0.0, 0.0, 0.0, 0.0, 0.0, 0.0, 0.0, 0.0, 0.0, 0.0, 0.0, 0.0, 0.0, 0.0, 0.0, 0.0, 0.0, 0.0, 0.0, 0.0, 0.0, 0.0, 0.0, 0.0, 0.0, 0.0, 0.0, 0.0, 0.0, 0.0, 0.0, 0.0, 0.0, 0.0, 0.0, 0.0, 0.0, 0.0, 0.0, 0.0, 0.0, 0.0, 0.0, 0.0, 0.0, 0.0, 0.0, 0.0, 0.0, 0.0, 0.0, 0.0, 0.0, 0.0, 0.0, 0.0, 0.0, 0.0, 0.0, 0.0, 0.0, 0.0, 0.0, 0.0, 0.0, 0.0, 0.0, 0.0, 0.0, 0.0, 0.0, 0.0, 0.0, 0.0, 0.0, 0.0, 0.0, 0.0, 0.0, 0.0, 0.0, 0.0, 0.0, 0.0, 0.0, 0.0, 0.0, 0.0, 0.0, 0.0, 0.0, 0.0, 0.0, 0.0, 0.0, 0.0, 0.0, 0.0, 0.0, 0.0, 0.0, 0.0, 0.0, 0.0, 0.0, 0.0, 0.0, 0.0, 0.0, 0.0, 0.0, 0.0, 0.0, 0.0, 0.0, 0.0, 0.0, 0.0, 0.0, 0.0, 0.0, 0.0, 0.0, 0.0, 0.0, 0.0, 0.0, 0.0, 0.0, 0.0, 0.0, 0.0, 0.0, 0.0, 0.0, 0.0, 0.0, 0.0, 0.0, 0.0, 0.0, 0.0, 0.0, 0.0, 0.0, 0.0, 0.0, 0.0, 0.0, 0.0, 0.0, 0.0, 0.0, 0.0, 0.0, 0.0, 0.0, 0.0, 0.0, 0.0, 0.0, 0.0, 0.0, 0.0, 0.0, 0.0, 0.0, 0.0, 0.0, 0.0, 0.0, 0.0, 0.0, 0.0, 0.0, 0.0, 0.0, 0.0, 0.0, 0.0, 0.0, 0.0, 0.0, 0.0, 0.0, 0.0, 0.0, 0.0, 0.0, 0.0, 0.0, 0.0, 0.0, 0.0, 0.0, 0.0, 0.0, 0.0, 0.0, 0.0, 0.0, 0.0, 0.0, 0.0, 0.0, 0.0, 0.0, 0.0, 0.0, 0.0, 0.0, 0.0, 0.0, 0.0, 0.0]
---
header: 
  seq: 1513
  stamp: 
    secs: 151
    nsecs: 400000000
  frame_id: "base_laser_link"
angle_min: -3.14159274101
angle_max: 3.14159274101
angle_increment: 0.0175019092858
time_increment: 0.0
scan_time: 0.0
range_min: 0.15000000596
range_max: 16.0
ranges: [4.050000190734863, 4.0506205558776855, 4.052482604980469, 4.055589199066162, 4.059945106506348, 3.6238667964935303, 3.6299962997436523, 3.6372625827789307, 3.645677089691162, 3.655252695083618, 3.6660046577453613, 3.677950143814087, 3.691107988357544, 3.7054991722106934, 3.7211475372314453, 3.7380783557891846, 3.756319999694824, 3.775902509689331, 3.7968597412109375, 3.8192269802093506, 3.843043565750122, 3.868351459503174, 3.895195960998535, 3.9236257076263428, 3.9536936283111572, 3.9854559898376465, 4.0189738273620605, 4.054312705993652, 4.0724711418151855, 4.114108085632324, 4.168333053588867, 4.203236103057861, 4.208346366882324, 4.116488933563232, 4.004476547241211, 3.895493984222412, 3.81390643119812, 3.710172653198242, 3.633819103240967, 3.559828281402588, 3.48795485496521, 3.4179699420928955, 3.3496580123901367, 3.2828145027160645, 3.2172446250915527, 3.175041913986206, 3.1211354732513428, 3.069953441619873, 3.0213334560394287, 2.9751267433166504, 2.9311962127685547, 2.889416456222534, 2.8496716022491455, 2.811854839324951, 2.7758679389953613, 2.74161958694458, 2.7090256214141846, 2.6780083179473877, 2.6484954357147217, 2.62041974067688, 2.593719005584717, 2.568336009979248, 2.5442166328430176, 2.521311044692993, 2.499573230743408, 2.478959798812866, 2.459430694580078, 2.440948963165283, 2.4234793186187744, 2.4069902896881104, 2.391451597213745, 2.376835823059082, 2.36311674118042, 2.350271224975586, 2.3382766246795654, 2.327113389968872, 2.3167622089385986, 2.307206392288208, 2.2984302043914795, 2.290419578552246, 2.2831614017486572, 2.276644229888916, 2.270857810974121, 2.2657928466796875, 2.261441946029663, 2.2577977180480957, 2.254854679107666, 2.25260853767395, 2.2510557174682617, 2.2501938343048096, 2.250021457672119, 2.2505385875701904, 2.2517457008361816, 2.2536447048187256, 2.2562389373779297, 2.2595317363739014, 2.26352858543396, 2.268235683441162, 2.273660182952881, 2.279810905456543, 2.2866971492767334, 2.29433012008667, 2.3027217388153076, 2.3118858337402344, 2.3218374252319336, 2.332592248916626, 2.3441689014434814, 2.356586217880249, 2.369865655899048, 2.3840301036834717, 2.399103879928589, 2.415114164352417, 2.4320895671844482, 2.450061082839966, 2.469062089920044, 2.489128589630127, 2.51029896736145, 2.5326151847839355, 2.556121587753296, 2.5808663368225098, 2.606901168823242, 2.634281873703003, 2.6630680561065674, 2.693324565887451, 2.725120782852173, 2.7585318088531494, 2.7936384677886963, 2.830528497695923, 2.8692965507507324, 2.9100451469421387, 2.952885150909424, 2.9979372024536133, 3.045332908630371, 3.095214366912842, 3.147737503051758, 3.18487811088562, 3.1393723487854004, 3.0986382961273193, 3.0625979900360107, 3.004856586456299, 2.9525108337402344, 2.9048876762390137, 2.8652853965759277, 2.8276031017303467, 2.791743040084839, 2.757615327835083, 2.7251365184783936, 2.6942296028137207, 2.664822816848755, 2.636850118637085, 2.6102497577667236, 2.5849647521972656, 2.560941696166992, 2.5381312370300293, 2.5164878368377686, 2.4959683418273926, 2.4765331745147705, 2.4581456184387207, 2.4407711029052734, 2.424377918243408, 2.4089362621307373, 2.3944191932678223, 2.380800724029541, 2.3680574893951416, 2.356167793273926, 2.345111846923828, 2.3348708152770996, 2.3254282474517822, 2.3167684078216553, 2.308877468109131, 2.3017427921295166, 2.2953529357910156, 2.2896978855133057, 2.284768581390381, 2.280557870864868, 2.2770586013793945, 2.2742655277252197, 2.272174596786499, 2.270782470703125, 2.2700870037078857, 2.2700870037078857, 2.270782470703125, 2.272174596786499, 2.2742655277252197, 2.2770586013793945, 2.280557870864868, 2.284768581390381, 2.2896978855133057, 2.2953529357910156, 2.3017427921295166, 2.308877468109131, 2.3167684078216553, 2.3254282474517822, 2.3348708152770996, 2.345111846923828, 2.356167793273926, 2.3680574893951416, 2.380800724029541, 2.3944191932678223, 2.4089362621307373, 2.424377918243408, 2.4407711029052734, 2.4581456184387207, 2.4765331745147705, 2.4959683418273926, 2.5164878368377686, 2.5381312370300293, 2.560941696166992, 2.5849647521972656, 2.6102497577667236, 2.636850118637085, 2.664822816848755, 2.6942296028137207, 2.7251365184783936, 2.757615327835083, 2.791743040084839, 2.8276031017303467, 2.8652853965759277, 2.9048876762390137, 2.946514844894409, 2.990281820297241, 3.0363128185272217, 3.084742546081543, 3.135718584060669, 3.1894009113311768, 3.22863507270813, 3.2880008220672607, 3.352219581604004, 3.4172816276550293, 3.4896535873413086, 3.561339855194092, 3.642944097518921, 3.722384214401245, 3.805649995803833, 3.903143882751465, 3.996335506439209, 4.1185150146484375, 4.235739707946777, 4.346676826477051, 4.480828762054443, 4.607509136199951, 4.765298366546631, 4.930536270141602, 5.109173774719238, 5.277077674865723, 5.480167865753174, 5.704845905303955, 5.963286399841309, 6.219219207763672, 6.192437648773193, 6.219669342041016, 6.182716369628906, 6.148071765899658, 6.115675926208496, 6.085474014282227, 6.05741548538208, 6.031453609466553, 6.007545471191406, 5.985651969909668, 5.965738773345947, 5.947772979736328, 5.931726932525635, 5.917574882507324, 5.905294895172119, 5.894867420196533, 5.8862762451171875, 5.879508972167969, 5.87455415725708, 5.871405124664307, 5.87005615234375, 5.8705058097839355, 5.8727545738220215, 5.876805782318115, 5.882665634155273, 5.890343189239502, 5.899850368499756, 5.9112019538879395, 5.924415588378906, 5.939511775970459, 5.956514358520508, 5.975450038909912, 5.996349334716797, 6.019245147705078, 6.044175148010254, 6.0711798667907715, 6.100304126739502, 6.131596088409424, 6.165109157562256, 6.200900554656982, 6.239031791687012, 6.279570579528809, 6.3225884437561035, 6.368164539337158, 6.416381359100342, 6.461491107940674, 6.521108627319336, 6.577820777893066, 6.63757848739624, 6.700503349304199, 6.628393173217773, 6.446441650390625, 6.35986328125, 6.42872428894043, 6.513701915740967, 6.592072010040283, 6.67441987991333, 6.76094913482666, 6.851877212524414, 6.947441577911377, 7.047898769378662, 7.153526782989502, 7.2646284103393555, 7.245090007781982, 7.125522136688232, 7.010772228240967, 6.895569801330566, 6.755960941314697, 6.6731648445129395, 6.570211887359619, 6.472339630126953, 6.379265785217285, 6.290730953216553, 6.206494331359863, 6.126336097717285, 6.050051212310791, 5.977451324462891, 5.908361434936523, 5.842619895935059, 5.780076026916504, 5.720591068267822, 5.664034843444824, 5.610287666320801, 5.559237957000732, 5.510781288146973, 5.464821815490723, 5.421269416809082, 5.380040645599365, 5.341058254241943, 5.304249286651611, 5.269547462463379, 4.284728527069092, 4.259634971618652, 4.236123561859131, 4.21415376663208, 4.193688869476318, 4.174694538116455, 4.157138824462891, 4.140993595123291, 4.126232147216797, 4.112830638885498, 4.100768566131592, 4.090025424957275, 4.080585479736328, 4.0724334716796875, 4.06555700302124, 4.059945106506348, 4.055589199066162, 4.052482604980469, 4.0506205558776855, 4.050000190734863]
intensities: [0.0, 0.0, 0.0, 0.0, 0.0, 0.0, 0.0, 0.0, 0.0, 0.0, 0.0, 0.0, 0.0, 0.0, 0.0, 0.0, 0.0, 0.0, 0.0, 0.0, 0.0, 0.0, 0.0, 0.0, 0.0, 0.0, 0.0, 0.0, 0.0, 0.0, 0.0, 0.0, 0.0, 0.0, 0.0, 0.0, 0.0, 0.0, 0.0, 0.0, 0.0, 0.0, 0.0, 0.0, 0.0, 0.0, 0.0, 0.0, 0.0, 0.0, 0.0, 0.0, 0.0, 0.0, 0.0, 0.0, 0.0, 0.0, 0.0, 0.0, 0.0, 0.0, 0.0, 0.0, 0.0, 0.0, 0.0, 0.0, 0.0, 0.0, 0.0, 0.0, 0.0, 0.0, 0.0, 0.0, 0.0, 0.0, 0.0, 0.0, 0.0, 0.0, 0.0, 0.0, 0.0, 0.0, 0.0, 0.0, 0.0, 0.0, 0.0, 0.0, 0.0, 0.0, 0.0, 0.0, 0.0, 0.0, 0.0, 0.0, 0.0, 0.0, 0.0, 0.0, 0.0, 0.0, 0.0, 0.0, 0.0, 0.0, 0.0, 0.0, 0.0, 0.0, 0.0, 0.0, 0.0, 0.0, 0.0, 0.0, 0.0, 0.0, 0.0, 0.0, 0.0, 0.0, 0.0, 0.0, 0.0, 0.0, 0.0, 0.0, 0.0, 0.0, 0.0, 0.0, 0.0, 0.0, 0.0, 0.0, 0.0, 0.0, 0.0, 0.0, 0.0, 0.0, 0.0, 0.0, 0.0, 0.0, 0.0, 0.0, 0.0, 0.0, 0.0, 0.0, 0.0, 0.0, 0.0, 0.0, 0.0, 0.0, 0.0, 0.0, 0.0, 0.0, 0.0, 0.0, 0.0, 0.0, 0.0, 0.0, 0.0, 0.0, 0.0, 0.0, 0.0, 0.0, 0.0, 0.0, 0.0, 0.0, 0.0, 0.0, 0.0, 0.0, 0.0, 0.0, 0.0, 0.0, 0.0, 0.0, 0.0, 0.0, 0.0, 0.0, 0.0, 0.0, 0.0, 0.0, 0.0, 0.0, 0.0, 0.0, 0.0, 0.0, 0.0, 0.0, 0.0, 0.0, 0.0, 0.0, 0.0, 0.0, 0.0, 0.0, 0.0, 0.0, 0.0, 0.0, 0.0, 0.0, 0.0, 0.0, 0.0, 0.0, 0.0, 0.0, 0.0, 0.0, 0.0, 0.0, 0.0, 0.0, 0.0, 0.0, 0.0, 0.0, 0.0, 0.0, 0.0, 0.0, 0.0, 0.0, 0.0, 0.0, 0.0, 0.0, 0.0, 0.0, 0.0, 0.0, 0.0, 0.0, 0.0, 0.0, 0.0, 0.0, 0.0, 0.0, 0.0, 0.0, 0.0, 0.0, 0.0, 0.0, 0.0, 0.0, 0.0, 0.0, 0.0, 0.0, 0.0, 0.0, 0.0, 0.0, 0.0, 0.0, 0.0, 0.0, 0.0, 0.0, 0.0, 0.0, 0.0, 0.0, 0.0, 0.0, 0.0, 0.0, 0.0, 0.0, 0.0, 0.0, 0.0, 0.0, 0.0, 0.0, 0.0, 0.0, 0.0, 0.0, 0.0, 0.0, 0.0, 0.0, 0.0, 0.0, 0.0, 0.0, 0.0, 0.0, 0.0, 0.0, 0.0, 0.0, 0.0, 0.0, 0.0, 0.0, 0.0, 0.0, 0.0, 0.0, 0.0, 0.0, 0.0, 0.0, 0.0, 0.0, 0.0, 0.0, 0.0, 0.0, 0.0, 0.0, 0.0, 0.0, 0.0, 0.0, 0.0, 0.0, 0.0, 0.0, 0.0, 0.0, 0.0, 0.0, 0.0, 0.0, 0.0, 0.0, 0.0, 0.0, 0.0, 0.0, 0.0, 0.0, 0.0, 0.0]
---
