header: 
  seq: 264
  stamp: 
    secs: 26
    nsecs: 500000000
  frame_id: "base_laser_link"
angle_min: -3.14159274101
angle_max: 3.14159274101
angle_increment: 0.0175019092858
time_increment: 0.0
scan_time: 0.0
range_min: 0.15000000596
range_max: 16.0
ranges: [1.0399999618530273, 1.0401593446731567, 1.040637493133545, 1.0414352416992188, 1.0425537824630737, 1.0439949035644531, 1.0457607507705688, 1.0478540658950806, 1.0502781867980957, 1.0530368089675903, 1.0561343431472778, 1.0595756769180298, 1.0633662939071655, 1.0675122737884521, 1.0720202922821045, 1.0768979787826538, 1.040531873703003, 0.9831990003585815, 0.9465855360031128, 0.8886843919754028, 0.8516440391540527, 0.8143897652626038, 0.7768811583518982, 0.7390763163566589, 0.7009318470954895, 0.684482753276825, 0.667973518371582, 0.6738470196723938, 0.680034875869751, 0.6865496635437012, 0.6934049725532532, 0.7006152868270874, 0.7081963419914246, 0.7161650657653809, 0.724539577960968, 0.7333395481109619, 0.7425861954689026, 0.752302348613739, 0.7625128030776978, 0.7732443809509277, 0.784525990486145, 0.7963892817497253, 0.8088684678077698, 0.8220006823539734, 0.8358266353607178, 0.846677839756012, 0.8600462079048157, 0.8732311725616455, 0.8862578272819519, 0.8991494178771973, 0.9119277596473694, 0.9502969980239868, 0.9625557661056519, 0.9747763872146606, 1.0116496086120605, 1.0235379934310913, 1.0595300197601318, 1.0950078964233398, 1.1064825057983398, 1.1413383483886719, 1.1758192777633667, 1.2328013181686401, 1.2664544582366943, 1.2998759746551514, 1.355324149131775, 1.4102526903152466, 1.4647276401519775, 1.518812656402588, 1.5941109657287598, 1.668846607208252, 1.7678730487823486, 1.8677842617034912, 1.9676278829574585, 2.0741329193115234, 2.1998178958892822, 2.3471386432647705, 2.3324546813964844, 2.3261430263519287, 2.304126739501953, 2.293163299560547, 2.295628070831299, 2.289888858795166, 2.2869977951049805, 2.2826902866363525, 2.2808961868286133, 2.2577977180480957, 2.254854679107666, 2.25260853767395, 2.2510557174682617, 2.2501938343048096, 2.250021457672119, 2.2505385875701904, 2.2517457008361816, 2.2536447048187256, 2.2562389373779297, 2.2595317363739014, 2.26352858543396, 2.268235683441162, 2.273660182952881, 2.279810905456543, 2.2866971492767334, 2.29433012008667, 2.3027217388153076, 2.3118858337402344, 2.3218374252319336, 2.332592248916626, 2.3441689014434814, 2.356586217880249, 2.369865655899048, 2.3840301036834717, 2.399103879928589, 2.415114164352417, 2.4320895671844482, 2.450061082839966, 2.469062089920044, 2.489128589630127, 2.51029896736145, 2.5326151847839355, 2.556121587753296, 2.5808663368225098, 2.606901168823242, 2.634281873703003, 2.6630680561065674, 2.693324565887451, 2.725120782852173, 2.7585318088531494, 2.7936384677886963, 2.830528497695923, 2.8692965507507324, 2.9100451469421387, 2.952885150909424, 2.9979372024536133, 3.045332908630371, 3.095214366912842, 3.147737503051758, 3.18487811088562, 3.249882221221924, 3.3160650730133057, 3.383617877960205, 3.45274019241333, 3.523641586303711, 3.596544027328491, 3.671684503555298, 3.7493174076080322, 3.8543150424957275, 3.937483310699463, 4.060210227966309, 4.164941787719727, 4.285311698913574, 4.402790546417236, 4.528440952301025, 4.689599514007568, 4.832143783569336, 5.008004188537598, 5.193634033203125, 5.388294696807861, 5.599663257598877, 5.710626125335693, 5.6763176918029785, 5.631732940673828, 5.605679988861084, 5.5701093673706055, 5.527233123779297, 5.4976487159729, 5.470046043395996, 5.44437837600708, 5.420603275299072, 5.398681163787842, 5.378576755523682, 5.360257148742676, 5.343693256378174, 5.328858852386475, 5.315730094909668, 5.304286956787109, 5.294510841369629, 5.286386966705322, 5.279902935028076, 5.275048732757568, 5.271816730499268, 5.270201683044434, 5.270201683044434, 5.271816730499268, 5.275048732757568, 5.279902935028076, 5.286386966705322, 5.294510841369629, 5.304286956787109, 5.315730094909668, 5.328858852386475, 5.343693256378174, 5.360257148742676, 5.378576755523682, 5.398681163787842, 5.420603275299072, 5.44437837600708, 5.470046043395996, 5.4976487159729, 5.527233123779297, 5.558849334716797, 5.592552661895752, 5.628401279449463, 5.666459560394287, 5.706796169281006, 5.749484539031982, 5.794604778289795, 5.84224271774292, 5.892489910125732, 5.945446014404297, 6.001217365264893, 6.0599188804626465, 6.121674060821533, 6.186614990234375, 6.254885196685791, 6.326638221740723, 6.402040958404541, 6.481271266937256, 6.564523696899414, 6.652006149291992, 6.743946075439453, 6.840587615966797, 6.942196369171143, 7.049060821533203, 7.161495208740234, 7.279839992523193, 7.404468059539795, 7.51845645904541, 7.656638145446777, 7.809587001800537, 7.767988681793213, 7.703749179840088, 7.591984272003174, 7.485675811767578, 7.3845343589782715, 7.288292407989502, 7.19670295715332, 7.109537601470947, 7.026584625244141, 6.947649002075195, 6.872548580169678, 6.8011155128479, 6.733193397521973, 6.668636798858643, 6.607311248779297, 6.549091339111328, 6.493859767913818, 6.441508769989014, 6.391937255859375, 6.3450517654418945, 6.300764560699463, 6.258995532989502, 6.219669342041016, 6.182716369628906, 6.148071765899658, 6.115675926208496, 6.085474014282227, 6.05741548538208, 6.031453609466553, 6.007545471191406, 5.985651969909668, 5.965738773345947, 5.947772979736328, 5.931726932525635, 5.917574882507324, 5.905294895172119, 5.894867420196533, 5.8862762451171875, 5.879508972167969, 5.87455415725708, 5.871405124664307, 5.87005615234375, 5.8705058097839355, 5.8727545738220215, 5.876805782318115, 5.421672821044922, 5.428749084472656, 5.437511444091797, 5.447973251342773, 5.460151195526123, 5.474064350128174, 5.489734649658203, 5.507186412811279, 5.526447772979736, 5.547549724578857, 5.570526123046875, 5.595414638519287, 5.622256278991699, 5.632668972015381, 5.6742143630981445, 5.714969635009766, 5.732259750366211, 5.463531970977783, 5.227692604064941, 5.005932807922363, 4.796328067779541, 4.615705966949463, 4.450254440307617, 4.2930121421813965, 4.1501383781433105, 4.020201683044434, 3.8965964317321777, 3.7727177143096924, 3.6762890815734863, 3.582580089569092, 3.4754557609558105, 3.38226318359375, 3.3208847045898438, 1.7252099514007568, 1.6887543201446533, 1.6471565961837769, 1.6023873090744019, 1.5769978761672974, 1.5461091995239258, 1.5158277750015259, 1.5126957893371582, 1.48484206199646, 1.4626966714859009, 1.438501238822937, 1.4155198335647583, 1.393681287765503, 1.3729205131530762, 1.3531776666641235, 1.3343974351882935, 1.3165291547775269, 1.2995258569717407, 1.2833442687988281, 1.2679442167282104, 1.2532888650894165, 1.2393436431884766, 1.2260767221450806, 1.2134586572647095, 1.201461911201477, 1.1900609731674194, 1.1792322397232056, 1.1689536571502686, 1.1592046022415161, 1.1499662399291992, 1.1412208080291748, 1.1329517364501953, 1.1251437664031982, 1.1071372032165527, 1.1002758741378784, 1.0938321352005005, 1.0877946615219116, 1.082153081893921, 1.0768979787826538, 1.0720202922821045, 1.0675122737884521, 1.0633662939071655, 1.0595756769180298, 1.0561343431472778, 1.0530368089675903, 1.0502781867980957, 1.0478540658950806, 1.0457607507705688, 1.0439949035644531, 1.0425537824630737, 1.0414352416992188, 1.040637493133545, 1.0401593446731567, 1.0399999618530273]
intensities: [0.0, 0.0, 0.0, 0.0, 0.0, 0.0, 0.0, 0.0, 0.0, 0.0, 0.0, 0.0, 0.0, 0.0, 0.0, 0.0, 0.0, 0.0, 0.0, 0.0, 0.0, 0.0, 0.0, 0.0, 0.0, 0.0, 0.0, 0.0, 0.0, 0.0, 0.0, 0.0, 0.0, 0.0, 0.0, 0.0, 0.0, 0.0, 0.0, 0.0, 0.0, 0.0, 0.0, 0.0, 0.0, 0.0, 0.0, 0.0, 0.0, 0.0, 0.0, 0.0, 0.0, 0.0, 0.0, 0.0, 0.0, 0.0, 0.0, 0.0, 0.0, 0.0, 0.0, 0.0, 0.0, 0.0, 0.0, 0.0, 0.0, 0.0, 0.0, 0.0, 0.0, 0.0, 0.0, 0.0, 0.0, 0.0, 0.0, 0.0, 0.0, 0.0, 0.0, 0.0, 0.0, 0.0, 0.0, 0.0, 0.0, 0.0, 0.0, 0.0, 0.0, 0.0, 0.0, 0.0, 0.0, 0.0, 0.0, 0.0, 0.0, 0.0, 0.0, 0.0, 0.0, 0.0, 0.0, 0.0, 0.0, 0.0, 0.0, 0.0, 0.0, 0.0, 0.0, 0.0, 0.0, 0.0, 0.0, 0.0, 0.0, 0.0, 0.0, 0.0, 0.0, 0.0, 0.0, 0.0, 0.0, 0.0, 0.0, 0.0, 0.0, 0.0, 0.0, 0.0, 0.0, 0.0, 0.0, 0.0, 0.0, 0.0, 0.0, 0.0, 0.0, 0.0, 0.0, 0.0, 0.0, 0.0, 0.0, 0.0, 0.0, 0.0, 0.0, 0.0, 0.0, 0.0, 0.0, 0.0, 0.0, 0.0, 0.0, 0.0, 0.0, 0.0, 0.0, 0.0, 0.0, 0.0, 0.0, 0.0, 0.0, 0.0, 0.0, 0.0, 0.0, 0.0, 0.0, 0.0, 0.0, 0.0, 0.0, 0.0, 0.0, 0.0, 0.0, 0.0, 0.0, 0.0, 0.0, 0.0, 0.0, 0.0, 0.0, 0.0, 0.0, 0.0, 0.0, 0.0, 0.0, 0.0, 0.0, 0.0, 0.0, 0.0, 0.0, 0.0, 0.0, 0.0, 0.0, 0.0, 0.0, 0.0, 0.0, 0.0, 0.0, 0.0, 0.0, 0.0, 0.0, 0.0, 0.0, 0.0, 0.0, 0.0, 0.0, 0.0, 0.0, 0.0, 0.0, 0.0, 0.0, 0.0, 0.0, 0.0, 0.0, 0.0, 0.0, 0.0, 0.0, 0.0, 0.0, 0.0, 0.0, 0.0, 0.0, 0.0, 0.0, 0.0, 0.0, 0.0, 0.0, 0.0, 0.0, 0.0, 0.0, 0.0, 0.0, 0.0, 0.0, 0.0, 0.0, 0.0, 0.0, 0.0, 0.0, 0.0, 0.0, 0.0, 0.0, 0.0, 0.0, 0.0, 0.0, 0.0, 0.0, 0.0, 0.0, 0.0, 0.0, 0.0, 0.0, 0.0, 0.0, 0.0, 0.0, 0.0, 0.0, 0.0, 0.0, 0.0, 0.0, 0.0, 0.0, 0.0, 0.0, 0.0, 0.0, 0.0, 0.0, 0.0, 0.0, 0.0, 0.0, 0.0, 0.0, 0.0, 0.0, 0.0, 0.0, 0.0, 0.0, 0.0, 0.0, 0.0, 0.0, 0.0, 0.0, 0.0, 0.0, 0.0, 0.0, 0.0, 0.0, 0.0, 0.0, 0.0, 0.0, 0.0, 0.0, 0.0, 0.0, 0.0, 0.0, 0.0, 0.0, 0.0, 0.0, 0.0, 0.0, 0.0, 0.0, 0.0, 0.0, 0.0, 0.0, 0.0, 0.0, 0.0, 0.0, 0.0, 0.0, 0.0, 0.0, 0.0, 0.0, 0.0, 0.0, 0.0]
---
header: 
  seq: 265
  stamp: 
    secs: 26
    nsecs: 600000000
  frame_id: "base_laser_link"
angle_min: -3.14159274101
angle_max: 3.14159274101
angle_increment: 0.0175019092858
time_increment: 0.0
scan_time: 0.0
range_min: 0.15000000596
range_max: 16.0
ranges: [1.0399999618530273, 1.0401593446731567, 1.040637493133545, 1.0414352416992188, 1.0425537824630737, 1.0439949035644531, 1.0457607507705688, 1.0478540658950806, 1.0502781867980957, 1.0530368089675903, 1.0561343431472778, 1.0595756769180298, 1.0633662939071655, 1.0675122737884521, 1.0720202922821045, 1.0768979787826538, 1.040531873703003, 0.9831990003585815, 0.9465855360031128, 0.8886843919754028, 0.8516440391540527, 0.8143897652626038, 0.7768811583518982, 0.7390763163566589, 0.7009318470954895, 0.684482753276825, 0.667973518371582, 0.6738470196723938, 0.680034875869751, 0.6865496635437012, 0.6934049725532532, 0.7006152868270874, 0.7081963419914246, 0.7161650657653809, 0.724539577960968, 0.7333395481109619, 0.7425861954689026, 0.752302348613739, 0.7625128030776978, 0.7732443809509277, 0.784525990486145, 0.7963892817497253, 0.8088684678077698, 0.8220006823539734, 0.8358266353607178, 0.846677839756012, 0.8600462079048157, 0.8732311725616455, 0.8862578272819519, 0.8991494178771973, 0.9119277596473694, 0.9502969980239868, 0.9625557661056519, 0.9747763872146606, 1.0116496086120605, 1.0235379934310913, 1.0595300197601318, 1.0950078964233398, 1.1064825057983398, 1.1413383483886719, 1.1758192777633667, 1.2328013181686401, 1.2664544582366943, 1.2998759746551514, 1.355324149131775, 1.4102526903152466, 1.4647276401519775, 1.518812656402588, 1.5941109657287598, 1.668846607208252, 1.7678730487823486, 1.8677842617034912, 1.9676278829574585, 2.0741329193115234, 2.1998178958892822, 2.3471386432647705, 2.3324546813964844, 2.3261430263519287, 2.304126739501953, 2.293163299560547, 2.295628070831299, 2.289888858795166, 2.2869977951049805, 2.2826902866363525, 2.2808961868286133, 2.2577977180480957, 2.254854679107666, 2.25260853767395, 2.2510557174682617, 2.2501938343048096, 2.250021457672119, 2.2505385875701904, 2.2517457008361816, 2.2536447048187256, 2.2562389373779297, 2.2595317363739014, 2.26352858543396, 2.268235683441162, 2.273660182952881, 2.279810905456543, 2.2866971492767334, 2.29433012008667, 2.3027217388153076, 2.3118858337402344, 2.3218374252319336, 2.332592248916626, 2.3441689014434814, 2.356586217880249, 2.369865655899048, 2.3840301036834717, 2.399103879928589, 2.415114164352417, 2.4320895671844482, 2.450061082839966, 2.469062089920044, 2.489128589630127, 2.51029896736145, 2.5326151847839355, 2.556121587753296, 2.5808663368225098, 2.606901168823242, 2.634281873703003, 2.6630680561065674, 2.693324565887451, 2.725120782852173, 2.7585318088531494, 2.7936384677886963, 2.830528497695923, 2.8692965507507324, 2.9100451469421387, 2.952885150909424, 2.9979372024536133, 3.045332908630371, 3.095214366912842, 3.147737503051758, 3.18487811088562, 3.249882221221924, 3.3160650730133057, 3.383617877960205, 3.45274019241333, 3.523641586303711, 3.596544027328491, 3.671684503555298, 3.7493174076080322, 3.8543150424957275, 3.937483310699463, 4.060210227966309, 4.164941787719727, 4.285311698913574, 4.402790546417236, 4.528440952301025, 4.689599514007568, 4.832143783569336, 5.008004188537598, 5.193634033203125, 5.388294696807861, 5.599663257598877, 5.710626125335693, 5.6763176918029785, 5.631732940673828, 5.605679988861084, 5.5701093673706055, 5.527233123779297, 5.4976487159729, 5.470046043395996, 5.44437837600708, 5.420603275299072, 5.398681163787842, 5.378576755523682, 5.360257148742676, 5.343693256378174, 5.328858852386475, 5.315730094909668, 5.304286956787109, 5.294510841369629, 5.286386966705322, 5.279902935028076, 5.275048732757568, 5.271816730499268, 5.270201683044434, 5.270201683044434, 5.271816730499268, 5.275048732757568, 5.279902935028076, 5.286386966705322, 5.294510841369629, 5.304286956787109, 5.315730094909668, 5.328858852386475, 5.343693256378174, 5.360257148742676, 5.378576755523682, 5.398681163787842, 5.420603275299072, 5.44437837600708, 5.470046043395996, 5.4976487159729, 5.527233123779297, 5.558849334716797, 5.592552661895752, 5.628401279449463, 5.666459560394287, 5.706796169281006, 5.749484539031982, 5.794604778289795, 5.84224271774292, 5.892489910125732, 5.945446014404297, 6.001217365264893, 6.0599188804626465, 6.121674060821533, 6.186614990234375, 6.254885196685791, 6.326638221740723, 6.402040958404541, 6.481271266937256, 6.564523696899414, 6.652006149291992, 6.743946075439453, 6.840587615966797, 6.942196369171143, 7.049060821533203, 7.161495208740234, 7.279839992523193, 7.404468059539795, 7.51845645904541, 7.656638145446777, 7.809587001800537, 7.767988681793213, 7.703749179840088, 7.591984272003174, 7.485675811767578, 7.3845343589782715, 7.288292407989502, 7.19670295715332, 7.109537601470947, 7.026584625244141, 6.947649002075195, 6.872548580169678, 6.8011155128479, 6.733193397521973, 6.668636798858643, 6.607311248779297, 6.549091339111328, 6.493859767913818, 6.441508769989014, 6.391937255859375, 6.3450517654418945, 6.300764560699463, 6.258995532989502, 6.219669342041016, 6.182716369628906, 6.148071765899658, 6.115675926208496, 6.085474014282227, 6.05741548538208, 6.031453609466553, 6.007545471191406, 5.985651969909668, 5.965738773345947, 5.947772979736328, 5.931726932525635, 5.917574882507324, 5.905294895172119, 5.894867420196533, 5.8862762451171875, 5.879508972167969, 5.87455415725708, 5.871405124664307, 5.87005615234375, 5.8705058097839355, 5.8727545738220215, 5.876805782318115, 5.421672821044922, 5.428749084472656, 5.437511444091797, 5.447973251342773, 5.460151195526123, 5.474064350128174, 5.489734649658203, 5.507186412811279, 5.526447772979736, 5.547549724578857, 5.570526123046875, 5.595414638519287, 5.622256278991699, 5.632668972015381, 5.6742143630981445, 5.714969635009766, 5.732259750366211, 5.463531970977783, 5.227692604064941, 5.005932807922363, 4.796328067779541, 4.615705966949463, 4.450254440307617, 4.2930121421813965, 4.1501383781433105, 4.020201683044434, 3.8965964317321777, 3.7727177143096924, 3.6762890815734863, 3.582580089569092, 3.4754557609558105, 3.38226318359375, 3.3208847045898438, 1.7252099514007568, 1.6887543201446533, 1.6471565961837769, 1.6023873090744019, 1.5769978761672974, 1.5461091995239258, 1.5158277750015259, 1.5126957893371582, 1.48484206199646, 1.4626966714859009, 1.438501238822937, 1.4155198335647583, 1.393681287765503, 1.3729205131530762, 1.3531776666641235, 1.3343974351882935, 1.3165291547775269, 1.2995258569717407, 1.2833442687988281, 1.2679442167282104, 1.2532888650894165, 1.2393436431884766, 1.2260767221450806, 1.2134586572647095, 1.201461911201477, 1.1900609731674194, 1.1792322397232056, 1.1689536571502686, 1.1592046022415161, 1.1499662399291992, 1.1412208080291748, 1.1329517364501953, 1.1251437664031982, 1.1071372032165527, 1.1002758741378784, 1.0938321352005005, 1.0877946615219116, 1.082153081893921, 1.0768979787826538, 1.0720202922821045, 1.0675122737884521, 1.0633662939071655, 1.0595756769180298, 1.0561343431472778, 1.0530368089675903, 1.0502781867980957, 1.0478540658950806, 1.0457607507705688, 1.0439949035644531, 1.0425537824630737, 1.0414352416992188, 1.040637493133545, 1.0401593446731567, 1.0399999618530273]
intensities: [0.0, 0.0, 0.0, 0.0, 0.0, 0.0, 0.0, 0.0, 0.0, 0.0, 0.0, 0.0, 0.0, 0.0, 0.0, 0.0, 0.0, 0.0, 0.0, 0.0, 0.0, 0.0, 0.0, 0.0, 0.0, 0.0, 0.0, 0.0, 0.0, 0.0, 0.0, 0.0, 0.0, 0.0, 0.0, 0.0, 0.0, 0.0, 0.0, 0.0, 0.0, 0.0, 0.0, 0.0, 0.0, 0.0, 0.0, 0.0, 0.0, 0.0, 0.0, 0.0, 0.0, 0.0, 0.0, 0.0, 0.0, 0.0, 0.0, 0.0, 0.0, 0.0, 0.0, 0.0, 0.0, 0.0, 0.0, 0.0, 0.0, 0.0, 0.0, 0.0, 0.0, 0.0, 0.0, 0.0, 0.0, 0.0, 0.0, 0.0, 0.0, 0.0, 0.0, 0.0, 0.0, 0.0, 0.0, 0.0, 0.0, 0.0, 0.0, 0.0, 0.0, 0.0, 0.0, 0.0, 0.0, 0.0, 0.0, 0.0, 0.0, 0.0, 0.0, 0.0, 0.0, 0.0, 0.0, 0.0, 0.0, 0.0, 0.0, 0.0, 0.0, 0.0, 0.0, 0.0, 0.0, 0.0, 0.0, 0.0, 0.0, 0.0, 0.0, 0.0, 0.0, 0.0, 0.0, 0.0, 0.0, 0.0, 0.0, 0.0, 0.0, 0.0, 0.0, 0.0, 0.0, 0.0, 0.0, 0.0, 0.0, 0.0, 0.0, 0.0, 0.0, 0.0, 0.0, 0.0, 0.0, 0.0, 0.0, 0.0, 0.0, 0.0, 0.0, 0.0, 0.0, 0.0, 0.0, 0.0, 0.0, 0.0, 0.0, 0.0, 0.0, 0.0, 0.0, 0.0, 0.0, 0.0, 0.0, 0.0, 0.0, 0.0, 0.0, 0.0, 0.0, 0.0, 0.0, 0.0, 0.0, 0.0, 0.0, 0.0, 0.0, 0.0, 0.0, 0.0, 0.0, 0.0, 0.0, 0.0, 0.0, 0.0, 0.0, 0.0, 0.0, 0.0, 0.0, 0.0, 0.0, 0.0, 0.0, 0.0, 0.0, 0.0, 0.0, 0.0, 0.0, 0.0, 0.0, 0.0, 0.0, 0.0, 0.0, 0.0, 0.0, 0.0, 0.0, 0.0, 0.0, 0.0, 0.0, 0.0, 0.0, 0.0, 0.0, 0.0, 0.0, 0.0, 0.0, 0.0, 0.0, 0.0, 0.0, 0.0, 0.0, 0.0, 0.0, 0.0, 0.0, 0.0, 0.0, 0.0, 0.0, 0.0, 0.0, 0.0, 0.0, 0.0, 0.0, 0.0, 0.0, 0.0, 0.0, 0.0, 0.0, 0.0, 0.0, 0.0, 0.0, 0.0, 0.0, 0.0, 0.0, 0.0, 0.0, 0.0, 0.0, 0.0, 0.0, 0.0, 0.0, 0.0, 0.0, 0.0, 0.0, 0.0, 0.0, 0.0, 0.0, 0.0, 0.0, 0.0, 0.0, 0.0, 0.0, 0.0, 0.0, 0.0, 0.0, 0.0, 0.0, 0.0, 0.0, 0.0, 0.0, 0.0, 0.0, 0.0, 0.0, 0.0, 0.0, 0.0, 0.0, 0.0, 0.0, 0.0, 0.0, 0.0, 0.0, 0.0, 0.0, 0.0, 0.0, 0.0, 0.0, 0.0, 0.0, 0.0, 0.0, 0.0, 0.0, 0.0, 0.0, 0.0, 0.0, 0.0, 0.0, 0.0, 0.0, 0.0, 0.0, 0.0, 0.0, 0.0, 0.0, 0.0, 0.0, 0.0, 0.0, 0.0, 0.0, 0.0, 0.0, 0.0, 0.0, 0.0, 0.0, 0.0, 0.0, 0.0, 0.0, 0.0, 0.0, 0.0, 0.0, 0.0, 0.0, 0.0]
---
header: 
  seq: 266
  stamp: 
    secs: 26
    nsecs: 700000000
  frame_id: "base_laser_link"
angle_min: -3.14159274101
angle_max: 3.14159274101
angle_increment: 0.0175019092858
time_increment: 0.0
scan_time: 0.0
range_min: 0.15000000596
range_max: 16.0
ranges: [1.0399999618530273, 1.0401593446731567, 1.040637493133545, 1.0414352416992188, 1.0425537824630737, 1.0439949035644531, 1.0457607507705688, 1.0478540658950806, 1.0502781867980957, 1.0530368089675903, 1.0561343431472778, 1.0595756769180298, 1.0633662939071655, 1.0675122737884521, 1.0720202922821045, 1.0768979787826538, 1.040531873703003, 0.9831990003585815, 0.9465855360031128, 0.8886843919754028, 0.8516440391540527, 0.8143897652626038, 0.7768811583518982, 0.7390763163566589, 0.7009318470954895, 0.684482753276825, 0.667973518371582, 0.6738470196723938, 0.680034875869751, 0.6865496635437012, 0.6934049725532532, 0.7006152868270874, 0.7081963419914246, 0.7161650657653809, 0.724539577960968, 0.7333395481109619, 0.7425861954689026, 0.752302348613739, 0.7625128030776978, 0.7732443809509277, 0.784525990486145, 0.7963892817497253, 0.8088684678077698, 0.8220006823539734, 0.8358266353607178, 0.846677839756012, 0.8600462079048157, 0.8732311725616455, 0.8862578272819519, 0.8991494178771973, 0.9119277596473694, 0.9502969980239868, 0.9625557661056519, 0.9747763872146606, 1.0116496086120605, 1.0235379934310913, 1.0595300197601318, 1.0950078964233398, 1.1064825057983398, 1.1413383483886719, 1.1758192777633667, 1.2328013181686401, 1.2664544582366943, 1.2998759746551514, 1.355324149131775, 1.4102526903152466, 1.4647276401519775, 1.518812656402588, 1.5941109657287598, 1.668846607208252, 1.7678730487823486, 1.8677842617034912, 1.9676278829574585, 2.0741329193115234, 2.1998178958892822, 2.3471386432647705, 2.3324546813964844, 2.3261430263519287, 2.304126739501953, 2.293163299560547, 2.295628070831299, 2.289888858795166, 2.2869977951049805, 2.2826902866363525, 2.2808961868286133, 2.2577977180480957, 2.254854679107666, 2.25260853767395, 2.2510557174682617, 2.2501938343048096, 2.250021457672119, 2.2505385875701904, 2.2517457008361816, 2.2536447048187256, 2.2562389373779297, 2.2595317363739014, 2.26352858543396, 2.268235683441162, 2.273660182952881, 2.279810905456543, 2.2866971492767334, 2.29433012008667, 2.3027217388153076, 2.3118858337402344, 2.3218374252319336, 2.332592248916626, 2.3441689014434814, 2.356586217880249, 2.369865655899048, 2.3840301036834717, 2.399103879928589, 2.415114164352417, 2.4320895671844482, 2.450061082839966, 2.469062089920044, 2.489128589630127, 2.51029896736145, 2.5326151847839355, 2.556121587753296, 2.5808663368225098, 2.606901168823242, 2.634281873703003, 2.6630680561065674, 2.693324565887451, 2.725120782852173, 2.7585318088531494, 2.7936384677886963, 2.830528497695923, 2.8692965507507324, 2.9100451469421387, 2.952885150909424, 2.9979372024536133, 3.045332908630371, 3.095214366912842, 3.147737503051758, 3.18487811088562, 3.249882221221924, 3.3160650730133057, 3.383617877960205, 3.45274019241333, 3.523641586303711, 3.596544027328491, 3.671684503555298, 3.7493174076080322, 3.8543150424957275, 3.937483310699463, 4.060210227966309, 4.164941787719727, 4.285311698913574, 4.402790546417236, 4.528440952301025, 4.689599514007568, 4.832143783569336, 5.008004188537598, 5.193634033203125, 5.388294696807861, 5.599663257598877, 5.710626125335693, 5.6763176918029785, 5.631732940673828, 5.605679988861084, 5.5701093673706055, 5.527233123779297, 5.4976487159729, 5.470046043395996, 5.44437837600708, 5.420603275299072, 5.398681163787842, 5.378576755523682, 5.360257148742676, 5.343693256378174, 5.328858852386475, 5.315730094909668, 5.304286956787109, 5.294510841369629, 5.286386966705322, 5.279902935028076, 5.275048732757568, 5.271816730499268, 5.270201683044434, 5.270201683044434, 5.271816730499268, 5.275048732757568, 5.279902935028076, 5.286386966705322, 5.294510841369629, 5.304286956787109, 5.315730094909668, 5.328858852386475, 5.343693256378174, 5.360257148742676, 5.378576755523682, 5.398681163787842, 5.420603275299072, 5.44437837600708, 5.470046043395996, 5.4976487159729, 5.527233123779297, 5.558849334716797, 5.592552661895752, 5.628401279449463, 5.666459560394287, 5.706796169281006, 5.749484539031982, 5.794604778289795, 5.84224271774292, 5.892489910125732, 5.945446014404297, 6.001217365264893, 6.0599188804626465, 6.121674060821533, 6.186614990234375, 6.254885196685791, 6.326638221740723, 6.402040958404541, 6.481271266937256, 6.564523696899414, 6.652006149291992, 6.743946075439453, 6.840587615966797, 6.942196369171143, 7.049060821533203, 7.161495208740234, 7.279839992523193, 7.404468059539795, 7.51845645904541, 7.656638145446777, 7.809587001800537, 7.767988681793213, 7.703749179840088, 7.591984272003174, 7.485675811767578, 7.3845343589782715, 7.288292407989502, 7.19670295715332, 7.109537601470947, 7.026584625244141, 6.947649002075195, 6.872548580169678, 6.8011155128479, 6.733193397521973, 6.668636798858643, 6.607311248779297, 6.549091339111328, 6.493859767913818, 6.441508769989014, 6.391937255859375, 6.3450517654418945, 6.300764560699463, 6.258995532989502, 6.219669342041016, 6.182716369628906, 6.148071765899658, 6.115675926208496, 6.085474014282227, 6.05741548538208, 6.031453609466553, 6.007545471191406, 5.985651969909668, 5.965738773345947, 5.947772979736328, 5.931726932525635, 5.917574882507324, 5.905294895172119, 5.894867420196533, 5.8862762451171875, 5.879508972167969, 5.87455415725708, 5.871405124664307, 5.87005615234375, 5.8705058097839355, 5.8727545738220215, 5.876805782318115, 5.421672821044922, 5.428749084472656, 5.437511444091797, 5.447973251342773, 5.460151195526123, 5.474064350128174, 5.489734649658203, 5.507186412811279, 5.526447772979736, 5.547549724578857, 5.570526123046875, 5.595414638519287, 5.622256278991699, 5.632668972015381, 5.6742143630981445, 5.714969635009766, 5.732259750366211, 5.463531970977783, 5.227692604064941, 5.005932807922363, 4.796328067779541, 4.615705966949463, 4.450254440307617, 4.2930121421813965, 4.1501383781433105, 4.020201683044434, 3.8965964317321777, 3.7727177143096924, 3.6762890815734863, 3.582580089569092, 3.4754557609558105, 3.38226318359375, 3.3208847045898438, 1.7252099514007568, 1.6887543201446533, 1.6471565961837769, 1.6023873090744019, 1.5769978761672974, 1.5461091995239258, 1.5158277750015259, 1.5126957893371582, 1.48484206199646, 1.4626966714859009, 1.438501238822937, 1.4155198335647583, 1.393681287765503, 1.3729205131530762, 1.3531776666641235, 1.3343974351882935, 1.3165291547775269, 1.2995258569717407, 1.2833442687988281, 1.2679442167282104, 1.2532888650894165, 1.2393436431884766, 1.2260767221450806, 1.2134586572647095, 1.201461911201477, 1.1900609731674194, 1.1792322397232056, 1.1689536571502686, 1.1592046022415161, 1.1499662399291992, 1.1412208080291748, 1.1329517364501953, 1.1251437664031982, 1.1071372032165527, 1.1002758741378784, 1.0938321352005005, 1.0877946615219116, 1.082153081893921, 1.0768979787826538, 1.0720202922821045, 1.0675122737884521, 1.0633662939071655, 1.0595756769180298, 1.0561343431472778, 1.0530368089675903, 1.0502781867980957, 1.0478540658950806, 1.0457607507705688, 1.0439949035644531, 1.0425537824630737, 1.0414352416992188, 1.040637493133545, 1.0401593446731567, 1.0399999618530273]
intensities: [0.0, 0.0, 0.0, 0.0, 0.0, 0.0, 0.0, 0.0, 0.0, 0.0, 0.0, 0.0, 0.0, 0.0, 0.0, 0.0, 0.0, 0.0, 0.0, 0.0, 0.0, 0.0, 0.0, 0.0, 0.0, 0.0, 0.0, 0.0, 0.0, 0.0, 0.0, 0.0, 0.0, 0.0, 0.0, 0.0, 0.0, 0.0, 0.0, 0.0, 0.0, 0.0, 0.0, 0.0, 0.0, 0.0, 0.0, 0.0, 0.0, 0.0, 0.0, 0.0, 0.0, 0.0, 0.0, 0.0, 0.0, 0.0, 0.0, 0.0, 0.0, 0.0, 0.0, 0.0, 0.0, 0.0, 0.0, 0.0, 0.0, 0.0, 0.0, 0.0, 0.0, 0.0, 0.0, 0.0, 0.0, 0.0, 0.0, 0.0, 0.0, 0.0, 0.0, 0.0, 0.0, 0.0, 0.0, 0.0, 0.0, 0.0, 0.0, 0.0, 0.0, 0.0, 0.0, 0.0, 0.0, 0.0, 0.0, 0.0, 0.0, 0.0, 0.0, 0.0, 0.0, 0.0, 0.0, 0.0, 0.0, 0.0, 0.0, 0.0, 0.0, 0.0, 0.0, 0.0, 0.0, 0.0, 0.0, 0.0, 0.0, 0.0, 0.0, 0.0, 0.0, 0.0, 0.0, 0.0, 0.0, 0.0, 0.0, 0.0, 0.0, 0.0, 0.0, 0.0, 0.0, 0.0, 0.0, 0.0, 0.0, 0.0, 0.0, 0.0, 0.0, 0.0, 0.0, 0.0, 0.0, 0.0, 0.0, 0.0, 0.0, 0.0, 0.0, 0.0, 0.0, 0.0, 0.0, 0.0, 0.0, 0.0, 0.0, 0.0, 0.0, 0.0, 0.0, 0.0, 0.0, 0.0, 0.0, 0.0, 0.0, 0.0, 0.0, 0.0, 0.0, 0.0, 0.0, 0.0, 0.0, 0.0, 0.0, 0.0, 0.0, 0.0, 0.0, 0.0, 0.0, 0.0, 0.0, 0.0, 0.0, 0.0, 0.0, 0.0, 0.0, 0.0, 0.0, 0.0, 0.0, 0.0, 0.0, 0.0, 0.0, 0.0, 0.0, 0.0, 0.0, 0.0, 0.0, 0.0, 0.0, 0.0, 0.0, 0.0, 0.0, 0.0, 0.0, 0.0, 0.0, 0.0, 0.0, 0.0, 0.0, 0.0, 0.0, 0.0, 0.0, 0.0, 0.0, 0.0, 0.0, 0.0, 0.0, 0.0, 0.0, 0.0, 0.0, 0.0, 0.0, 0.0, 0.0, 0.0, 0.0, 0.0, 0.0, 0.0, 0.0, 0.0, 0.0, 0.0, 0.0, 0.0, 0.0, 0.0, 0.0, 0.0, 0.0, 0.0, 0.0, 0.0, 0.0, 0.0, 0.0, 0.0, 0.0, 0.0, 0.0, 0.0, 0.0, 0.0, 0.0, 0.0, 0.0, 0.0, 0.0, 0.0, 0.0, 0.0, 0.0, 0.0, 0.0, 0.0, 0.0, 0.0, 0.0, 0.0, 0.0, 0.0, 0.0, 0.0, 0.0, 0.0, 0.0, 0.0, 0.0, 0.0, 0.0, 0.0, 0.0, 0.0, 0.0, 0.0, 0.0, 0.0, 0.0, 0.0, 0.0, 0.0, 0.0, 0.0, 0.0, 0.0, 0.0, 0.0, 0.0, 0.0, 0.0, 0.0, 0.0, 0.0, 0.0, 0.0, 0.0, 0.0, 0.0, 0.0, 0.0, 0.0, 0.0, 0.0, 0.0, 0.0, 0.0, 0.0, 0.0, 0.0, 0.0, 0.0, 0.0, 0.0, 0.0, 0.0, 0.0, 0.0, 0.0, 0.0, 0.0, 0.0, 0.0, 0.0, 0.0, 0.0, 0.0, 0.0, 0.0, 0.0, 0.0, 0.0]
---
header: 
  seq: 267
  stamp: 
    secs: 26
    nsecs: 800000000
  frame_id: "base_laser_link"
angle_min: -3.14159274101
angle_max: 3.14159274101
angle_increment: 0.0175019092858
time_increment: 0.0
scan_time: 0.0
range_min: 0.15000000596
range_max: 16.0
ranges: [1.0399999618530273, 1.0401593446731567, 1.040637493133545, 1.0414352416992188, 1.0425537824630737, 1.0439949035644531, 1.0457607507705688, 1.0478540658950806, 1.0502781867980957, 1.0530368089675903, 1.0561343431472778, 1.0595756769180298, 1.0633662939071655, 1.0675122737884521, 1.0720202922821045, 1.0768979787826538, 1.040531873703003, 0.9831990003585815, 0.9465855360031128, 0.8886843919754028, 0.8516440391540527, 0.8143897652626038, 0.7768811583518982, 0.7390763163566589, 0.7009318470954895, 0.684482753276825, 0.667973518371582, 0.6738470196723938, 0.680034875869751, 0.6865496635437012, 0.6934049725532532, 0.7006152868270874, 0.7081963419914246, 0.7161650657653809, 0.724539577960968, 0.7333395481109619, 0.7425861954689026, 0.752302348613739, 0.7625128030776978, 0.7732443809509277, 0.784525990486145, 0.7963892817497253, 0.8088684678077698, 0.8220006823539734, 0.8358266353607178, 0.846677839756012, 0.8600462079048157, 0.8732311725616455, 0.8862578272819519, 0.8991494178771973, 0.9119277596473694, 0.9502969980239868, 0.9625557661056519, 0.9747763872146606, 1.0116496086120605, 1.0235379934310913, 1.0595300197601318, 1.0950078964233398, 1.1064825057983398, 1.1413383483886719, 1.1758192777633667, 1.2328013181686401, 1.2664544582366943, 1.2998759746551514, 1.355324149131775, 1.4102526903152466, 1.4647276401519775, 1.518812656402588, 1.5941109657287598, 1.668846607208252, 1.7678730487823486, 1.8677842617034912, 1.9676278829574585, 2.0741329193115234, 2.1998178958892822, 2.3471386432647705, 2.3324546813964844, 2.3261430263519287, 2.304126739501953, 2.293163299560547, 2.295628070831299, 2.289888858795166, 2.2869977951049805, 2.2826902866363525, 2.2808961868286133, 2.2577977180480957, 2.254854679107666, 2.25260853767395, 2.2510557174682617, 2.2501938343048096, 2.250021457672119, 2.2505385875701904, 2.2517457008361816, 2.2536447048187256, 2.2562389373779297, 2.2595317363739014, 2.26352858543396, 2.268235683441162, 2.273660182952881, 2.279810905456543, 2.2866971492767334, 2.29433012008667, 2.3027217388153076, 2.3118858337402344, 2.3218374252319336, 2.332592248916626, 2.3441689014434814, 2.356586217880249, 2.369865655899048, 2.3840301036834717, 2.399103879928589, 2.415114164352417, 2.4320895671844482, 2.450061082839966, 2.469062089920044, 2.489128589630127, 2.51029896736145, 2.5326151847839355, 2.556121587753296, 2.5808663368225098, 2.606901168823242, 2.634281873703003, 2.6630680561065674, 2.693324565887451, 2.725120782852173, 2.7585318088531494, 2.7936384677886963, 2.830528497695923, 2.8692965507507324, 2.9100451469421387, 2.952885150909424, 2.9979372024536133, 3.045332908630371, 3.095214366912842, 3.147737503051758, 3.18487811088562, 3.249882221221924, 3.3160650730133057, 3.383617877960205, 3.45274019241333, 3.523641586303711, 3.596544027328491, 3.671684503555298, 3.7493174076080322, 3.8543150424957275, 3.937483310699463, 4.060210227966309, 4.164941787719727, 4.285311698913574, 4.402790546417236, 4.528440952301025, 4.689599514007568, 4.832143783569336, 5.008004188537598, 5.193634033203125, 5.388294696807861, 5.599663257598877, 5.710626125335693, 5.6763176918029785, 5.631732940673828, 5.605679988861084, 5.5701093673706055, 5.527233123779297, 5.4976487159729, 5.470046043395996, 5.44437837600708, 5.420603275299072, 5.398681163787842, 5.378576755523682, 5.360257148742676, 5.343693256378174, 5.328858852386475, 5.315730094909668, 5.304286956787109, 5.294510841369629, 5.286386966705322, 5.279902935028076, 5.275048732757568, 5.271816730499268, 5.270201683044434, 5.270201683044434, 5.271816730499268, 5.275048732757568, 5.279902935028076, 5.286386966705322, 5.294510841369629, 5.304286956787109, 5.315730094909668, 5.328858852386475, 5.343693256378174, 5.360257148742676, 5.378576755523682, 5.398681163787842, 5.420603275299072, 5.44437837600708, 5.470046043395996, 5.4976487159729, 5.527233123779297, 5.558849334716797, 5.592552661895752, 5.628401279449463, 5.666459560394287, 5.706796169281006, 5.749484539031982, 5.794604778289795, 5.84224271774292, 5.892489910125732, 5.945446014404297, 6.001217365264893, 6.0599188804626465, 6.121674060821533, 6.186614990234375, 6.254885196685791, 6.326638221740723, 6.402040958404541, 6.481271266937256, 6.564523696899414, 6.652006149291992, 6.743946075439453, 6.840587615966797, 6.942196369171143, 7.049060821533203, 7.161495208740234, 7.279839992523193, 7.404468059539795, 7.51845645904541, 7.656638145446777, 7.809587001800537, 7.767988681793213, 7.703749179840088, 7.591984272003174, 7.485675811767578, 7.3845343589782715, 7.288292407989502, 7.19670295715332, 7.109537601470947, 7.026584625244141, 6.947649002075195, 6.872548580169678, 6.8011155128479, 6.733193397521973, 6.668636798858643, 6.607311248779297, 6.549091339111328, 6.493859767913818, 6.441508769989014, 6.391937255859375, 6.3450517654418945, 6.300764560699463, 6.258995532989502, 6.219669342041016, 6.182716369628906, 6.148071765899658, 6.115675926208496, 6.085474014282227, 6.05741548538208, 6.031453609466553, 6.007545471191406, 5.985651969909668, 5.965738773345947, 5.947772979736328, 5.931726932525635, 5.917574882507324, 5.905294895172119, 5.894867420196533, 5.8862762451171875, 5.879508972167969, 5.87455415725708, 5.871405124664307, 5.87005615234375, 5.8705058097839355, 5.8727545738220215, 5.876805782318115, 5.421672821044922, 5.428749084472656, 5.437511444091797, 5.447973251342773, 5.460151195526123, 5.474064350128174, 5.489734649658203, 5.507186412811279, 5.526447772979736, 5.547549724578857, 5.570526123046875, 5.595414638519287, 5.622256278991699, 5.632668972015381, 5.6742143630981445, 5.714969635009766, 5.732259750366211, 5.463531970977783, 5.227692604064941, 5.005932807922363, 4.796328067779541, 4.615705966949463, 4.450254440307617, 4.2930121421813965, 4.1501383781433105, 4.020201683044434, 3.8965964317321777, 3.7727177143096924, 3.6762890815734863, 3.582580089569092, 3.4754557609558105, 3.38226318359375, 3.3208847045898438, 1.7252099514007568, 1.6887543201446533, 1.6471565961837769, 1.6023873090744019, 1.5769978761672974, 1.5461091995239258, 1.5158277750015259, 1.5126957893371582, 1.48484206199646, 1.4626966714859009, 1.438501238822937, 1.4155198335647583, 1.393681287765503, 1.3729205131530762, 1.3531776666641235, 1.3343974351882935, 1.3165291547775269, 1.2995258569717407, 1.2833442687988281, 1.2679442167282104, 1.2532888650894165, 1.2393436431884766, 1.2260767221450806, 1.2134586572647095, 1.201461911201477, 1.1900609731674194, 1.1792322397232056, 1.1689536571502686, 1.1592046022415161, 1.1499662399291992, 1.1412208080291748, 1.1329517364501953, 1.1251437664031982, 1.1071372032165527, 1.1002758741378784, 1.0938321352005005, 1.0877946615219116, 1.082153081893921, 1.0768979787826538, 1.0720202922821045, 1.0675122737884521, 1.0633662939071655, 1.0595756769180298, 1.0561343431472778, 1.0530368089675903, 1.0502781867980957, 1.0478540658950806, 1.0457607507705688, 1.0439949035644531, 1.0425537824630737, 1.0414352416992188, 1.040637493133545, 1.0401593446731567, 1.0399999618530273]
intensities: [0.0, 0.0, 0.0, 0.0, 0.0, 0.0, 0.0, 0.0, 0.0, 0.0, 0.0, 0.0, 0.0, 0.0, 0.0, 0.0, 0.0, 0.0, 0.0, 0.0, 0.0, 0.0, 0.0, 0.0, 0.0, 0.0, 0.0, 0.0, 0.0, 0.0, 0.0, 0.0, 0.0, 0.0, 0.0, 0.0, 0.0, 0.0, 0.0, 0.0, 0.0, 0.0, 0.0, 0.0, 0.0, 0.0, 0.0, 0.0, 0.0, 0.0, 0.0, 0.0, 0.0, 0.0, 0.0, 0.0, 0.0, 0.0, 0.0, 0.0, 0.0, 0.0, 0.0, 0.0, 0.0, 0.0, 0.0, 0.0, 0.0, 0.0, 0.0, 0.0, 0.0, 0.0, 0.0, 0.0, 0.0, 0.0, 0.0, 0.0, 0.0, 0.0, 0.0, 0.0, 0.0, 0.0, 0.0, 0.0, 0.0, 0.0, 0.0, 0.0, 0.0, 0.0, 0.0, 0.0, 0.0, 0.0, 0.0, 0.0, 0.0, 0.0, 0.0, 0.0, 0.0, 0.0, 0.0, 0.0, 0.0, 0.0, 0.0, 0.0, 0.0, 0.0, 0.0, 0.0, 0.0, 0.0, 0.0, 0.0, 0.0, 0.0, 0.0, 0.0, 0.0, 0.0, 0.0, 0.0, 0.0, 0.0, 0.0, 0.0, 0.0, 0.0, 0.0, 0.0, 0.0, 0.0, 0.0, 0.0, 0.0, 0.0, 0.0, 0.0, 0.0, 0.0, 0.0, 0.0, 0.0, 0.0, 0.0, 0.0, 0.0, 0.0, 0.0, 0.0, 0.0, 0.0, 0.0, 0.0, 0.0, 0.0, 0.0, 0.0, 0.0, 0.0, 0.0, 0.0, 0.0, 0.0, 0.0, 0.0, 0.0, 0.0, 0.0, 0.0, 0.0, 0.0, 0.0, 0.0, 0.0, 0.0, 0.0, 0.0, 0.0, 0.0, 0.0, 0.0, 0.0, 0.0, 0.0, 0.0, 0.0, 0.0, 0.0, 0.0, 0.0, 0.0, 0.0, 0.0, 0.0, 0.0, 0.0, 0.0, 0.0, 0.0, 0.0, 0.0, 0.0, 0.0, 0.0, 0.0, 0.0, 0.0, 0.0, 0.0, 0.0, 0.0, 0.0, 0.0, 0.0, 0.0, 0.0, 0.0, 0.0, 0.0, 0.0, 0.0, 0.0, 0.0, 0.0, 0.0, 0.0, 0.0, 0.0, 0.0, 0.0, 0.0, 0.0, 0.0, 0.0, 0.0, 0.0, 0.0, 0.0, 0.0, 0.0, 0.0, 0.0, 0.0, 0.0, 0.0, 0.0, 0.0, 0.0, 0.0, 0.0, 0.0, 0.0, 0.0, 0.0, 0.0, 0.0, 0.0, 0.0, 0.0, 0.0, 0.0, 0.0, 0.0, 0.0, 0.0, 0.0, 0.0, 0.0, 0.0, 0.0, 0.0, 0.0, 0.0, 0.0, 0.0, 0.0, 0.0, 0.0, 0.0, 0.0, 0.0, 0.0, 0.0, 0.0, 0.0, 0.0, 0.0, 0.0, 0.0, 0.0, 0.0, 0.0, 0.0, 0.0, 0.0, 0.0, 0.0, 0.0, 0.0, 0.0, 0.0, 0.0, 0.0, 0.0, 0.0, 0.0, 0.0, 0.0, 0.0, 0.0, 0.0, 0.0, 0.0, 0.0, 0.0, 0.0, 0.0, 0.0, 0.0, 0.0, 0.0, 0.0, 0.0, 0.0, 0.0, 0.0, 0.0, 0.0, 0.0, 0.0, 0.0, 0.0, 0.0, 0.0, 0.0, 0.0, 0.0, 0.0, 0.0, 0.0, 0.0, 0.0, 0.0, 0.0, 0.0, 0.0, 0.0, 0.0, 0.0, 0.0, 0.0, 0.0, 0.0]
---
header: 
  seq: 268
  stamp: 
    secs: 26
    nsecs: 900000000
  frame_id: "base_laser_link"
angle_min: -3.14159274101
angle_max: 3.14159274101
angle_increment: 0.0175019092858
time_increment: 0.0
scan_time: 0.0
range_min: 0.15000000596
range_max: 16.0
ranges: [1.0399999618530273, 1.0401593446731567, 1.040637493133545, 1.0414352416992188, 1.0425537824630737, 1.0439949035644531, 1.0457607507705688, 1.0478540658950806, 1.0502781867980957, 1.0530368089675903, 1.0561343431472778, 1.0595756769180298, 1.0633662939071655, 1.0675122737884521, 1.0720202922821045, 1.0768979787826538, 1.040531873703003, 0.9831990003585815, 0.9465855360031128, 0.8886843919754028, 0.8516440391540527, 0.8143897652626038, 0.7768811583518982, 0.7390763163566589, 0.7009318470954895, 0.684482753276825, 0.667973518371582, 0.6738470196723938, 0.680034875869751, 0.6865496635437012, 0.6934049725532532, 0.7006152868270874, 0.7081963419914246, 0.7161650657653809, 0.724539577960968, 0.7333395481109619, 0.7425861954689026, 0.752302348613739, 0.7625128030776978, 0.7732443809509277, 0.784525990486145, 0.7963892817497253, 0.8088684678077698, 0.8220006823539734, 0.8358266353607178, 0.846677839756012, 0.8600462079048157, 0.8732311725616455, 0.8862578272819519, 0.8991494178771973, 0.9119277596473694, 0.9502969980239868, 0.9625557661056519, 0.9747763872146606, 1.0116496086120605, 1.0235379934310913, 1.0595300197601318, 1.0950078964233398, 1.1064825057983398, 1.1413383483886719, 1.1758192777633667, 1.2328013181686401, 1.2664544582366943, 1.2998759746551514, 1.355324149131775, 1.4102526903152466, 1.4647276401519775, 1.518812656402588, 1.5941109657287598, 1.668846607208252, 1.7678730487823486, 1.8677842617034912, 1.9676278829574585, 2.0741329193115234, 2.1998178958892822, 2.3471386432647705, 2.3324546813964844, 2.3261430263519287, 2.304126739501953, 2.293163299560547, 2.295628070831299, 2.289888858795166, 2.2869977951049805, 2.2826902866363525, 2.2808961868286133, 2.2577977180480957, 2.254854679107666, 2.25260853767395, 2.2510557174682617, 2.2501938343048096, 2.250021457672119, 2.2505385875701904, 2.2517457008361816, 2.2536447048187256, 2.2562389373779297, 2.2595317363739014, 2.26352858543396, 2.268235683441162, 2.273660182952881, 2.279810905456543, 2.2866971492767334, 2.29433012008667, 2.3027217388153076, 2.3118858337402344, 2.3218374252319336, 2.332592248916626, 2.3441689014434814, 2.356586217880249, 2.369865655899048, 2.3840301036834717, 2.399103879928589, 2.415114164352417, 2.4320895671844482, 2.450061082839966, 2.469062089920044, 2.489128589630127, 2.51029896736145, 2.5326151847839355, 2.556121587753296, 2.5808663368225098, 2.606901168823242, 2.634281873703003, 2.6630680561065674, 2.693324565887451, 2.725120782852173, 2.7585318088531494, 2.7936384677886963, 2.830528497695923, 2.8692965507507324, 2.9100451469421387, 2.952885150909424, 2.9979372024536133, 3.045332908630371, 3.095214366912842, 3.147737503051758, 3.18487811088562, 3.249882221221924, 3.3160650730133057, 3.383617877960205, 3.45274019241333, 3.523641586303711, 3.596544027328491, 3.671684503555298, 3.7493174076080322, 3.8543150424957275, 3.937483310699463, 4.060210227966309, 4.164941787719727, 4.285311698913574, 4.402790546417236, 4.528440952301025, 4.689599514007568, 4.832143783569336, 5.008004188537598, 5.193634033203125, 5.388294696807861, 5.599663257598877, 5.710626125335693, 5.6763176918029785, 5.631732940673828, 5.605679988861084, 5.5701093673706055, 5.527233123779297, 5.4976487159729, 5.470046043395996, 5.44437837600708, 5.420603275299072, 5.398681163787842, 5.378576755523682, 5.360257148742676, 5.343693256378174, 5.328858852386475, 5.315730094909668, 5.304286956787109, 5.294510841369629, 5.286386966705322, 5.279902935028076, 5.275048732757568, 5.271816730499268, 5.270201683044434, 5.270201683044434, 5.271816730499268, 5.275048732757568, 5.279902935028076, 5.286386966705322, 5.294510841369629, 5.304286956787109, 5.315730094909668, 5.328858852386475, 5.343693256378174, 5.360257148742676, 5.378576755523682, 5.398681163787842, 5.420603275299072, 5.44437837600708, 5.470046043395996, 5.4976487159729, 5.527233123779297, 5.558849334716797, 5.592552661895752, 5.628401279449463, 5.666459560394287, 5.706796169281006, 5.749484539031982, 5.794604778289795, 5.84224271774292, 5.892489910125732, 5.945446014404297, 6.001217365264893, 6.0599188804626465, 6.121674060821533, 6.186614990234375, 6.254885196685791, 6.326638221740723, 6.402040958404541, 6.481271266937256, 6.564523696899414, 6.652006149291992, 6.743946075439453, 6.840587615966797, 6.942196369171143, 7.049060821533203, 7.161495208740234, 7.279839992523193, 7.404468059539795, 7.51845645904541, 7.656638145446777, 7.809587001800537, 7.767988681793213, 7.703749179840088, 7.591984272003174, 7.485675811767578, 7.3845343589782715, 7.288292407989502, 7.19670295715332, 7.109537601470947, 7.026584625244141, 6.947649002075195, 6.872548580169678, 6.8011155128479, 6.733193397521973, 6.668636798858643, 6.607311248779297, 6.549091339111328, 6.493859767913818, 6.441508769989014, 6.391937255859375, 6.3450517654418945, 6.300764560699463, 6.258995532989502, 6.219669342041016, 6.182716369628906, 6.148071765899658, 6.115675926208496, 6.085474014282227, 6.05741548538208, 6.031453609466553, 6.007545471191406, 5.985651969909668, 5.965738773345947, 5.947772979736328, 5.931726932525635, 5.917574882507324, 5.905294895172119, 5.894867420196533, 5.8862762451171875, 5.879508972167969, 5.87455415725708, 5.871405124664307, 5.87005615234375, 5.8705058097839355, 5.8727545738220215, 5.876805782318115, 5.421672821044922, 5.428749084472656, 5.437511444091797, 5.447973251342773, 5.460151195526123, 5.474064350128174, 5.489734649658203, 5.507186412811279, 5.526447772979736, 5.547549724578857, 5.570526123046875, 5.595414638519287, 5.622256278991699, 5.632668972015381, 5.6742143630981445, 5.714969635009766, 5.732259750366211, 5.463531970977783, 5.227692604064941, 5.005932807922363, 4.796328067779541, 4.615705966949463, 4.450254440307617, 4.2930121421813965, 4.1501383781433105, 4.020201683044434, 3.8965964317321777, 3.7727177143096924, 3.6762890815734863, 3.582580089569092, 3.4754557609558105, 3.38226318359375, 3.3208847045898438, 1.7252099514007568, 1.6887543201446533, 1.6471565961837769, 1.6023873090744019, 1.5769978761672974, 1.5461091995239258, 1.5158277750015259, 1.5126957893371582, 1.48484206199646, 1.4626966714859009, 1.438501238822937, 1.4155198335647583, 1.393681287765503, 1.3729205131530762, 1.3531776666641235, 1.3343974351882935, 1.3165291547775269, 1.2995258569717407, 1.2833442687988281, 1.2679442167282104, 1.2532888650894165, 1.2393436431884766, 1.2260767221450806, 1.2134586572647095, 1.201461911201477, 1.1900609731674194, 1.1792322397232056, 1.1689536571502686, 1.1592046022415161, 1.1499662399291992, 1.1412208080291748, 1.1329517364501953, 1.1251437664031982, 1.1071372032165527, 1.1002758741378784, 1.0938321352005005, 1.0877946615219116, 1.082153081893921, 1.0768979787826538, 1.0720202922821045, 1.0675122737884521, 1.0633662939071655, 1.0595756769180298, 1.0561343431472778, 1.0530368089675903, 1.0502781867980957, 1.0478540658950806, 1.0457607507705688, 1.0439949035644531, 1.0425537824630737, 1.0414352416992188, 1.040637493133545, 1.0401593446731567, 1.0399999618530273]
intensities: [0.0, 0.0, 0.0, 0.0, 0.0, 0.0, 0.0, 0.0, 0.0, 0.0, 0.0, 0.0, 0.0, 0.0, 0.0, 0.0, 0.0, 0.0, 0.0, 0.0, 0.0, 0.0, 0.0, 0.0, 0.0, 0.0, 0.0, 0.0, 0.0, 0.0, 0.0, 0.0, 0.0, 0.0, 0.0, 0.0, 0.0, 0.0, 0.0, 0.0, 0.0, 0.0, 0.0, 0.0, 0.0, 0.0, 0.0, 0.0, 0.0, 0.0, 0.0, 0.0, 0.0, 0.0, 0.0, 0.0, 0.0, 0.0, 0.0, 0.0, 0.0, 0.0, 0.0, 0.0, 0.0, 0.0, 0.0, 0.0, 0.0, 0.0, 0.0, 0.0, 0.0, 0.0, 0.0, 0.0, 0.0, 0.0, 0.0, 0.0, 0.0, 0.0, 0.0, 0.0, 0.0, 0.0, 0.0, 0.0, 0.0, 0.0, 0.0, 0.0, 0.0, 0.0, 0.0, 0.0, 0.0, 0.0, 0.0, 0.0, 0.0, 0.0, 0.0, 0.0, 0.0, 0.0, 0.0, 0.0, 0.0, 0.0, 0.0, 0.0, 0.0, 0.0, 0.0, 0.0, 0.0, 0.0, 0.0, 0.0, 0.0, 0.0, 0.0, 0.0, 0.0, 0.0, 0.0, 0.0, 0.0, 0.0, 0.0, 0.0, 0.0, 0.0, 0.0, 0.0, 0.0, 0.0, 0.0, 0.0, 0.0, 0.0, 0.0, 0.0, 0.0, 0.0, 0.0, 0.0, 0.0, 0.0, 0.0, 0.0, 0.0, 0.0, 0.0, 0.0, 0.0, 0.0, 0.0, 0.0, 0.0, 0.0, 0.0, 0.0, 0.0, 0.0, 0.0, 0.0, 0.0, 0.0, 0.0, 0.0, 0.0, 0.0, 0.0, 0.0, 0.0, 0.0, 0.0, 0.0, 0.0, 0.0, 0.0, 0.0, 0.0, 0.0, 0.0, 0.0, 0.0, 0.0, 0.0, 0.0, 0.0, 0.0, 0.0, 0.0, 0.0, 0.0, 0.0, 0.0, 0.0, 0.0, 0.0, 0.0, 0.0, 0.0, 0.0, 0.0, 0.0, 0.0, 0.0, 0.0, 0.0, 0.0, 0.0, 0.0, 0.0, 0.0, 0.0, 0.0, 0.0, 0.0, 0.0, 0.0, 0.0, 0.0, 0.0, 0.0, 0.0, 0.0, 0.0, 0.0, 0.0, 0.0, 0.0, 0.0, 0.0, 0.0, 0.0, 0.0, 0.0, 0.0, 0.0, 0.0, 0.0, 0.0, 0.0, 0.0, 0.0, 0.0, 0.0, 0.0, 0.0, 0.0, 0.0, 0.0, 0.0, 0.0, 0.0, 0.0, 0.0, 0.0, 0.0, 0.0, 0.0, 0.0, 0.0, 0.0, 0.0, 0.0, 0.0, 0.0, 0.0, 0.0, 0.0, 0.0, 0.0, 0.0, 0.0, 0.0, 0.0, 0.0, 0.0, 0.0, 0.0, 0.0, 0.0, 0.0, 0.0, 0.0, 0.0, 0.0, 0.0, 0.0, 0.0, 0.0, 0.0, 0.0, 0.0, 0.0, 0.0, 0.0, 0.0, 0.0, 0.0, 0.0, 0.0, 0.0, 0.0, 0.0, 0.0, 0.0, 0.0, 0.0, 0.0, 0.0, 0.0, 0.0, 0.0, 0.0, 0.0, 0.0, 0.0, 0.0, 0.0, 0.0, 0.0, 0.0, 0.0, 0.0, 0.0, 0.0, 0.0, 0.0, 0.0, 0.0, 0.0, 0.0, 0.0, 0.0, 0.0, 0.0, 0.0, 0.0, 0.0, 0.0, 0.0, 0.0, 0.0, 0.0, 0.0, 0.0, 0.0, 0.0, 0.0, 0.0, 0.0, 0.0, 0.0, 0.0]
---
header: 
  seq: 269
  stamp: 
    secs: 27
    nsecs:         0
  frame_id: "base_laser_link"
angle_min: -3.14159274101
angle_max: 3.14159274101
angle_increment: 0.0175019092858
time_increment: 0.0
scan_time: 0.0
range_min: 0.15000000596
range_max: 16.0
ranges: [1.0399999618530273, 1.0401593446731567, 1.040637493133545, 1.0414352416992188, 1.0425537824630737, 1.0439949035644531, 1.0457607507705688, 1.0478540658950806, 1.0502781867980957, 1.0530368089675903, 1.0561343431472778, 1.0595756769180298, 1.0633662939071655, 1.0675122737884521, 1.0720202922821045, 1.0768979787826538, 1.040531873703003, 0.9831990003585815, 0.9465855360031128, 0.8886843919754028, 0.8516440391540527, 0.8143897652626038, 0.7768811583518982, 0.7390763163566589, 0.7009318470954895, 0.684482753276825, 0.667973518371582, 0.6738470196723938, 0.680034875869751, 0.6865496635437012, 0.6934049725532532, 0.7006152868270874, 0.7081963419914246, 0.7161650657653809, 0.724539577960968, 0.7333395481109619, 0.7425861954689026, 0.752302348613739, 0.7625128030776978, 0.7732443809509277, 0.784525990486145, 0.7963892817497253, 0.8088684678077698, 0.8220006823539734, 0.8358266353607178, 0.846677839756012, 0.8600462079048157, 0.8732311725616455, 0.8862578272819519, 0.8991494178771973, 0.9119277596473694, 0.9502969980239868, 0.9625557661056519, 0.9747763872146606, 1.0116496086120605, 1.0235379934310913, 1.0595300197601318, 1.0950078964233398, 1.1064825057983398, 1.1413383483886719, 1.1758192777633667, 1.2328013181686401, 1.2664544582366943, 1.2998759746551514, 1.355324149131775, 1.4102526903152466, 1.4647276401519775, 1.518812656402588, 1.5941109657287598, 1.668846607208252, 1.7678730487823486, 1.8677842617034912, 1.9676278829574585, 2.0741329193115234, 2.1998178958892822, 2.3471386432647705, 2.3324546813964844, 2.3261430263519287, 2.304126739501953, 2.293163299560547, 2.295628070831299, 2.289888858795166, 2.2869977951049805, 2.2826902866363525, 2.2808961868286133, 2.2577977180480957, 2.254854679107666, 2.25260853767395, 2.2510557174682617, 2.2501938343048096, 2.250021457672119, 2.2505385875701904, 2.2517457008361816, 2.2536447048187256, 2.2562389373779297, 2.2595317363739014, 2.26352858543396, 2.268235683441162, 2.273660182952881, 2.279810905456543, 2.2866971492767334, 2.29433012008667, 2.3027217388153076, 2.3118858337402344, 2.3218374252319336, 2.332592248916626, 2.3441689014434814, 2.356586217880249, 2.369865655899048, 2.3840301036834717, 2.399103879928589, 2.415114164352417, 2.4320895671844482, 2.450061082839966, 2.469062089920044, 2.489128589630127, 2.51029896736145, 2.5326151847839355, 2.556121587753296, 2.5808663368225098, 2.606901168823242, 2.634281873703003, 2.6630680561065674, 2.693324565887451, 2.725120782852173, 2.7585318088531494, 2.7936384677886963, 2.830528497695923, 2.8692965507507324, 2.9100451469421387, 2.952885150909424, 2.9979372024536133, 3.045332908630371, 3.095214366912842, 3.147737503051758, 3.18487811088562, 3.249882221221924, 3.3160650730133057, 3.383617877960205, 3.45274019241333, 3.523641586303711, 3.596544027328491, 3.671684503555298, 3.7493174076080322, 3.8543150424957275, 3.937483310699463, 4.060210227966309, 4.164941787719727, 4.285311698913574, 4.402790546417236, 4.528440952301025, 4.689599514007568, 4.832143783569336, 5.008004188537598, 5.193634033203125, 5.388294696807861, 5.599663257598877, 5.710626125335693, 5.6763176918029785, 5.631732940673828, 5.605679988861084, 5.5701093673706055, 5.527233123779297, 5.4976487159729, 5.470046043395996, 5.44437837600708, 5.420603275299072, 5.398681163787842, 5.378576755523682, 5.360257148742676, 5.343693256378174, 5.328858852386475, 5.315730094909668, 5.304286956787109, 5.294510841369629, 5.286386966705322, 5.279902935028076, 5.275048732757568, 5.271816730499268, 5.270201683044434, 5.270201683044434, 5.271816730499268, 5.275048732757568, 5.279902935028076, 5.286386966705322, 5.294510841369629, 5.304286956787109, 5.315730094909668, 5.328858852386475, 5.343693256378174, 5.360257148742676, 5.378576755523682, 5.398681163787842, 5.420603275299072, 5.44437837600708, 5.470046043395996, 5.4976487159729, 5.527233123779297, 5.558849334716797, 5.592552661895752, 5.628401279449463, 5.666459560394287, 5.706796169281006, 5.749484539031982, 5.794604778289795, 5.84224271774292, 5.892489910125732, 5.945446014404297, 6.001217365264893, 6.0599188804626465, 6.121674060821533, 6.186614990234375, 6.254885196685791, 6.326638221740723, 6.402040958404541, 6.481271266937256, 6.564523696899414, 6.652006149291992, 6.743946075439453, 6.840587615966797, 6.942196369171143, 7.049060821533203, 7.161495208740234, 7.279839992523193, 7.404468059539795, 7.51845645904541, 7.656638145446777, 7.809587001800537, 7.767988681793213, 7.703749179840088, 7.591984272003174, 7.485675811767578, 7.3845343589782715, 7.288292407989502, 7.19670295715332, 7.109537601470947, 7.026584625244141, 6.947649002075195, 6.872548580169678, 6.8011155128479, 6.733193397521973, 6.668636798858643, 6.607311248779297, 6.549091339111328, 6.493859767913818, 6.441508769989014, 6.391937255859375, 6.3450517654418945, 6.300764560699463, 6.258995532989502, 6.219669342041016, 6.182716369628906, 6.148071765899658, 6.115675926208496, 6.085474014282227, 6.05741548538208, 6.031453609466553, 6.007545471191406, 5.985651969909668, 5.965738773345947, 5.947772979736328, 5.931726932525635, 5.917574882507324, 5.905294895172119, 5.894867420196533, 5.8862762451171875, 5.879508972167969, 5.87455415725708, 5.871405124664307, 5.87005615234375, 5.8705058097839355, 5.8727545738220215, 5.876805782318115, 5.421672821044922, 5.428749084472656, 5.437511444091797, 5.447973251342773, 5.460151195526123, 5.474064350128174, 5.489734649658203, 5.507186412811279, 5.526447772979736, 5.547549724578857, 5.570526123046875, 5.595414638519287, 5.622256278991699, 5.632668972015381, 5.6742143630981445, 5.714969635009766, 5.732259750366211, 5.463531970977783, 5.227692604064941, 5.005932807922363, 4.796328067779541, 4.615705966949463, 4.450254440307617, 4.2930121421813965, 4.1501383781433105, 4.020201683044434, 3.8965964317321777, 3.7727177143096924, 3.6762890815734863, 3.582580089569092, 3.4754557609558105, 3.38226318359375, 3.3208847045898438, 1.7252099514007568, 1.6887543201446533, 1.6471565961837769, 1.6023873090744019, 1.5769978761672974, 1.5461091995239258, 1.5158277750015259, 1.5126957893371582, 1.48484206199646, 1.4626966714859009, 1.438501238822937, 1.4155198335647583, 1.393681287765503, 1.3729205131530762, 1.3531776666641235, 1.3343974351882935, 1.3165291547775269, 1.2995258569717407, 1.2833442687988281, 1.2679442167282104, 1.2532888650894165, 1.2393436431884766, 1.2260767221450806, 1.2134586572647095, 1.201461911201477, 1.1900609731674194, 1.1792322397232056, 1.1689536571502686, 1.1592046022415161, 1.1499662399291992, 1.1412208080291748, 1.1329517364501953, 1.1251437664031982, 1.1071372032165527, 1.1002758741378784, 1.0938321352005005, 1.0877946615219116, 1.082153081893921, 1.0768979787826538, 1.0720202922821045, 1.0675122737884521, 1.0633662939071655, 1.0595756769180298, 1.0561343431472778, 1.0530368089675903, 1.0502781867980957, 1.0478540658950806, 1.0457607507705688, 1.0439949035644531, 1.0425537824630737, 1.0414352416992188, 1.040637493133545, 1.0401593446731567, 1.0399999618530273]
intensities: [0.0, 0.0, 0.0, 0.0, 0.0, 0.0, 0.0, 0.0, 0.0, 0.0, 0.0, 0.0, 0.0, 0.0, 0.0, 0.0, 0.0, 0.0, 0.0, 0.0, 0.0, 0.0, 0.0, 0.0, 0.0, 0.0, 0.0, 0.0, 0.0, 0.0, 0.0, 0.0, 0.0, 0.0, 0.0, 0.0, 0.0, 0.0, 0.0, 0.0, 0.0, 0.0, 0.0, 0.0, 0.0, 0.0, 0.0, 0.0, 0.0, 0.0, 0.0, 0.0, 0.0, 0.0, 0.0, 0.0, 0.0, 0.0, 0.0, 0.0, 0.0, 0.0, 0.0, 0.0, 0.0, 0.0, 0.0, 0.0, 0.0, 0.0, 0.0, 0.0, 0.0, 0.0, 0.0, 0.0, 0.0, 0.0, 0.0, 0.0, 0.0, 0.0, 0.0, 0.0, 0.0, 0.0, 0.0, 0.0, 0.0, 0.0, 0.0, 0.0, 0.0, 0.0, 0.0, 0.0, 0.0, 0.0, 0.0, 0.0, 0.0, 0.0, 0.0, 0.0, 0.0, 0.0, 0.0, 0.0, 0.0, 0.0, 0.0, 0.0, 0.0, 0.0, 0.0, 0.0, 0.0, 0.0, 0.0, 0.0, 0.0, 0.0, 0.0, 0.0, 0.0, 0.0, 0.0, 0.0, 0.0, 0.0, 0.0, 0.0, 0.0, 0.0, 0.0, 0.0, 0.0, 0.0, 0.0, 0.0, 0.0, 0.0, 0.0, 0.0, 0.0, 0.0, 0.0, 0.0, 0.0, 0.0, 0.0, 0.0, 0.0, 0.0, 0.0, 0.0, 0.0, 0.0, 0.0, 0.0, 0.0, 0.0, 0.0, 0.0, 0.0, 0.0, 0.0, 0.0, 0.0, 0.0, 0.0, 0.0, 0.0, 0.0, 0.0, 0.0, 0.0, 0.0, 0.0, 0.0, 0.0, 0.0, 0.0, 0.0, 0.0, 0.0, 0.0, 0.0, 0.0, 0.0, 0.0, 0.0, 0.0, 0.0, 0.0, 0.0, 0.0, 0.0, 0.0, 0.0, 0.0, 0.0, 0.0, 0.0, 0.0, 0.0, 0.0, 0.0, 0.0, 0.0, 0.0, 0.0, 0.0, 0.0, 0.0, 0.0, 0.0, 0.0, 0.0, 0.0, 0.0, 0.0, 0.0, 0.0, 0.0, 0.0, 0.0, 0.0, 0.0, 0.0, 0.0, 0.0, 0.0, 0.0, 0.0, 0.0, 0.0, 0.0, 0.0, 0.0, 0.0, 0.0, 0.0, 0.0, 0.0, 0.0, 0.0, 0.0, 0.0, 0.0, 0.0, 0.0, 0.0, 0.0, 0.0, 0.0, 0.0, 0.0, 0.0, 0.0, 0.0, 0.0, 0.0, 0.0, 0.0, 0.0, 0.0, 0.0, 0.0, 0.0, 0.0, 0.0, 0.0, 0.0, 0.0, 0.0, 0.0, 0.0, 0.0, 0.0, 0.0, 0.0, 0.0, 0.0, 0.0, 0.0, 0.0, 0.0, 0.0, 0.0, 0.0, 0.0, 0.0, 0.0, 0.0, 0.0, 0.0, 0.0, 0.0, 0.0, 0.0, 0.0, 0.0, 0.0, 0.0, 0.0, 0.0, 0.0, 0.0, 0.0, 0.0, 0.0, 0.0, 0.0, 0.0, 0.0, 0.0, 0.0, 0.0, 0.0, 0.0, 0.0, 0.0, 0.0, 0.0, 0.0, 0.0, 0.0, 0.0, 0.0, 0.0, 0.0, 0.0, 0.0, 0.0, 0.0, 0.0, 0.0, 0.0, 0.0, 0.0, 0.0, 0.0, 0.0, 0.0, 0.0, 0.0, 0.0, 0.0, 0.0, 0.0, 0.0, 0.0, 0.0, 0.0, 0.0, 0.0, 0.0, 0.0, 0.0]
---
header: 
  seq: 270
  stamp: 
    secs: 27
    nsecs: 100000000
  frame_id: "base_laser_link"
angle_min: -3.14159274101
angle_max: 3.14159274101
angle_increment: 0.0175019092858
time_increment: 0.0
scan_time: 0.0
range_min: 0.15000000596
range_max: 16.0
ranges: [1.0399999618530273, 1.0401593446731567, 1.040637493133545, 1.0414352416992188, 1.0425537824630737, 1.0439949035644531, 1.0457607507705688, 1.0478540658950806, 1.0502781867980957, 1.0530368089675903, 1.0561343431472778, 1.0595756769180298, 1.0633662939071655, 1.0675122737884521, 1.0720202922821045, 1.0768979787826538, 1.040531873703003, 0.9831990003585815, 0.9465855360031128, 0.8886843919754028, 0.8516440391540527, 0.8143897652626038, 0.7768811583518982, 0.7390763163566589, 0.7009318470954895, 0.684482753276825, 0.667973518371582, 0.6738470196723938, 0.680034875869751, 0.6865496635437012, 0.6934049725532532, 0.7006152868270874, 0.7081963419914246, 0.7161650657653809, 0.724539577960968, 0.7333395481109619, 0.7425861954689026, 0.752302348613739, 0.7625128030776978, 0.7732443809509277, 0.784525990486145, 0.7963892817497253, 0.8088684678077698, 0.8220006823539734, 0.8358266353607178, 0.846677839756012, 0.8600462079048157, 0.8732311725616455, 0.8862578272819519, 0.8991494178771973, 0.9119277596473694, 0.9502969980239868, 0.9625557661056519, 0.9747763872146606, 1.0116496086120605, 1.0235379934310913, 1.0595300197601318, 1.0950078964233398, 1.1064825057983398, 1.1413383483886719, 1.1758192777633667, 1.2328013181686401, 1.2664544582366943, 1.2998759746551514, 1.355324149131775, 1.4102526903152466, 1.4647276401519775, 1.518812656402588, 1.5941109657287598, 1.668846607208252, 1.7678730487823486, 1.8677842617034912, 1.9676278829574585, 2.0741329193115234, 2.1998178958892822, 2.3471386432647705, 2.3324546813964844, 2.3261430263519287, 2.304126739501953, 2.293163299560547, 2.295628070831299, 2.289888858795166, 2.2869977951049805, 2.2826902866363525, 2.2808961868286133, 2.2577977180480957, 2.254854679107666, 2.25260853767395, 2.2510557174682617, 2.2501938343048096, 2.250021457672119, 2.2505385875701904, 2.2517457008361816, 2.2536447048187256, 2.2562389373779297, 2.2595317363739014, 2.26352858543396, 2.268235683441162, 2.273660182952881, 2.279810905456543, 2.2866971492767334, 2.29433012008667, 2.3027217388153076, 2.3118858337402344, 2.3218374252319336, 2.332592248916626, 2.3441689014434814, 2.356586217880249, 2.369865655899048, 2.3840301036834717, 2.399103879928589, 2.415114164352417, 2.4320895671844482, 2.450061082839966, 2.469062089920044, 2.489128589630127, 2.51029896736145, 2.5326151847839355, 2.556121587753296, 2.5808663368225098, 2.606901168823242, 2.634281873703003, 2.6630680561065674, 2.693324565887451, 2.725120782852173, 2.7585318088531494, 2.7936384677886963, 2.830528497695923, 2.8692965507507324, 2.9100451469421387, 2.952885150909424, 2.9979372024536133, 3.045332908630371, 3.095214366912842, 3.147737503051758, 3.18487811088562, 3.249882221221924, 3.3160650730133057, 3.383617877960205, 3.45274019241333, 3.523641586303711, 3.596544027328491, 3.671684503555298, 3.7493174076080322, 3.8543150424957275, 3.937483310699463, 4.060210227966309, 4.164941787719727, 4.285311698913574, 4.402790546417236, 4.528440952301025, 4.689599514007568, 4.832143783569336, 5.008004188537598, 5.193634033203125, 5.388294696807861, 5.599663257598877, 5.710626125335693, 5.6763176918029785, 5.631732940673828, 5.605679988861084, 5.5701093673706055, 5.527233123779297, 5.4976487159729, 5.470046043395996, 5.44437837600708, 5.420603275299072, 5.398681163787842, 5.378576755523682, 5.360257148742676, 5.343693256378174, 5.328858852386475, 5.315730094909668, 5.304286956787109, 5.294510841369629, 5.286386966705322, 5.279902935028076, 5.275048732757568, 5.271816730499268, 5.270201683044434, 5.270201683044434, 5.271816730499268, 5.275048732757568, 5.279902935028076, 5.286386966705322, 5.294510841369629, 5.304286956787109, 5.315730094909668, 5.328858852386475, 5.343693256378174, 5.360257148742676, 5.378576755523682, 5.398681163787842, 5.420603275299072, 5.44437837600708, 5.470046043395996, 5.4976487159729, 5.527233123779297, 5.558849334716797, 5.592552661895752, 5.628401279449463, 5.666459560394287, 5.706796169281006, 5.749484539031982, 5.794604778289795, 5.84224271774292, 5.892489910125732, 5.945446014404297, 6.001217365264893, 6.0599188804626465, 6.121674060821533, 6.186614990234375, 6.254885196685791, 6.326638221740723, 6.402040958404541, 6.481271266937256, 6.564523696899414, 6.652006149291992, 6.743946075439453, 6.840587615966797, 6.942196369171143, 7.049060821533203, 7.161495208740234, 7.279839992523193, 7.404468059539795, 7.51845645904541, 7.656638145446777, 7.809587001800537, 7.767988681793213, 7.703749179840088, 7.591984272003174, 7.485675811767578, 7.3845343589782715, 7.288292407989502, 7.19670295715332, 7.109537601470947, 7.026584625244141, 6.947649002075195, 6.872548580169678, 6.8011155128479, 6.733193397521973, 6.668636798858643, 6.607311248779297, 6.549091339111328, 6.493859767913818, 6.441508769989014, 6.391937255859375, 6.3450517654418945, 6.300764560699463, 6.258995532989502, 6.219669342041016, 6.182716369628906, 6.148071765899658, 6.115675926208496, 6.085474014282227, 6.05741548538208, 6.031453609466553, 6.007545471191406, 5.985651969909668, 5.965738773345947, 5.947772979736328, 5.931726932525635, 5.917574882507324, 5.905294895172119, 5.894867420196533, 5.8862762451171875, 5.879508972167969, 5.87455415725708, 5.871405124664307, 5.87005615234375, 5.8705058097839355, 5.8727545738220215, 5.876805782318115, 5.421672821044922, 5.428749084472656, 5.437511444091797, 5.447973251342773, 5.460151195526123, 5.474064350128174, 5.489734649658203, 5.507186412811279, 5.526447772979736, 5.547549724578857, 5.570526123046875, 5.595414638519287, 5.622256278991699, 5.632668972015381, 5.6742143630981445, 5.714969635009766, 5.732259750366211, 5.463531970977783, 5.227692604064941, 5.005932807922363, 4.796328067779541, 4.615705966949463, 4.450254440307617, 4.2930121421813965, 4.1501383781433105, 4.020201683044434, 3.8965964317321777, 3.7727177143096924, 3.6762890815734863, 3.582580089569092, 3.4754557609558105, 3.38226318359375, 3.3208847045898438, 1.7252099514007568, 1.6887543201446533, 1.6471565961837769, 1.6023873090744019, 1.5769978761672974, 1.5461091995239258, 1.5158277750015259, 1.5126957893371582, 1.48484206199646, 1.4626966714859009, 1.438501238822937, 1.4155198335647583, 1.393681287765503, 1.3729205131530762, 1.3531776666641235, 1.3343974351882935, 1.3165291547775269, 1.2995258569717407, 1.2833442687988281, 1.2679442167282104, 1.2532888650894165, 1.2393436431884766, 1.2260767221450806, 1.2134586572647095, 1.201461911201477, 1.1900609731674194, 1.1792322397232056, 1.1689536571502686, 1.1592046022415161, 1.1499662399291992, 1.1412208080291748, 1.1329517364501953, 1.1251437664031982, 1.1071372032165527, 1.1002758741378784, 1.0938321352005005, 1.0877946615219116, 1.082153081893921, 1.0768979787826538, 1.0720202922821045, 1.0675122737884521, 1.0633662939071655, 1.0595756769180298, 1.0561343431472778, 1.0530368089675903, 1.0502781867980957, 1.0478540658950806, 1.0457607507705688, 1.0439949035644531, 1.0425537824630737, 1.0414352416992188, 1.040637493133545, 1.0401593446731567, 1.0399999618530273]
intensities: [0.0, 0.0, 0.0, 0.0, 0.0, 0.0, 0.0, 0.0, 0.0, 0.0, 0.0, 0.0, 0.0, 0.0, 0.0, 0.0, 0.0, 0.0, 0.0, 0.0, 0.0, 0.0, 0.0, 0.0, 0.0, 0.0, 0.0, 0.0, 0.0, 0.0, 0.0, 0.0, 0.0, 0.0, 0.0, 0.0, 0.0, 0.0, 0.0, 0.0, 0.0, 0.0, 0.0, 0.0, 0.0, 0.0, 0.0, 0.0, 0.0, 0.0, 0.0, 0.0, 0.0, 0.0, 0.0, 0.0, 0.0, 0.0, 0.0, 0.0, 0.0, 0.0, 0.0, 0.0, 0.0, 0.0, 0.0, 0.0, 0.0, 0.0, 0.0, 0.0, 0.0, 0.0, 0.0, 0.0, 0.0, 0.0, 0.0, 0.0, 0.0, 0.0, 0.0, 0.0, 0.0, 0.0, 0.0, 0.0, 0.0, 0.0, 0.0, 0.0, 0.0, 0.0, 0.0, 0.0, 0.0, 0.0, 0.0, 0.0, 0.0, 0.0, 0.0, 0.0, 0.0, 0.0, 0.0, 0.0, 0.0, 0.0, 0.0, 0.0, 0.0, 0.0, 0.0, 0.0, 0.0, 0.0, 0.0, 0.0, 0.0, 0.0, 0.0, 0.0, 0.0, 0.0, 0.0, 0.0, 0.0, 0.0, 0.0, 0.0, 0.0, 0.0, 0.0, 0.0, 0.0, 0.0, 0.0, 0.0, 0.0, 0.0, 0.0, 0.0, 0.0, 0.0, 0.0, 0.0, 0.0, 0.0, 0.0, 0.0, 0.0, 0.0, 0.0, 0.0, 0.0, 0.0, 0.0, 0.0, 0.0, 0.0, 0.0, 0.0, 0.0, 0.0, 0.0, 0.0, 0.0, 0.0, 0.0, 0.0, 0.0, 0.0, 0.0, 0.0, 0.0, 0.0, 0.0, 0.0, 0.0, 0.0, 0.0, 0.0, 0.0, 0.0, 0.0, 0.0, 0.0, 0.0, 0.0, 0.0, 0.0, 0.0, 0.0, 0.0, 0.0, 0.0, 0.0, 0.0, 0.0, 0.0, 0.0, 0.0, 0.0, 0.0, 0.0, 0.0, 0.0, 0.0, 0.0, 0.0, 0.0, 0.0, 0.0, 0.0, 0.0, 0.0, 0.0, 0.0, 0.0, 0.0, 0.0, 0.0, 0.0, 0.0, 0.0, 0.0, 0.0, 0.0, 0.0, 0.0, 0.0, 0.0, 0.0, 0.0, 0.0, 0.0, 0.0, 0.0, 0.0, 0.0, 0.0, 0.0, 0.0, 0.0, 0.0, 0.0, 0.0, 0.0, 0.0, 0.0, 0.0, 0.0, 0.0, 0.0, 0.0, 0.0, 0.0, 0.0, 0.0, 0.0, 0.0, 0.0, 0.0, 0.0, 0.0, 0.0, 0.0, 0.0, 0.0, 0.0, 0.0, 0.0, 0.0, 0.0, 0.0, 0.0, 0.0, 0.0, 0.0, 0.0, 0.0, 0.0, 0.0, 0.0, 0.0, 0.0, 0.0, 0.0, 0.0, 0.0, 0.0, 0.0, 0.0, 0.0, 0.0, 0.0, 0.0, 0.0, 0.0, 0.0, 0.0, 0.0, 0.0, 0.0, 0.0, 0.0, 0.0, 0.0, 0.0, 0.0, 0.0, 0.0, 0.0, 0.0, 0.0, 0.0, 0.0, 0.0, 0.0, 0.0, 0.0, 0.0, 0.0, 0.0, 0.0, 0.0, 0.0, 0.0, 0.0, 0.0, 0.0, 0.0, 0.0, 0.0, 0.0, 0.0, 0.0, 0.0, 0.0, 0.0, 0.0, 0.0, 0.0, 0.0, 0.0, 0.0, 0.0, 0.0, 0.0, 0.0, 0.0, 0.0, 0.0, 0.0, 0.0, 0.0, 0.0, 0.0]
---
header: 
  seq: 271
  stamp: 
    secs: 27
    nsecs: 200000000
  frame_id: "base_laser_link"
angle_min: -3.14159274101
angle_max: 3.14159274101
angle_increment: 0.0175019092858
time_increment: 0.0
scan_time: 0.0
range_min: 0.15000000596
range_max: 16.0
ranges: [1.0399999618530273, 1.0401593446731567, 1.040637493133545, 1.0414352416992188, 1.0425537824630737, 1.0439949035644531, 1.0457607507705688, 1.0478540658950806, 1.0502781867980957, 1.0530368089675903, 1.0561343431472778, 1.0595756769180298, 1.0633662939071655, 1.0675122737884521, 1.0720202922821045, 1.0768979787826538, 1.040531873703003, 0.9831990003585815, 0.9465855360031128, 0.8886843919754028, 0.8516440391540527, 0.8143897652626038, 0.7768811583518982, 0.7390763163566589, 0.7009318470954895, 0.684482753276825, 0.667973518371582, 0.6738470196723938, 0.680034875869751, 0.6865496635437012, 0.6934049725532532, 0.7006152868270874, 0.7081963419914246, 0.7161650657653809, 0.724539577960968, 0.7333395481109619, 0.7425861954689026, 0.752302348613739, 0.7625128030776978, 0.7732443809509277, 0.784525990486145, 0.7963892817497253, 0.8088684678077698, 0.8220006823539734, 0.8358266353607178, 0.846677839756012, 0.8600462079048157, 0.8732311725616455, 0.8862578272819519, 0.8991494178771973, 0.9119277596473694, 0.9502969980239868, 0.9625557661056519, 0.9747763872146606, 1.0116496086120605, 1.0235379934310913, 1.0595300197601318, 1.0950078964233398, 1.1064825057983398, 1.1413383483886719, 1.1758192777633667, 1.2328013181686401, 1.2664544582366943, 1.2998759746551514, 1.355324149131775, 1.4102526903152466, 1.4647276401519775, 1.518812656402588, 1.5941109657287598, 1.668846607208252, 1.7678730487823486, 1.8677842617034912, 1.9676278829574585, 2.0741329193115234, 2.1998178958892822, 2.3471386432647705, 2.3324546813964844, 2.3261430263519287, 2.304126739501953, 2.293163299560547, 2.295628070831299, 2.289888858795166, 2.2869977951049805, 2.2826902866363525, 2.2808961868286133, 2.2577977180480957, 2.254854679107666, 2.25260853767395, 2.2510557174682617, 2.2501938343048096, 2.250021457672119, 2.2505385875701904, 2.2517457008361816, 2.2536447048187256, 2.2562389373779297, 2.2595317363739014, 2.26352858543396, 2.268235683441162, 2.273660182952881, 2.279810905456543, 2.2866971492767334, 2.29433012008667, 2.3027217388153076, 2.3118858337402344, 2.3218374252319336, 2.332592248916626, 2.3441689014434814, 2.356586217880249, 2.369865655899048, 2.3840301036834717, 2.399103879928589, 2.415114164352417, 2.4320895671844482, 2.450061082839966, 2.469062089920044, 2.489128589630127, 2.51029896736145, 2.5326151847839355, 2.556121587753296, 2.5808663368225098, 2.606901168823242, 2.634281873703003, 2.6630680561065674, 2.693324565887451, 2.725120782852173, 2.7585318088531494, 2.7936384677886963, 2.830528497695923, 2.8692965507507324, 2.9100451469421387, 2.952885150909424, 2.9979372024536133, 3.045332908630371, 3.095214366912842, 3.147737503051758, 3.18487811088562, 3.249882221221924, 3.3160650730133057, 3.383617877960205, 3.45274019241333, 3.523641586303711, 3.596544027328491, 3.671684503555298, 3.7493174076080322, 3.8543150424957275, 3.937483310699463, 4.060210227966309, 4.164941787719727, 4.285311698913574, 4.402790546417236, 4.528440952301025, 4.689599514007568, 4.832143783569336, 5.008004188537598, 5.193634033203125, 5.388294696807861, 5.599663257598877, 5.710626125335693, 5.6763176918029785, 5.631732940673828, 5.605679988861084, 5.5701093673706055, 5.527233123779297, 5.4976487159729, 5.470046043395996, 5.44437837600708, 5.420603275299072, 5.398681163787842, 5.378576755523682, 5.360257148742676, 5.343693256378174, 5.328858852386475, 5.315730094909668, 5.304286956787109, 5.294510841369629, 5.286386966705322, 5.279902935028076, 5.275048732757568, 5.271816730499268, 5.270201683044434, 5.270201683044434, 5.271816730499268, 5.275048732757568, 5.279902935028076, 5.286386966705322, 5.294510841369629, 5.304286956787109, 5.315730094909668, 5.328858852386475, 5.343693256378174, 5.360257148742676, 5.378576755523682, 5.398681163787842, 5.420603275299072, 5.44437837600708, 5.470046043395996, 5.4976487159729, 5.527233123779297, 5.558849334716797, 5.592552661895752, 5.628401279449463, 5.666459560394287, 5.706796169281006, 5.749484539031982, 5.794604778289795, 5.84224271774292, 5.892489910125732, 5.945446014404297, 6.001217365264893, 6.0599188804626465, 6.121674060821533, 6.186614990234375, 6.254885196685791, 6.326638221740723, 6.402040958404541, 6.481271266937256, 6.564523696899414, 6.652006149291992, 6.743946075439453, 6.840587615966797, 6.942196369171143, 7.049060821533203, 7.161495208740234, 7.279839992523193, 7.404468059539795, 7.51845645904541, 7.656638145446777, 7.809587001800537, 7.767988681793213, 7.703749179840088, 7.591984272003174, 7.485675811767578, 7.3845343589782715, 7.288292407989502, 7.19670295715332, 7.109537601470947, 7.026584625244141, 6.947649002075195, 6.872548580169678, 6.8011155128479, 6.733193397521973, 6.668636798858643, 6.607311248779297, 6.549091339111328, 6.493859767913818, 6.441508769989014, 6.391937255859375, 6.3450517654418945, 6.300764560699463, 6.258995532989502, 6.219669342041016, 6.182716369628906, 6.148071765899658, 6.115675926208496, 6.085474014282227, 6.05741548538208, 6.031453609466553, 6.007545471191406, 5.985651969909668, 5.965738773345947, 5.947772979736328, 5.931726932525635, 5.917574882507324, 5.905294895172119, 5.894867420196533, 5.8862762451171875, 5.879508972167969, 5.87455415725708, 5.871405124664307, 5.87005615234375, 5.8705058097839355, 5.8727545738220215, 5.876805782318115, 5.421672821044922, 5.428749084472656, 5.437511444091797, 5.447973251342773, 5.460151195526123, 5.474064350128174, 5.489734649658203, 5.507186412811279, 5.526447772979736, 5.547549724578857, 5.570526123046875, 5.595414638519287, 5.622256278991699, 5.632668972015381, 5.6742143630981445, 5.714969635009766, 5.732259750366211, 5.463531970977783, 5.227692604064941, 5.005932807922363, 4.796328067779541, 4.615705966949463, 4.450254440307617, 4.2930121421813965, 4.1501383781433105, 4.020201683044434, 3.8965964317321777, 3.7727177143096924, 3.6762890815734863, 3.582580089569092, 3.4754557609558105, 3.38226318359375, 3.3208847045898438, 1.7252099514007568, 1.6887543201446533, 1.6471565961837769, 1.6023873090744019, 1.5769978761672974, 1.5461091995239258, 1.5158277750015259, 1.5126957893371582, 1.48484206199646, 1.4626966714859009, 1.438501238822937, 1.4155198335647583, 1.393681287765503, 1.3729205131530762, 1.3531776666641235, 1.3343974351882935, 1.3165291547775269, 1.2995258569717407, 1.2833442687988281, 1.2679442167282104, 1.2532888650894165, 1.2393436431884766, 1.2260767221450806, 1.2134586572647095, 1.201461911201477, 1.1900609731674194, 1.1792322397232056, 1.1689536571502686, 1.1592046022415161, 1.1499662399291992, 1.1412208080291748, 1.1329517364501953, 1.1251437664031982, 1.1071372032165527, 1.1002758741378784, 1.0938321352005005, 1.0877946615219116, 1.082153081893921, 1.0768979787826538, 1.0720202922821045, 1.0675122737884521, 1.0633662939071655, 1.0595756769180298, 1.0561343431472778, 1.0530368089675903, 1.0502781867980957, 1.0478540658950806, 1.0457607507705688, 1.0439949035644531, 1.0425537824630737, 1.0414352416992188, 1.040637493133545, 1.0401593446731567, 1.0399999618530273]
intensities: [0.0, 0.0, 0.0, 0.0, 0.0, 0.0, 0.0, 0.0, 0.0, 0.0, 0.0, 0.0, 0.0, 0.0, 0.0, 0.0, 0.0, 0.0, 0.0, 0.0, 0.0, 0.0, 0.0, 0.0, 0.0, 0.0, 0.0, 0.0, 0.0, 0.0, 0.0, 0.0, 0.0, 0.0, 0.0, 0.0, 0.0, 0.0, 0.0, 0.0, 0.0, 0.0, 0.0, 0.0, 0.0, 0.0, 0.0, 0.0, 0.0, 0.0, 0.0, 0.0, 0.0, 0.0, 0.0, 0.0, 0.0, 0.0, 0.0, 0.0, 0.0, 0.0, 0.0, 0.0, 0.0, 0.0, 0.0, 0.0, 0.0, 0.0, 0.0, 0.0, 0.0, 0.0, 0.0, 0.0, 0.0, 0.0, 0.0, 0.0, 0.0, 0.0, 0.0, 0.0, 0.0, 0.0, 0.0, 0.0, 0.0, 0.0, 0.0, 0.0, 0.0, 0.0, 0.0, 0.0, 0.0, 0.0, 0.0, 0.0, 0.0, 0.0, 0.0, 0.0, 0.0, 0.0, 0.0, 0.0, 0.0, 0.0, 0.0, 0.0, 0.0, 0.0, 0.0, 0.0, 0.0, 0.0, 0.0, 0.0, 0.0, 0.0, 0.0, 0.0, 0.0, 0.0, 0.0, 0.0, 0.0, 0.0, 0.0, 0.0, 0.0, 0.0, 0.0, 0.0, 0.0, 0.0, 0.0, 0.0, 0.0, 0.0, 0.0, 0.0, 0.0, 0.0, 0.0, 0.0, 0.0, 0.0, 0.0, 0.0, 0.0, 0.0, 0.0, 0.0, 0.0, 0.0, 0.0, 0.0, 0.0, 0.0, 0.0, 0.0, 0.0, 0.0, 0.0, 0.0, 0.0, 0.0, 0.0, 0.0, 0.0, 0.0, 0.0, 0.0, 0.0, 0.0, 0.0, 0.0, 0.0, 0.0, 0.0, 0.0, 0.0, 0.0, 0.0, 0.0, 0.0, 0.0, 0.0, 0.0, 0.0, 0.0, 0.0, 0.0, 0.0, 0.0, 0.0, 0.0, 0.0, 0.0, 0.0, 0.0, 0.0, 0.0, 0.0, 0.0, 0.0, 0.0, 0.0, 0.0, 0.0, 0.0, 0.0, 0.0, 0.0, 0.0, 0.0, 0.0, 0.0, 0.0, 0.0, 0.0, 0.0, 0.0, 0.0, 0.0, 0.0, 0.0, 0.0, 0.0, 0.0, 0.0, 0.0, 0.0, 0.0, 0.0, 0.0, 0.0, 0.0, 0.0, 0.0, 0.0, 0.0, 0.0, 0.0, 0.0, 0.0, 0.0, 0.0, 0.0, 0.0, 0.0, 0.0, 0.0, 0.0, 0.0, 0.0, 0.0, 0.0, 0.0, 0.0, 0.0, 0.0, 0.0, 0.0, 0.0, 0.0, 0.0, 0.0, 0.0, 0.0, 0.0, 0.0, 0.0, 0.0, 0.0, 0.0, 0.0, 0.0, 0.0, 0.0, 0.0, 0.0, 0.0, 0.0, 0.0, 0.0, 0.0, 0.0, 0.0, 0.0, 0.0, 0.0, 0.0, 0.0, 0.0, 0.0, 0.0, 0.0, 0.0, 0.0, 0.0, 0.0, 0.0, 0.0, 0.0, 0.0, 0.0, 0.0, 0.0, 0.0, 0.0, 0.0, 0.0, 0.0, 0.0, 0.0, 0.0, 0.0, 0.0, 0.0, 0.0, 0.0, 0.0, 0.0, 0.0, 0.0, 0.0, 0.0, 0.0, 0.0, 0.0, 0.0, 0.0, 0.0, 0.0, 0.0, 0.0, 0.0, 0.0, 0.0, 0.0, 0.0, 0.0, 0.0, 0.0, 0.0, 0.0, 0.0, 0.0, 0.0, 0.0, 0.0, 0.0, 0.0, 0.0, 0.0, 0.0]
---
header: 
  seq: 272
  stamp: 
    secs: 27
    nsecs: 300000000
  frame_id: "base_laser_link"
angle_min: -3.14159274101
angle_max: 3.14159274101
angle_increment: 0.0175019092858
time_increment: 0.0
scan_time: 0.0
range_min: 0.15000000596
range_max: 16.0
ranges: [1.0399999618530273, 1.0401593446731567, 1.040637493133545, 1.0414352416992188, 1.0425537824630737, 1.0439949035644531, 1.0457607507705688, 1.0478540658950806, 1.0502781867980957, 1.0530368089675903, 1.0561343431472778, 1.0595756769180298, 1.0633662939071655, 1.0675122737884521, 1.0720202922821045, 1.0768979787826538, 1.040531873703003, 0.9831990003585815, 0.9465855360031128, 0.8886843919754028, 0.8516440391540527, 0.8143897652626038, 0.7768811583518982, 0.7390763163566589, 0.7009318470954895, 0.684482753276825, 0.667973518371582, 0.6738470196723938, 0.680034875869751, 0.6865496635437012, 0.6934049725532532, 0.7006152868270874, 0.7081963419914246, 0.7161650657653809, 0.724539577960968, 0.7333395481109619, 0.7425861954689026, 0.752302348613739, 0.7625128030776978, 0.7732443809509277, 0.784525990486145, 0.7963892817497253, 0.8088684678077698, 0.8220006823539734, 0.8358266353607178, 0.846677839756012, 0.8600462079048157, 0.8732311725616455, 0.8862578272819519, 0.8991494178771973, 0.9119277596473694, 0.9502969980239868, 0.9625557661056519, 0.9747763872146606, 1.0116496086120605, 1.0235379934310913, 1.0595300197601318, 1.0950078964233398, 1.1064825057983398, 1.1413383483886719, 1.1758192777633667, 1.2328013181686401, 1.2664544582366943, 1.2998759746551514, 1.355324149131775, 1.4102526903152466, 1.4647276401519775, 1.518812656402588, 1.5941109657287598, 1.668846607208252, 1.7678730487823486, 1.8677842617034912, 1.9676278829574585, 2.0741329193115234, 2.1998178958892822, 2.3471386432647705, 2.3324546813964844, 2.3261430263519287, 2.304126739501953, 2.293163299560547, 2.295628070831299, 2.289888858795166, 2.2869977951049805, 2.2826902866363525, 2.2808961868286133, 2.2577977180480957, 2.254854679107666, 2.25260853767395, 2.2510557174682617, 2.2501938343048096, 2.250021457672119, 2.2505385875701904, 2.2517457008361816, 2.2536447048187256, 2.2562389373779297, 2.2595317363739014, 2.26352858543396, 2.268235683441162, 2.273660182952881, 2.279810905456543, 2.2866971492767334, 2.29433012008667, 2.3027217388153076, 2.3118858337402344, 2.3218374252319336, 2.332592248916626, 2.3441689014434814, 2.356586217880249, 2.369865655899048, 2.3840301036834717, 2.399103879928589, 2.415114164352417, 2.4320895671844482, 2.450061082839966, 2.469062089920044, 2.489128589630127, 2.51029896736145, 2.5326151847839355, 2.556121587753296, 2.5808663368225098, 2.606901168823242, 2.634281873703003, 2.6630680561065674, 2.693324565887451, 2.725120782852173, 2.7585318088531494, 2.7936384677886963, 2.830528497695923, 2.8692965507507324, 2.9100451469421387, 2.952885150909424, 2.9979372024536133, 3.045332908630371, 3.095214366912842, 3.147737503051758, 3.18487811088562, 3.249882221221924, 3.3160650730133057, 3.383617877960205, 3.45274019241333, 3.523641586303711, 3.596544027328491, 3.671684503555298, 3.7493174076080322, 3.8543150424957275, 3.937483310699463, 4.060210227966309, 4.164941787719727, 4.285311698913574, 4.402790546417236, 4.528440952301025, 4.689599514007568, 4.832143783569336, 5.008004188537598, 5.193634033203125, 5.388294696807861, 5.599663257598877, 5.710626125335693, 5.6763176918029785, 5.631732940673828, 5.605679988861084, 5.5701093673706055, 5.527233123779297, 5.4976487159729, 5.470046043395996, 5.44437837600708, 5.420603275299072, 5.398681163787842, 5.378576755523682, 5.360257148742676, 5.343693256378174, 5.328858852386475, 5.315730094909668, 5.304286956787109, 5.294510841369629, 5.286386966705322, 5.279902935028076, 5.275048732757568, 5.271816730499268, 5.270201683044434, 5.270201683044434, 5.271816730499268, 5.275048732757568, 5.279902935028076, 5.286386966705322, 5.294510841369629, 5.304286956787109, 5.315730094909668, 5.328858852386475, 5.343693256378174, 5.360257148742676, 5.378576755523682, 5.398681163787842, 5.420603275299072, 5.44437837600708, 5.470046043395996, 5.4976487159729, 5.527233123779297, 5.558849334716797, 5.592552661895752, 5.628401279449463, 5.666459560394287, 5.706796169281006, 5.749484539031982, 5.794604778289795, 5.84224271774292, 5.892489910125732, 5.945446014404297, 6.001217365264893, 6.0599188804626465, 6.121674060821533, 6.186614990234375, 6.254885196685791, 6.326638221740723, 6.402040958404541, 6.481271266937256, 6.564523696899414, 6.652006149291992, 6.743946075439453, 6.840587615966797, 6.942196369171143, 7.049060821533203, 7.161495208740234, 7.279839992523193, 7.404468059539795, 7.51845645904541, 7.656638145446777, 7.809587001800537, 7.767988681793213, 7.703749179840088, 7.591984272003174, 7.485675811767578, 7.3845343589782715, 7.288292407989502, 7.19670295715332, 7.109537601470947, 7.026584625244141, 6.947649002075195, 6.872548580169678, 6.8011155128479, 6.733193397521973, 6.668636798858643, 6.607311248779297, 6.549091339111328, 6.493859767913818, 6.441508769989014, 6.391937255859375, 6.3450517654418945, 6.300764560699463, 6.258995532989502, 6.219669342041016, 6.182716369628906, 6.148071765899658, 6.115675926208496, 6.085474014282227, 6.05741548538208, 6.031453609466553, 6.007545471191406, 5.985651969909668, 5.965738773345947, 5.947772979736328, 5.931726932525635, 5.917574882507324, 5.905294895172119, 5.894867420196533, 5.8862762451171875, 5.879508972167969, 5.87455415725708, 5.871405124664307, 5.87005615234375, 5.8705058097839355, 5.8727545738220215, 5.876805782318115, 5.421672821044922, 5.428749084472656, 5.437511444091797, 5.447973251342773, 5.460151195526123, 5.474064350128174, 5.489734649658203, 5.507186412811279, 5.526447772979736, 5.547549724578857, 5.570526123046875, 5.595414638519287, 5.622256278991699, 5.632668972015381, 5.6742143630981445, 5.714969635009766, 5.732259750366211, 5.463531970977783, 5.227692604064941, 5.005932807922363, 4.796328067779541, 4.615705966949463, 4.450254440307617, 4.2930121421813965, 4.1501383781433105, 4.020201683044434, 3.8965964317321777, 3.7727177143096924, 3.6762890815734863, 3.582580089569092, 3.4754557609558105, 3.38226318359375, 3.3208847045898438, 1.7252099514007568, 1.6887543201446533, 1.6471565961837769, 1.6023873090744019, 1.5769978761672974, 1.5461091995239258, 1.5158277750015259, 1.5126957893371582, 1.48484206199646, 1.4626966714859009, 1.438501238822937, 1.4155198335647583, 1.393681287765503, 1.3729205131530762, 1.3531776666641235, 1.3343974351882935, 1.3165291547775269, 1.2995258569717407, 1.2833442687988281, 1.2679442167282104, 1.2532888650894165, 1.2393436431884766, 1.2260767221450806, 1.2134586572647095, 1.201461911201477, 1.1900609731674194, 1.1792322397232056, 1.1689536571502686, 1.1592046022415161, 1.1499662399291992, 1.1412208080291748, 1.1329517364501953, 1.1251437664031982, 1.1071372032165527, 1.1002758741378784, 1.0938321352005005, 1.0877946615219116, 1.082153081893921, 1.0768979787826538, 1.0720202922821045, 1.0675122737884521, 1.0633662939071655, 1.0595756769180298, 1.0561343431472778, 1.0530368089675903, 1.0502781867980957, 1.0478540658950806, 1.0457607507705688, 1.0439949035644531, 1.0425537824630737, 1.0414352416992188, 1.040637493133545, 1.0401593446731567, 1.0399999618530273]
intensities: [0.0, 0.0, 0.0, 0.0, 0.0, 0.0, 0.0, 0.0, 0.0, 0.0, 0.0, 0.0, 0.0, 0.0, 0.0, 0.0, 0.0, 0.0, 0.0, 0.0, 0.0, 0.0, 0.0, 0.0, 0.0, 0.0, 0.0, 0.0, 0.0, 0.0, 0.0, 0.0, 0.0, 0.0, 0.0, 0.0, 0.0, 0.0, 0.0, 0.0, 0.0, 0.0, 0.0, 0.0, 0.0, 0.0, 0.0, 0.0, 0.0, 0.0, 0.0, 0.0, 0.0, 0.0, 0.0, 0.0, 0.0, 0.0, 0.0, 0.0, 0.0, 0.0, 0.0, 0.0, 0.0, 0.0, 0.0, 0.0, 0.0, 0.0, 0.0, 0.0, 0.0, 0.0, 0.0, 0.0, 0.0, 0.0, 0.0, 0.0, 0.0, 0.0, 0.0, 0.0, 0.0, 0.0, 0.0, 0.0, 0.0, 0.0, 0.0, 0.0, 0.0, 0.0, 0.0, 0.0, 0.0, 0.0, 0.0, 0.0, 0.0, 0.0, 0.0, 0.0, 0.0, 0.0, 0.0, 0.0, 0.0, 0.0, 0.0, 0.0, 0.0, 0.0, 0.0, 0.0, 0.0, 0.0, 0.0, 0.0, 0.0, 0.0, 0.0, 0.0, 0.0, 0.0, 0.0, 0.0, 0.0, 0.0, 0.0, 0.0, 0.0, 0.0, 0.0, 0.0, 0.0, 0.0, 0.0, 0.0, 0.0, 0.0, 0.0, 0.0, 0.0, 0.0, 0.0, 0.0, 0.0, 0.0, 0.0, 0.0, 0.0, 0.0, 0.0, 0.0, 0.0, 0.0, 0.0, 0.0, 0.0, 0.0, 0.0, 0.0, 0.0, 0.0, 0.0, 0.0, 0.0, 0.0, 0.0, 0.0, 0.0, 0.0, 0.0, 0.0, 0.0, 0.0, 0.0, 0.0, 0.0, 0.0, 0.0, 0.0, 0.0, 0.0, 0.0, 0.0, 0.0, 0.0, 0.0, 0.0, 0.0, 0.0, 0.0, 0.0, 0.0, 0.0, 0.0, 0.0, 0.0, 0.0, 0.0, 0.0, 0.0, 0.0, 0.0, 0.0, 0.0, 0.0, 0.0, 0.0, 0.0, 0.0, 0.0, 0.0, 0.0, 0.0, 0.0, 0.0, 0.0, 0.0, 0.0, 0.0, 0.0, 0.0, 0.0, 0.0, 0.0, 0.0, 0.0, 0.0, 0.0, 0.0, 0.0, 0.0, 0.0, 0.0, 0.0, 0.0, 0.0, 0.0, 0.0, 0.0, 0.0, 0.0, 0.0, 0.0, 0.0, 0.0, 0.0, 0.0, 0.0, 0.0, 0.0, 0.0, 0.0, 0.0, 0.0, 0.0, 0.0, 0.0, 0.0, 0.0, 0.0, 0.0, 0.0, 0.0, 0.0, 0.0, 0.0, 0.0, 0.0, 0.0, 0.0, 0.0, 0.0, 0.0, 0.0, 0.0, 0.0, 0.0, 0.0, 0.0, 0.0, 0.0, 0.0, 0.0, 0.0, 0.0, 0.0, 0.0, 0.0, 0.0, 0.0, 0.0, 0.0, 0.0, 0.0, 0.0, 0.0, 0.0, 0.0, 0.0, 0.0, 0.0, 0.0, 0.0, 0.0, 0.0, 0.0, 0.0, 0.0, 0.0, 0.0, 0.0, 0.0, 0.0, 0.0, 0.0, 0.0, 0.0, 0.0, 0.0, 0.0, 0.0, 0.0, 0.0, 0.0, 0.0, 0.0, 0.0, 0.0, 0.0, 0.0, 0.0, 0.0, 0.0, 0.0, 0.0, 0.0, 0.0, 0.0, 0.0, 0.0, 0.0, 0.0, 0.0, 0.0, 0.0, 0.0, 0.0, 0.0, 0.0, 0.0, 0.0, 0.0, 0.0, 0.0, 0.0]
---
header: 
  seq: 273
  stamp: 
    secs: 27
    nsecs: 400000000
  frame_id: "base_laser_link"
angle_min: -3.14159274101
angle_max: 3.14159274101
angle_increment: 0.0175019092858
time_increment: 0.0
scan_time: 0.0
range_min: 0.15000000596
range_max: 16.0
ranges: [1.0399999618530273, 1.0401593446731567, 1.040637493133545, 1.0414352416992188, 1.0425537824630737, 1.0439949035644531, 1.0457607507705688, 1.0478540658950806, 1.0502781867980957, 1.0530368089675903, 1.0561343431472778, 1.0595756769180298, 1.0633662939071655, 1.0675122737884521, 1.0720202922821045, 1.0768979787826538, 1.040531873703003, 0.9831990003585815, 0.9465855360031128, 0.8886843919754028, 0.8516440391540527, 0.8143897652626038, 0.7768811583518982, 0.7390763163566589, 0.7009318470954895, 0.684482753276825, 0.667973518371582, 0.6738470196723938, 0.680034875869751, 0.6865496635437012, 0.6934049725532532, 0.7006152868270874, 0.7081963419914246, 0.7161650657653809, 0.724539577960968, 0.7333395481109619, 0.7425861954689026, 0.752302348613739, 0.7625128030776978, 0.7732443809509277, 0.784525990486145, 0.7963892817497253, 0.8088684678077698, 0.8220006823539734, 0.8358266353607178, 0.846677839756012, 0.8600462079048157, 0.8732311725616455, 0.8862578272819519, 0.8991494178771973, 0.9119277596473694, 0.9502969980239868, 0.9625557661056519, 0.9747763872146606, 1.0116496086120605, 1.0235379934310913, 1.0595300197601318, 1.0950078964233398, 1.1064825057983398, 1.1413383483886719, 1.1758192777633667, 1.2328013181686401, 1.2664544582366943, 1.2998759746551514, 1.355324149131775, 1.4102526903152466, 1.4647276401519775, 1.518812656402588, 1.5941109657287598, 1.668846607208252, 1.7678730487823486, 1.8677842617034912, 1.9676278829574585, 2.0741329193115234, 2.1998178958892822, 2.3471386432647705, 2.3324546813964844, 2.3261430263519287, 2.304126739501953, 2.293163299560547, 2.295628070831299, 2.289888858795166, 2.2869977951049805, 2.2826902866363525, 2.2808961868286133, 2.2577977180480957, 2.254854679107666, 2.25260853767395, 2.2510557174682617, 2.2501938343048096, 2.250021457672119, 2.2505385875701904, 2.2517457008361816, 2.2536447048187256, 2.2562389373779297, 2.2595317363739014, 2.26352858543396, 2.268235683441162, 2.273660182952881, 2.279810905456543, 2.2866971492767334, 2.29433012008667, 2.3027217388153076, 2.3118858337402344, 2.3218374252319336, 2.332592248916626, 2.3441689014434814, 2.356586217880249, 2.369865655899048, 2.3840301036834717, 2.399103879928589, 2.415114164352417, 2.4320895671844482, 2.450061082839966, 2.469062089920044, 2.489128589630127, 2.51029896736145, 2.5326151847839355, 2.556121587753296, 2.5808663368225098, 2.606901168823242, 2.634281873703003, 2.6630680561065674, 2.693324565887451, 2.725120782852173, 2.7585318088531494, 2.7936384677886963, 2.830528497695923, 2.8692965507507324, 2.9100451469421387, 2.952885150909424, 2.9979372024536133, 3.045332908630371, 3.095214366912842, 3.147737503051758, 3.18487811088562, 3.249882221221924, 3.3160650730133057, 3.383617877960205, 3.45274019241333, 3.523641586303711, 3.596544027328491, 3.671684503555298, 3.7493174076080322, 3.8543150424957275, 3.937483310699463, 4.060210227966309, 4.164941787719727, 4.285311698913574, 4.402790546417236, 4.528440952301025, 4.689599514007568, 4.832143783569336, 5.008004188537598, 5.193634033203125, 5.388294696807861, 5.599663257598877, 5.710626125335693, 5.6763176918029785, 5.631732940673828, 5.605679988861084, 5.5701093673706055, 5.527233123779297, 5.4976487159729, 5.470046043395996, 5.44437837600708, 5.420603275299072, 5.398681163787842, 5.378576755523682, 5.360257148742676, 5.343693256378174, 5.328858852386475, 5.315730094909668, 5.304286956787109, 5.294510841369629, 5.286386966705322, 5.279902935028076, 5.275048732757568, 5.271816730499268, 5.270201683044434, 5.270201683044434, 5.271816730499268, 5.275048732757568, 5.279902935028076, 5.286386966705322, 5.294510841369629, 5.304286956787109, 5.315730094909668, 5.328858852386475, 5.343693256378174, 5.360257148742676, 5.378576755523682, 5.398681163787842, 5.420603275299072, 5.44437837600708, 5.470046043395996, 5.4976487159729, 5.527233123779297, 5.558849334716797, 5.592552661895752, 5.628401279449463, 5.666459560394287, 5.706796169281006, 5.749484539031982, 5.794604778289795, 5.84224271774292, 5.892489910125732, 5.945446014404297, 6.001217365264893, 6.0599188804626465, 6.121674060821533, 6.186614990234375, 6.254885196685791, 6.326638221740723, 6.402040958404541, 6.481271266937256, 6.564523696899414, 6.652006149291992, 6.743946075439453, 6.840587615966797, 6.942196369171143, 7.049060821533203, 7.161495208740234, 7.279839992523193, 7.404468059539795, 7.51845645904541, 7.656638145446777, 7.809587001800537, 7.767988681793213, 7.703749179840088, 7.591984272003174, 7.485675811767578, 7.3845343589782715, 7.288292407989502, 7.19670295715332, 7.109537601470947, 7.026584625244141, 6.947649002075195, 6.872548580169678, 6.8011155128479, 6.733193397521973, 6.668636798858643, 6.607311248779297, 6.549091339111328, 6.493859767913818, 6.441508769989014, 6.391937255859375, 6.3450517654418945, 6.300764560699463, 6.258995532989502, 6.219669342041016, 6.182716369628906, 6.148071765899658, 6.115675926208496, 6.085474014282227, 6.05741548538208, 6.031453609466553, 6.007545471191406, 5.985651969909668, 5.965738773345947, 5.947772979736328, 5.931726932525635, 5.917574882507324, 5.905294895172119, 5.894867420196533, 5.8862762451171875, 5.879508972167969, 5.87455415725708, 5.871405124664307, 5.87005615234375, 5.8705058097839355, 5.8727545738220215, 5.876805782318115, 5.421672821044922, 5.428749084472656, 5.437511444091797, 5.447973251342773, 5.460151195526123, 5.474064350128174, 5.489734649658203, 5.507186412811279, 5.526447772979736, 5.547549724578857, 5.570526123046875, 5.595414638519287, 5.622256278991699, 5.632668972015381, 5.6742143630981445, 5.714969635009766, 5.732259750366211, 5.463531970977783, 5.227692604064941, 5.005932807922363, 4.796328067779541, 4.615705966949463, 4.450254440307617, 4.2930121421813965, 4.1501383781433105, 4.020201683044434, 3.8965964317321777, 3.7727177143096924, 3.6762890815734863, 3.582580089569092, 3.4754557609558105, 3.38226318359375, 3.3208847045898438, 1.7252099514007568, 1.6887543201446533, 1.6471565961837769, 1.6023873090744019, 1.5769978761672974, 1.5461091995239258, 1.5158277750015259, 1.5126957893371582, 1.48484206199646, 1.4626966714859009, 1.438501238822937, 1.4155198335647583, 1.393681287765503, 1.3729205131530762, 1.3531776666641235, 1.3343974351882935, 1.3165291547775269, 1.2995258569717407, 1.2833442687988281, 1.2679442167282104, 1.2532888650894165, 1.2393436431884766, 1.2260767221450806, 1.2134586572647095, 1.201461911201477, 1.1900609731674194, 1.1792322397232056, 1.1689536571502686, 1.1592046022415161, 1.1499662399291992, 1.1412208080291748, 1.1329517364501953, 1.1251437664031982, 1.1071372032165527, 1.1002758741378784, 1.0938321352005005, 1.0877946615219116, 1.082153081893921, 1.0768979787826538, 1.0720202922821045, 1.0675122737884521, 1.0633662939071655, 1.0595756769180298, 1.0561343431472778, 1.0530368089675903, 1.0502781867980957, 1.0478540658950806, 1.0457607507705688, 1.0439949035644531, 1.0425537824630737, 1.0414352416992188, 1.040637493133545, 1.0401593446731567, 1.0399999618530273]
intensities: [0.0, 0.0, 0.0, 0.0, 0.0, 0.0, 0.0, 0.0, 0.0, 0.0, 0.0, 0.0, 0.0, 0.0, 0.0, 0.0, 0.0, 0.0, 0.0, 0.0, 0.0, 0.0, 0.0, 0.0, 0.0, 0.0, 0.0, 0.0, 0.0, 0.0, 0.0, 0.0, 0.0, 0.0, 0.0, 0.0, 0.0, 0.0, 0.0, 0.0, 0.0, 0.0, 0.0, 0.0, 0.0, 0.0, 0.0, 0.0, 0.0, 0.0, 0.0, 0.0, 0.0, 0.0, 0.0, 0.0, 0.0, 0.0, 0.0, 0.0, 0.0, 0.0, 0.0, 0.0, 0.0, 0.0, 0.0, 0.0, 0.0, 0.0, 0.0, 0.0, 0.0, 0.0, 0.0, 0.0, 0.0, 0.0, 0.0, 0.0, 0.0, 0.0, 0.0, 0.0, 0.0, 0.0, 0.0, 0.0, 0.0, 0.0, 0.0, 0.0, 0.0, 0.0, 0.0, 0.0, 0.0, 0.0, 0.0, 0.0, 0.0, 0.0, 0.0, 0.0, 0.0, 0.0, 0.0, 0.0, 0.0, 0.0, 0.0, 0.0, 0.0, 0.0, 0.0, 0.0, 0.0, 0.0, 0.0, 0.0, 0.0, 0.0, 0.0, 0.0, 0.0, 0.0, 0.0, 0.0, 0.0, 0.0, 0.0, 0.0, 0.0, 0.0, 0.0, 0.0, 0.0, 0.0, 0.0, 0.0, 0.0, 0.0, 0.0, 0.0, 0.0, 0.0, 0.0, 0.0, 0.0, 0.0, 0.0, 0.0, 0.0, 0.0, 0.0, 0.0, 0.0, 0.0, 0.0, 0.0, 0.0, 0.0, 0.0, 0.0, 0.0, 0.0, 0.0, 0.0, 0.0, 0.0, 0.0, 0.0, 0.0, 0.0, 0.0, 0.0, 0.0, 0.0, 0.0, 0.0, 0.0, 0.0, 0.0, 0.0, 0.0, 0.0, 0.0, 0.0, 0.0, 0.0, 0.0, 0.0, 0.0, 0.0, 0.0, 0.0, 0.0, 0.0, 0.0, 0.0, 0.0, 0.0, 0.0, 0.0, 0.0, 0.0, 0.0, 0.0, 0.0, 0.0, 0.0, 0.0, 0.0, 0.0, 0.0, 0.0, 0.0, 0.0, 0.0, 0.0, 0.0, 0.0, 0.0, 0.0, 0.0, 0.0, 0.0, 0.0, 0.0, 0.0, 0.0, 0.0, 0.0, 0.0, 0.0, 0.0, 0.0, 0.0, 0.0, 0.0, 0.0, 0.0, 0.0, 0.0, 0.0, 0.0, 0.0, 0.0, 0.0, 0.0, 0.0, 0.0, 0.0, 0.0, 0.0, 0.0, 0.0, 0.0, 0.0, 0.0, 0.0, 0.0, 0.0, 0.0, 0.0, 0.0, 0.0, 0.0, 0.0, 0.0, 0.0, 0.0, 0.0, 0.0, 0.0, 0.0, 0.0, 0.0, 0.0, 0.0, 0.0, 0.0, 0.0, 0.0, 0.0, 0.0, 0.0, 0.0, 0.0, 0.0, 0.0, 0.0, 0.0, 0.0, 0.0, 0.0, 0.0, 0.0, 0.0, 0.0, 0.0, 0.0, 0.0, 0.0, 0.0, 0.0, 0.0, 0.0, 0.0, 0.0, 0.0, 0.0, 0.0, 0.0, 0.0, 0.0, 0.0, 0.0, 0.0, 0.0, 0.0, 0.0, 0.0, 0.0, 0.0, 0.0, 0.0, 0.0, 0.0, 0.0, 0.0, 0.0, 0.0, 0.0, 0.0, 0.0, 0.0, 0.0, 0.0, 0.0, 0.0, 0.0, 0.0, 0.0, 0.0, 0.0, 0.0, 0.0, 0.0, 0.0, 0.0, 0.0, 0.0, 0.0, 0.0, 0.0, 0.0, 0.0, 0.0, 0.0]
---
