header: 
  seq: 372
  stamp: 
    secs: 37
    nsecs: 300000000
  frame_id: "base_laser_link"
angle_min: -3.14159274101
angle_max: 3.14159274101
angle_increment: 0.0175019092858
time_increment: 0.0
scan_time: 0.0
range_min: 0.15000000596
range_max: 16.0
ranges: [1.9500000476837158, 1.9502986669540405, 1.951195240020752, 1.9526910781860352, 1.954788327217102, 1.95749032497406, 1.960801362991333, 1.9647263288497925, 1.9692715406417847, 1.974444031715393, 1.9802519083023071, 1.9867043495178223, 1.9938117265701294, 2.0015854835510254, 2.010038137435913, 2.01918363571167, 2.0290369987487793, 2.0396149158477783, 2.0509352684020996, 2.0630173683166504, 2.0758821964263916, 2.089552640914917, 2.104053258895874, 2.1194100379943848, 2.1356515884399414, 2.152808666229248, 2.1709139347076416, 2.190002679824829, 2.210113286972046, 2.2312865257263184, 2.253566026687622, 2.2769997119903564, 2.301638126373291, 2.3275363445281982, 2.3547534942626953, 2.3833534717559814, 2.413405179977417, 2.4449827671051025, 2.4781665802001953, 2.5130441188812256, 2.5497095584869385, 2.5882651805877686, 2.6288225650787354, 2.6715023517608643, 2.7164366245269775, 2.759685516357422, 2.804619550704956, 2.851248025894165, 2.8191473484039307, 2.7650625705718994, 2.742262601852417, 2.6982247829437256, 2.6593852043151855, 2.6257686614990234, 2.578472852706909, 2.5466599464416504, 2.5163838863372803, 2.487572193145752, 2.460157871246338, 2.4340786933898926, 2.4092769622802734, 2.3856987953186035, 2.3632946014404297, 2.342017889022827, 2.3884811401367188, 2.4569246768951416, 2.546877145767212, 2.679619312286377, 2.78969407081604, 2.920947551727295, 3.0663180351257324, 3.2210023403167725, 3.4076991081237793, 3.582857847213745, 3.8222920894622803, 3.9319958686828613, 3.9216713905334473, 3.8863611221313477, 3.8715779781341553, 3.8580844402313232, 3.845858573913574, 3.834880828857422, 4.4306960105896, 5.025025367736816, 5.779240131378174, 5.769927501678467, 5.762406349182129, 5.756666660308838, 5.752697944641113, 5.750495433807373, 5.750054836273193, 5.751376152038574, 5.754461288452148, 5.75931453704834, 5.76594352722168, 5.774358749389648, 5.784573078155518, 5.796602249145508, 5.810465335845947, 5.826183319091797, 5.843781471252441, 5.863287925720215, 5.8847336769104, 5.908153057098389, 5.933584213256836, 5.961069107055664, 5.9906535148620605, 6.0223870277404785, 6.056323528289795, 6.0925211906433105, 6.131043434143066, 6.1719584465026855, 6.2153401374816895, 6.261267185211182, 6.309825420379639, 6.3611063957214355, 6.415208339691162, 6.472238540649414, 6.532310485839844, 6.595547199249268, 6.662080764770508, 6.732053756713867, 6.805618762969971, 6.882940769195557, 6.964197635650635, 7.049581050872803, 7.139298439025879, 7.233572959899902, 7.33264684677124, 7.436781883239746, 7.546261787414551, 7.66139554977417, 7.782517433166504, 7.662374973297119, 7.511029243469238, 7.404468059539795, 7.279839992523193, 7.161495208740234, 7.049060821533203, 6.942196369171143, 6.840587615966797, 6.743946075439453, 6.652006149291992, 6.564523696899414, 6.481271266937256, 6.402040958404541, 6.326638221740723, 6.254885196685791, 6.186614990234375, 6.121674060821533, 6.0599188804626465, 6.001217365264893, 5.945446014404297, 5.892489910125732, 5.84224271774292, 5.794604778289795, 5.749484539031982, 5.706796169281006, 5.666459560394287, 5.628401279449463, 5.592552661895752, 5.558849334716797, 5.527233123779297, 5.4976487159729, 5.470046043395996, 5.44437837600708, 5.420603275299072, 5.398681163787842, 5.378576755523682, 5.360257148742676, 5.343693256378174, 5.328858852386475, 5.315730094909668, 5.304286956787109, 5.294510841369629, 5.286386966705322, 5.279902935028076, 5.275048732757568, 5.271816730499268, 5.270201683044434, 5.270201683044434, 5.271816730499268, 5.275048732757568, 5.279902935028076, 5.286386966705322, 5.294510841369629, 5.304286956787109, 5.315730094909668, 5.328858852386475, 5.343693256378174, 5.360257148742676, 5.378576755523682, 5.398681163787842, 5.420603275299072, 5.44437837600708, 5.470046043395996, 5.4976487159729, 5.527233123779297, 5.558849334716797, 5.592552661895752, 5.628401279449463, 5.675528526306152, 5.712823390960693, 5.760913372039795, 5.648026466369629, 5.467411994934082, 5.276096343994141, 5.088038444519043, 4.929546356201172, 4.791165828704834, 4.643913269042969, 4.505866050720215, 4.389581203460693, 4.266277313232422, 4.149999618530273, 4.049924850463867, 3.969792366027832, 3.8705661296844482, 3.7750742435455322, 3.6923935413360596, 3.632634162902832, 3.5510056018829346, 3.4755454063415527, 3.4279122352600098, 3.3564512729644775, 3.3156166076660156, 3.2602925300598145, 3.2077505588531494, 3.157827377319336, 3.110372304916382, 3.0652475357055664, 3.0223257541656494, 2.981490135192871, 2.9426326751708984, 2.905653476715088, 2.8704605102539062, 2.8369686603546143, 2.805098533630371, 2.7747769355773926, 2.7459359169006348, 2.718512535095215, 2.6924479007720947, 2.6676878929138184, 2.644181728363037, 2.6218819618225098, 2.600745439529419, 2.580731153488159, 2.5618011951446533, 2.5439202785491943, 2.5270562171936035, 2.5111782550811768, 2.496258497238159, 2.4822707176208496, 2.469191074371338, 2.4569971561431885, 2.4456686973571777, 2.4351863861083984, 2.4255335330963135, 2.416694402694702, 2.40865421295166, 2.4014008045196533, 2.3949222564697266, 2.3892083168029785, 2.3842501640319824, 2.380040168762207, 2.3765716552734375, 2.3738391399383545, 2.3718388080596924, 2.3705673217773438, 2.370022773742676, 2.370204210281372, 2.371112108230591, 2.3727476596832275, 2.3751137256622314, 2.3682727813720703, 2.363248109817505, 2.3866353034973145, 2.210301637649536, 1.9326180219650269, 1.9381502866744995, 1.9443117380142212, 1.951111912727356, 1.958561897277832, 1.966673731803894, 1.9754606485366821, 1.984937071800232, 1.9951190948486328, 2.006023645401001, 2.017669439315796, 2.030076742172241, 2.043267250061035, 2.057264804840088, 2.072094440460205, 2.0877833366394043, 2.1043615341186523, 2.1218600273132324, 2.140312910079956, 2.159757137298584, 2.180231809616089, 2.201779365539551, 2.224445104598999, 2.2482783794403076, 2.273331642150879, 2.299661874771118, 2.3273303508758545, 2.356403350830078, 2.3869524002075195, 2.4190545082092285, 2.452793598175049, 2.48826003074646, 2.5255520343780518, 2.5647764205932617, 2.6060492992401123, 2.6494972705841064, 2.6952579021453857, 2.7114152908325195, 2.6707139015197754, 2.6288225650787354, 2.5882651805877686, 2.5497095584869385, 2.5130441188812256, 2.4781665802001953, 2.4449827671051025, 2.413405179977417, 2.3833534717559814, 2.3547534942626953, 2.3275363445281982, 2.301638126373291, 2.2769997119903564, 2.253566026687622, 2.2312865257263184, 2.210113286972046, 2.190002679824829, 2.1709139347076416, 2.152808666229248, 2.1356515884399414, 2.1194100379943848, 2.104053258895874, 2.089552640914917, 2.0758821964263916, 2.0630173683166504, 2.0509352684020996, 2.0396149158477783, 2.0290369987487793, 2.01918363571167, 2.010038137435913, 2.0015854835510254, 1.9938117265701294, 1.9867043495178223, 1.9802519083023071, 1.974444031715393, 1.9692715406417847, 1.9647263288497925, 1.960801362991333, 1.95749032497406, 1.954788327217102, 1.9526910781860352, 1.951195240020752, 1.9502986669540405, 1.9500000476837158]
intensities: [0.0, 0.0, 0.0, 0.0, 0.0, 0.0, 0.0, 0.0, 0.0, 0.0, 0.0, 0.0, 0.0, 0.0, 0.0, 0.0, 0.0, 0.0, 0.0, 0.0, 0.0, 0.0, 0.0, 0.0, 0.0, 0.0, 0.0, 0.0, 0.0, 0.0, 0.0, 0.0, 0.0, 0.0, 0.0, 0.0, 0.0, 0.0, 0.0, 0.0, 0.0, 0.0, 0.0, 0.0, 0.0, 0.0, 0.0, 0.0, 0.0, 0.0, 0.0, 0.0, 0.0, 0.0, 0.0, 0.0, 0.0, 0.0, 0.0, 0.0, 0.0, 0.0, 0.0, 0.0, 0.0, 0.0, 0.0, 0.0, 0.0, 0.0, 0.0, 0.0, 0.0, 0.0, 0.0, 0.0, 0.0, 0.0, 0.0, 0.0, 0.0, 0.0, 0.0, 0.0, 0.0, 0.0, 0.0, 0.0, 0.0, 0.0, 0.0, 0.0, 0.0, 0.0, 0.0, 0.0, 0.0, 0.0, 0.0, 0.0, 0.0, 0.0, 0.0, 0.0, 0.0, 0.0, 0.0, 0.0, 0.0, 0.0, 0.0, 0.0, 0.0, 0.0, 0.0, 0.0, 0.0, 0.0, 0.0, 0.0, 0.0, 0.0, 0.0, 0.0, 0.0, 0.0, 0.0, 0.0, 0.0, 0.0, 0.0, 0.0, 0.0, 0.0, 0.0, 0.0, 0.0, 0.0, 0.0, 0.0, 0.0, 0.0, 0.0, 0.0, 0.0, 0.0, 0.0, 0.0, 0.0, 0.0, 0.0, 0.0, 0.0, 0.0, 0.0, 0.0, 0.0, 0.0, 0.0, 0.0, 0.0, 0.0, 0.0, 0.0, 0.0, 0.0, 0.0, 0.0, 0.0, 0.0, 0.0, 0.0, 0.0, 0.0, 0.0, 0.0, 0.0, 0.0, 0.0, 0.0, 0.0, 0.0, 0.0, 0.0, 0.0, 0.0, 0.0, 0.0, 0.0, 0.0, 0.0, 0.0, 0.0, 0.0, 0.0, 0.0, 0.0, 0.0, 0.0, 0.0, 0.0, 0.0, 0.0, 0.0, 0.0, 0.0, 0.0, 0.0, 0.0, 0.0, 0.0, 0.0, 0.0, 0.0, 0.0, 0.0, 0.0, 0.0, 0.0, 0.0, 0.0, 0.0, 0.0, 0.0, 0.0, 0.0, 0.0, 0.0, 0.0, 0.0, 0.0, 0.0, 0.0, 0.0, 0.0, 0.0, 0.0, 0.0, 0.0, 0.0, 0.0, 0.0, 0.0, 0.0, 0.0, 0.0, 0.0, 0.0, 0.0, 0.0, 0.0, 0.0, 0.0, 0.0, 0.0, 0.0, 0.0, 0.0, 0.0, 0.0, 0.0, 0.0, 0.0, 0.0, 0.0, 0.0, 0.0, 0.0, 0.0, 0.0, 0.0, 0.0, 0.0, 0.0, 0.0, 0.0, 0.0, 0.0, 0.0, 0.0, 0.0, 0.0, 0.0, 0.0, 0.0, 0.0, 0.0, 0.0, 0.0, 0.0, 0.0, 0.0, 0.0, 0.0, 0.0, 0.0, 0.0, 0.0, 0.0, 0.0, 0.0, 0.0, 0.0, 0.0, 0.0, 0.0, 0.0, 0.0, 0.0, 0.0, 0.0, 0.0, 0.0, 0.0, 0.0, 0.0, 0.0, 0.0, 0.0, 0.0, 0.0, 0.0, 0.0, 0.0, 0.0, 0.0, 0.0, 0.0, 0.0, 0.0, 0.0, 0.0, 0.0, 0.0, 0.0, 0.0, 0.0, 0.0, 0.0, 0.0, 0.0, 0.0, 0.0, 0.0, 0.0, 0.0, 0.0, 0.0, 0.0, 0.0, 0.0, 0.0, 0.0, 0.0, 0.0, 0.0, 0.0, 0.0, 0.0, 0.0]
---
header: 
  seq: 373
  stamp: 
    secs: 37
    nsecs: 400000000
  frame_id: "base_laser_link"
angle_min: -3.14159274101
angle_max: 3.14159274101
angle_increment: 0.0175019092858
time_increment: 0.0
scan_time: 0.0
range_min: 0.15000000596
range_max: 16.0
ranges: [1.9500000476837158, 1.9502986669540405, 1.951195240020752, 1.9526910781860352, 1.954788327217102, 1.95749032497406, 1.960801362991333, 1.9647263288497925, 1.9692715406417847, 1.974444031715393, 1.9802519083023071, 1.9867043495178223, 1.9938117265701294, 2.0015854835510254, 2.010038137435913, 2.01918363571167, 2.0290369987487793, 2.0396149158477783, 2.0509352684020996, 2.0630173683166504, 2.0758821964263916, 2.089552640914917, 2.104053258895874, 2.1194100379943848, 2.1356515884399414, 2.152808666229248, 2.1709139347076416, 2.190002679824829, 2.210113286972046, 2.2312865257263184, 2.253566026687622, 2.2769997119903564, 2.301638126373291, 2.3275363445281982, 2.3547534942626953, 2.3833534717559814, 2.413405179977417, 2.4449827671051025, 2.4781665802001953, 2.5130441188812256, 2.5497095584869385, 2.5882651805877686, 2.6288225650787354, 2.6715023517608643, 2.7164366245269775, 2.759685516357422, 2.804619550704956, 2.851248025894165, 2.8191473484039307, 2.7650625705718994, 2.742262601852417, 2.6982247829437256, 2.6593852043151855, 2.6257686614990234, 2.578472852706909, 2.5466599464416504, 2.5163838863372803, 2.487572193145752, 2.460157871246338, 2.4340786933898926, 2.4092769622802734, 2.3856987953186035, 2.3632946014404297, 2.342017889022827, 2.3884811401367188, 2.4569246768951416, 2.546877145767212, 2.679619312286377, 2.78969407081604, 2.920947551727295, 3.0663180351257324, 3.2210023403167725, 3.4076991081237793, 3.582857847213745, 3.8222920894622803, 3.9319958686828613, 3.9216713905334473, 3.8863611221313477, 3.8715779781341553, 3.8580844402313232, 3.845858573913574, 3.834880828857422, 4.4306960105896, 5.025025367736816, 5.779240131378174, 5.769927501678467, 5.762406349182129, 5.756666660308838, 5.752697944641113, 5.750495433807373, 5.750054836273193, 5.751376152038574, 5.754461288452148, 5.75931453704834, 5.76594352722168, 5.774358749389648, 5.784573078155518, 5.796602249145508, 5.810465335845947, 5.826183319091797, 5.843781471252441, 5.863287925720215, 5.8847336769104, 5.908153057098389, 5.933584213256836, 5.961069107055664, 5.9906535148620605, 6.0223870277404785, 6.056323528289795, 6.0925211906433105, 6.131043434143066, 6.1719584465026855, 6.2153401374816895, 6.261267185211182, 6.309825420379639, 6.3611063957214355, 6.415208339691162, 6.472238540649414, 6.532310485839844, 6.595547199249268, 6.662080764770508, 6.732053756713867, 6.805618762969971, 6.882940769195557, 6.964197635650635, 7.049581050872803, 7.139298439025879, 7.233572959899902, 7.33264684677124, 7.436781883239746, 7.546261787414551, 7.66139554977417, 7.782517433166504, 7.662374973297119, 7.511029243469238, 7.404468059539795, 7.279839992523193, 7.161495208740234, 7.049060821533203, 6.942196369171143, 6.840587615966797, 6.743946075439453, 6.652006149291992, 6.564523696899414, 6.481271266937256, 6.402040958404541, 6.326638221740723, 6.254885196685791, 6.186614990234375, 6.121674060821533, 6.0599188804626465, 6.001217365264893, 5.945446014404297, 5.892489910125732, 5.84224271774292, 5.794604778289795, 5.749484539031982, 5.706796169281006, 5.666459560394287, 5.628401279449463, 5.592552661895752, 5.558849334716797, 5.527233123779297, 5.4976487159729, 5.470046043395996, 5.44437837600708, 5.420603275299072, 5.398681163787842, 5.378576755523682, 5.360257148742676, 5.343693256378174, 5.328858852386475, 5.315730094909668, 5.304286956787109, 5.294510841369629, 5.286386966705322, 5.279902935028076, 5.275048732757568, 5.271816730499268, 5.270201683044434, 5.270201683044434, 5.271816730499268, 5.275048732757568, 5.279902935028076, 5.286386966705322, 5.294510841369629, 5.304286956787109, 5.315730094909668, 5.328858852386475, 5.343693256378174, 5.360257148742676, 5.378576755523682, 5.398681163787842, 5.420603275299072, 5.44437837600708, 5.470046043395996, 5.4976487159729, 5.527233123779297, 5.558849334716797, 5.592552661895752, 5.628401279449463, 5.675528526306152, 5.712823390960693, 5.760913372039795, 5.648026466369629, 5.467411994934082, 5.276096343994141, 5.088038444519043, 4.929546356201172, 4.791165828704834, 4.643913269042969, 4.505866050720215, 4.389581203460693, 4.266277313232422, 4.149999618530273, 4.049924850463867, 3.969792366027832, 3.8705661296844482, 3.7750742435455322, 3.6923935413360596, 3.632634162902832, 3.5510056018829346, 3.4755454063415527, 3.4279122352600098, 3.3564512729644775, 3.3156166076660156, 3.2602925300598145, 3.2077505588531494, 3.157827377319336, 3.110372304916382, 3.0652475357055664, 3.0223257541656494, 2.981490135192871, 2.9426326751708984, 2.905653476715088, 2.8704605102539062, 2.8369686603546143, 2.805098533630371, 2.7747769355773926, 2.7459359169006348, 2.718512535095215, 2.6924479007720947, 2.6676878929138184, 2.644181728363037, 2.6218819618225098, 2.600745439529419, 2.580731153488159, 2.5618011951446533, 2.5439202785491943, 2.5270562171936035, 2.5111782550811768, 2.496258497238159, 2.4822707176208496, 2.469191074371338, 2.4569971561431885, 2.4456686973571777, 2.4351863861083984, 2.4255335330963135, 2.416694402694702, 2.40865421295166, 2.4014008045196533, 2.3949222564697266, 2.3892083168029785, 2.3842501640319824, 2.380040168762207, 2.3765716552734375, 2.3738391399383545, 2.3718388080596924, 2.3705673217773438, 2.370022773742676, 2.370204210281372, 2.371112108230591, 2.3727476596832275, 2.3751137256622314, 2.3682727813720703, 2.363248109817505, 2.3866353034973145, 2.210301637649536, 1.9326180219650269, 1.9381502866744995, 1.9443117380142212, 1.951111912727356, 1.958561897277832, 1.966673731803894, 1.9754606485366821, 1.984937071800232, 1.9951190948486328, 2.006023645401001, 2.017669439315796, 2.030076742172241, 2.043267250061035, 2.057264804840088, 2.072094440460205, 2.0877833366394043, 2.1043615341186523, 2.1218600273132324, 2.140312910079956, 2.159757137298584, 2.180231809616089, 2.201779365539551, 2.224445104598999, 2.2482783794403076, 2.273331642150879, 2.299661874771118, 2.3273303508758545, 2.356403350830078, 2.3869524002075195, 2.4190545082092285, 2.452793598175049, 2.48826003074646, 2.5255520343780518, 2.5647764205932617, 2.6060492992401123, 2.6494972705841064, 2.6952579021453857, 2.7114152908325195, 2.6707139015197754, 2.6288225650787354, 2.5882651805877686, 2.5497095584869385, 2.5130441188812256, 2.4781665802001953, 2.4449827671051025, 2.413405179977417, 2.3833534717559814, 2.3547534942626953, 2.3275363445281982, 2.301638126373291, 2.2769997119903564, 2.253566026687622, 2.2312865257263184, 2.210113286972046, 2.190002679824829, 2.1709139347076416, 2.152808666229248, 2.1356515884399414, 2.1194100379943848, 2.104053258895874, 2.089552640914917, 2.0758821964263916, 2.0630173683166504, 2.0509352684020996, 2.0396149158477783, 2.0290369987487793, 2.01918363571167, 2.010038137435913, 2.0015854835510254, 1.9938117265701294, 1.9867043495178223, 1.9802519083023071, 1.974444031715393, 1.9692715406417847, 1.9647263288497925, 1.960801362991333, 1.95749032497406, 1.954788327217102, 1.9526910781860352, 1.951195240020752, 1.9502986669540405, 1.9500000476837158]
intensities: [0.0, 0.0, 0.0, 0.0, 0.0, 0.0, 0.0, 0.0, 0.0, 0.0, 0.0, 0.0, 0.0, 0.0, 0.0, 0.0, 0.0, 0.0, 0.0, 0.0, 0.0, 0.0, 0.0, 0.0, 0.0, 0.0, 0.0, 0.0, 0.0, 0.0, 0.0, 0.0, 0.0, 0.0, 0.0, 0.0, 0.0, 0.0, 0.0, 0.0, 0.0, 0.0, 0.0, 0.0, 0.0, 0.0, 0.0, 0.0, 0.0, 0.0, 0.0, 0.0, 0.0, 0.0, 0.0, 0.0, 0.0, 0.0, 0.0, 0.0, 0.0, 0.0, 0.0, 0.0, 0.0, 0.0, 0.0, 0.0, 0.0, 0.0, 0.0, 0.0, 0.0, 0.0, 0.0, 0.0, 0.0, 0.0, 0.0, 0.0, 0.0, 0.0, 0.0, 0.0, 0.0, 0.0, 0.0, 0.0, 0.0, 0.0, 0.0, 0.0, 0.0, 0.0, 0.0, 0.0, 0.0, 0.0, 0.0, 0.0, 0.0, 0.0, 0.0, 0.0, 0.0, 0.0, 0.0, 0.0, 0.0, 0.0, 0.0, 0.0, 0.0, 0.0, 0.0, 0.0, 0.0, 0.0, 0.0, 0.0, 0.0, 0.0, 0.0, 0.0, 0.0, 0.0, 0.0, 0.0, 0.0, 0.0, 0.0, 0.0, 0.0, 0.0, 0.0, 0.0, 0.0, 0.0, 0.0, 0.0, 0.0, 0.0, 0.0, 0.0, 0.0, 0.0, 0.0, 0.0, 0.0, 0.0, 0.0, 0.0, 0.0, 0.0, 0.0, 0.0, 0.0, 0.0, 0.0, 0.0, 0.0, 0.0, 0.0, 0.0, 0.0, 0.0, 0.0, 0.0, 0.0, 0.0, 0.0, 0.0, 0.0, 0.0, 0.0, 0.0, 0.0, 0.0, 0.0, 0.0, 0.0, 0.0, 0.0, 0.0, 0.0, 0.0, 0.0, 0.0, 0.0, 0.0, 0.0, 0.0, 0.0, 0.0, 0.0, 0.0, 0.0, 0.0, 0.0, 0.0, 0.0, 0.0, 0.0, 0.0, 0.0, 0.0, 0.0, 0.0, 0.0, 0.0, 0.0, 0.0, 0.0, 0.0, 0.0, 0.0, 0.0, 0.0, 0.0, 0.0, 0.0, 0.0, 0.0, 0.0, 0.0, 0.0, 0.0, 0.0, 0.0, 0.0, 0.0, 0.0, 0.0, 0.0, 0.0, 0.0, 0.0, 0.0, 0.0, 0.0, 0.0, 0.0, 0.0, 0.0, 0.0, 0.0, 0.0, 0.0, 0.0, 0.0, 0.0, 0.0, 0.0, 0.0, 0.0, 0.0, 0.0, 0.0, 0.0, 0.0, 0.0, 0.0, 0.0, 0.0, 0.0, 0.0, 0.0, 0.0, 0.0, 0.0, 0.0, 0.0, 0.0, 0.0, 0.0, 0.0, 0.0, 0.0, 0.0, 0.0, 0.0, 0.0, 0.0, 0.0, 0.0, 0.0, 0.0, 0.0, 0.0, 0.0, 0.0, 0.0, 0.0, 0.0, 0.0, 0.0, 0.0, 0.0, 0.0, 0.0, 0.0, 0.0, 0.0, 0.0, 0.0, 0.0, 0.0, 0.0, 0.0, 0.0, 0.0, 0.0, 0.0, 0.0, 0.0, 0.0, 0.0, 0.0, 0.0, 0.0, 0.0, 0.0, 0.0, 0.0, 0.0, 0.0, 0.0, 0.0, 0.0, 0.0, 0.0, 0.0, 0.0, 0.0, 0.0, 0.0, 0.0, 0.0, 0.0, 0.0, 0.0, 0.0, 0.0, 0.0, 0.0, 0.0, 0.0, 0.0, 0.0, 0.0, 0.0, 0.0, 0.0, 0.0, 0.0, 0.0, 0.0, 0.0, 0.0, 0.0]
---
header: 
  seq: 374
  stamp: 
    secs: 37
    nsecs: 500000000
  frame_id: "base_laser_link"
angle_min: -3.14159274101
angle_max: 3.14159274101
angle_increment: 0.0175019092858
time_increment: 0.0
scan_time: 0.0
range_min: 0.15000000596
range_max: 16.0
ranges: [1.9500000476837158, 1.9502986669540405, 1.951195240020752, 1.9526910781860352, 1.954788327217102, 1.95749032497406, 1.960801362991333, 1.9647263288497925, 1.9692715406417847, 1.974444031715393, 1.9802519083023071, 1.9867043495178223, 1.9938117265701294, 2.0015854835510254, 2.010038137435913, 2.01918363571167, 2.0290369987487793, 2.0396149158477783, 2.0509352684020996, 2.0630173683166504, 2.0758821964263916, 2.089552640914917, 2.104053258895874, 2.1194100379943848, 2.1356515884399414, 2.152808666229248, 2.1709139347076416, 2.190002679824829, 2.210113286972046, 2.2312865257263184, 2.253566026687622, 2.2769997119903564, 2.301638126373291, 2.3275363445281982, 2.3547534942626953, 2.3833534717559814, 2.413405179977417, 2.4449827671051025, 2.4781665802001953, 2.5130441188812256, 2.5497095584869385, 2.5882651805877686, 2.6288225650787354, 2.6715023517608643, 2.7164366245269775, 2.759685516357422, 2.804619550704956, 2.851248025894165, 2.8191473484039307, 2.7650625705718994, 2.742262601852417, 2.6982247829437256, 2.6593852043151855, 2.6257686614990234, 2.578472852706909, 2.5466599464416504, 2.5163838863372803, 2.487572193145752, 2.460157871246338, 2.4340786933898926, 2.4092769622802734, 2.3856987953186035, 2.3632946014404297, 2.342017889022827, 2.3884811401367188, 2.4569246768951416, 2.546877145767212, 2.679619312286377, 2.78969407081604, 2.920947551727295, 3.0663180351257324, 3.2210023403167725, 3.4076991081237793, 3.582857847213745, 3.8222920894622803, 3.9319958686828613, 3.9216713905334473, 3.8863611221313477, 3.8715779781341553, 3.8580844402313232, 3.845858573913574, 3.834880828857422, 4.4306960105896, 5.025025367736816, 5.779240131378174, 5.769927501678467, 5.762406349182129, 5.756666660308838, 5.752697944641113, 5.750495433807373, 5.750054836273193, 5.751376152038574, 5.754461288452148, 5.75931453704834, 5.76594352722168, 5.774358749389648, 5.784573078155518, 5.796602249145508, 5.810465335845947, 5.826183319091797, 5.843781471252441, 5.863287925720215, 5.8847336769104, 5.908153057098389, 5.933584213256836, 5.961069107055664, 5.9906535148620605, 6.0223870277404785, 6.056323528289795, 6.0925211906433105, 6.131043434143066, 6.1719584465026855, 6.2153401374816895, 6.261267185211182, 6.309825420379639, 6.3611063957214355, 6.415208339691162, 6.472238540649414, 6.532310485839844, 6.595547199249268, 6.662080764770508, 6.732053756713867, 6.805618762969971, 6.882940769195557, 6.964197635650635, 7.049581050872803, 7.139298439025879, 7.233572959899902, 7.33264684677124, 7.436781883239746, 7.546261787414551, 7.66139554977417, 7.782517433166504, 7.662374973297119, 7.511029243469238, 7.404468059539795, 7.279839992523193, 7.161495208740234, 7.049060821533203, 6.942196369171143, 6.840587615966797, 6.743946075439453, 6.652006149291992, 6.564523696899414, 6.481271266937256, 6.402040958404541, 6.326638221740723, 6.254885196685791, 6.186614990234375, 6.121674060821533, 6.0599188804626465, 6.001217365264893, 5.945446014404297, 5.892489910125732, 5.84224271774292, 5.794604778289795, 5.749484539031982, 5.706796169281006, 5.666459560394287, 5.628401279449463, 5.592552661895752, 5.558849334716797, 5.527233123779297, 5.4976487159729, 5.470046043395996, 5.44437837600708, 5.420603275299072, 5.398681163787842, 5.378576755523682, 5.360257148742676, 5.343693256378174, 5.328858852386475, 5.315730094909668, 5.304286956787109, 5.294510841369629, 5.286386966705322, 5.279902935028076, 5.275048732757568, 5.271816730499268, 5.270201683044434, 5.270201683044434, 5.271816730499268, 5.275048732757568, 5.279902935028076, 5.286386966705322, 5.294510841369629, 5.304286956787109, 5.315730094909668, 5.328858852386475, 5.343693256378174, 5.360257148742676, 5.378576755523682, 5.398681163787842, 5.420603275299072, 5.44437837600708, 5.470046043395996, 5.4976487159729, 5.527233123779297, 5.558849334716797, 5.592552661895752, 5.628401279449463, 5.675528526306152, 5.712823390960693, 5.760913372039795, 5.648026466369629, 5.467411994934082, 5.276096343994141, 5.088038444519043, 4.929546356201172, 4.791165828704834, 4.643913269042969, 4.505866050720215, 4.389581203460693, 4.266277313232422, 4.149999618530273, 4.049924850463867, 3.969792366027832, 3.8705661296844482, 3.7750742435455322, 3.6923935413360596, 3.632634162902832, 3.5510056018829346, 3.4755454063415527, 3.4279122352600098, 3.3564512729644775, 3.3156166076660156, 3.2602925300598145, 3.2077505588531494, 3.157827377319336, 3.110372304916382, 3.0652475357055664, 3.0223257541656494, 2.981490135192871, 2.9426326751708984, 2.905653476715088, 2.8704605102539062, 2.8369686603546143, 2.805098533630371, 2.7747769355773926, 2.7459359169006348, 2.718512535095215, 2.6924479007720947, 2.6676878929138184, 2.644181728363037, 2.6218819618225098, 2.600745439529419, 2.580731153488159, 2.5618011951446533, 2.5439202785491943, 2.5270562171936035, 2.5111782550811768, 2.496258497238159, 2.4822707176208496, 2.469191074371338, 2.4569971561431885, 2.4456686973571777, 2.4351863861083984, 2.4255335330963135, 2.416694402694702, 2.40865421295166, 2.4014008045196533, 2.3949222564697266, 2.3892083168029785, 2.3842501640319824, 2.380040168762207, 2.3765716552734375, 2.3738391399383545, 2.3718388080596924, 2.3705673217773438, 2.370022773742676, 2.370204210281372, 2.371112108230591, 2.3727476596832275, 2.3751137256622314, 2.3682727813720703, 2.363248109817505, 2.3866353034973145, 2.210301637649536, 1.9326180219650269, 1.9381502866744995, 1.9443117380142212, 1.951111912727356, 1.958561897277832, 1.966673731803894, 1.9754606485366821, 1.984937071800232, 1.9951190948486328, 2.006023645401001, 2.017669439315796, 2.030076742172241, 2.043267250061035, 2.057264804840088, 2.072094440460205, 2.0877833366394043, 2.1043615341186523, 2.1218600273132324, 2.140312910079956, 2.159757137298584, 2.180231809616089, 2.201779365539551, 2.224445104598999, 2.2482783794403076, 2.273331642150879, 2.299661874771118, 2.3273303508758545, 2.356403350830078, 2.3869524002075195, 2.4190545082092285, 2.452793598175049, 2.48826003074646, 2.5255520343780518, 2.5647764205932617, 2.6060492992401123, 2.6494972705841064, 2.6952579021453857, 2.7114152908325195, 2.6707139015197754, 2.6288225650787354, 2.5882651805877686, 2.5497095584869385, 2.5130441188812256, 2.4781665802001953, 2.4449827671051025, 2.413405179977417, 2.3833534717559814, 2.3547534942626953, 2.3275363445281982, 2.301638126373291, 2.2769997119903564, 2.253566026687622, 2.2312865257263184, 2.210113286972046, 2.190002679824829, 2.1709139347076416, 2.152808666229248, 2.1356515884399414, 2.1194100379943848, 2.104053258895874, 2.089552640914917, 2.0758821964263916, 2.0630173683166504, 2.0509352684020996, 2.0396149158477783, 2.0290369987487793, 2.01918363571167, 2.010038137435913, 2.0015854835510254, 1.9938117265701294, 1.9867043495178223, 1.9802519083023071, 1.974444031715393, 1.9692715406417847, 1.9647263288497925, 1.960801362991333, 1.95749032497406, 1.954788327217102, 1.9526910781860352, 1.951195240020752, 1.9502986669540405, 1.9500000476837158]
intensities: [0.0, 0.0, 0.0, 0.0, 0.0, 0.0, 0.0, 0.0, 0.0, 0.0, 0.0, 0.0, 0.0, 0.0, 0.0, 0.0, 0.0, 0.0, 0.0, 0.0, 0.0, 0.0, 0.0, 0.0, 0.0, 0.0, 0.0, 0.0, 0.0, 0.0, 0.0, 0.0, 0.0, 0.0, 0.0, 0.0, 0.0, 0.0, 0.0, 0.0, 0.0, 0.0, 0.0, 0.0, 0.0, 0.0, 0.0, 0.0, 0.0, 0.0, 0.0, 0.0, 0.0, 0.0, 0.0, 0.0, 0.0, 0.0, 0.0, 0.0, 0.0, 0.0, 0.0, 0.0, 0.0, 0.0, 0.0, 0.0, 0.0, 0.0, 0.0, 0.0, 0.0, 0.0, 0.0, 0.0, 0.0, 0.0, 0.0, 0.0, 0.0, 0.0, 0.0, 0.0, 0.0, 0.0, 0.0, 0.0, 0.0, 0.0, 0.0, 0.0, 0.0, 0.0, 0.0, 0.0, 0.0, 0.0, 0.0, 0.0, 0.0, 0.0, 0.0, 0.0, 0.0, 0.0, 0.0, 0.0, 0.0, 0.0, 0.0, 0.0, 0.0, 0.0, 0.0, 0.0, 0.0, 0.0, 0.0, 0.0, 0.0, 0.0, 0.0, 0.0, 0.0, 0.0, 0.0, 0.0, 0.0, 0.0, 0.0, 0.0, 0.0, 0.0, 0.0, 0.0, 0.0, 0.0, 0.0, 0.0, 0.0, 0.0, 0.0, 0.0, 0.0, 0.0, 0.0, 0.0, 0.0, 0.0, 0.0, 0.0, 0.0, 0.0, 0.0, 0.0, 0.0, 0.0, 0.0, 0.0, 0.0, 0.0, 0.0, 0.0, 0.0, 0.0, 0.0, 0.0, 0.0, 0.0, 0.0, 0.0, 0.0, 0.0, 0.0, 0.0, 0.0, 0.0, 0.0, 0.0, 0.0, 0.0, 0.0, 0.0, 0.0, 0.0, 0.0, 0.0, 0.0, 0.0, 0.0, 0.0, 0.0, 0.0, 0.0, 0.0, 0.0, 0.0, 0.0, 0.0, 0.0, 0.0, 0.0, 0.0, 0.0, 0.0, 0.0, 0.0, 0.0, 0.0, 0.0, 0.0, 0.0, 0.0, 0.0, 0.0, 0.0, 0.0, 0.0, 0.0, 0.0, 0.0, 0.0, 0.0, 0.0, 0.0, 0.0, 0.0, 0.0, 0.0, 0.0, 0.0, 0.0, 0.0, 0.0, 0.0, 0.0, 0.0, 0.0, 0.0, 0.0, 0.0, 0.0, 0.0, 0.0, 0.0, 0.0, 0.0, 0.0, 0.0, 0.0, 0.0, 0.0, 0.0, 0.0, 0.0, 0.0, 0.0, 0.0, 0.0, 0.0, 0.0, 0.0, 0.0, 0.0, 0.0, 0.0, 0.0, 0.0, 0.0, 0.0, 0.0, 0.0, 0.0, 0.0, 0.0, 0.0, 0.0, 0.0, 0.0, 0.0, 0.0, 0.0, 0.0, 0.0, 0.0, 0.0, 0.0, 0.0, 0.0, 0.0, 0.0, 0.0, 0.0, 0.0, 0.0, 0.0, 0.0, 0.0, 0.0, 0.0, 0.0, 0.0, 0.0, 0.0, 0.0, 0.0, 0.0, 0.0, 0.0, 0.0, 0.0, 0.0, 0.0, 0.0, 0.0, 0.0, 0.0, 0.0, 0.0, 0.0, 0.0, 0.0, 0.0, 0.0, 0.0, 0.0, 0.0, 0.0, 0.0, 0.0, 0.0, 0.0, 0.0, 0.0, 0.0, 0.0, 0.0, 0.0, 0.0, 0.0, 0.0, 0.0, 0.0, 0.0, 0.0, 0.0, 0.0, 0.0, 0.0, 0.0, 0.0, 0.0, 0.0, 0.0, 0.0, 0.0, 0.0, 0.0, 0.0]
---
header: 
  seq: 375
  stamp: 
    secs: 37
    nsecs: 600000000
  frame_id: "base_laser_link"
angle_min: -3.14159274101
angle_max: 3.14159274101
angle_increment: 0.0175019092858
time_increment: 0.0
scan_time: 0.0
range_min: 0.15000000596
range_max: 16.0
ranges: [1.9500000476837158, 1.9502986669540405, 1.951195240020752, 1.9526910781860352, 1.954788327217102, 1.95749032497406, 1.960801362991333, 1.9647263288497925, 1.9692715406417847, 1.974444031715393, 1.9802519083023071, 1.9867043495178223, 1.9938117265701294, 2.0015854835510254, 2.010038137435913, 2.01918363571167, 2.0290369987487793, 2.0396149158477783, 2.0509352684020996, 2.0630173683166504, 2.0758821964263916, 2.089552640914917, 2.104053258895874, 2.1194100379943848, 2.1356515884399414, 2.152808666229248, 2.1709139347076416, 2.190002679824829, 2.210113286972046, 2.2312865257263184, 2.253566026687622, 2.2769997119903564, 2.301638126373291, 2.3275363445281982, 2.3547534942626953, 2.3833534717559814, 2.413405179977417, 2.4449827671051025, 2.4781665802001953, 2.5130441188812256, 2.5497095584869385, 2.5882651805877686, 2.6288225650787354, 2.6715023517608643, 2.7164366245269775, 2.759685516357422, 2.804619550704956, 2.851248025894165, 2.8191473484039307, 2.7650625705718994, 2.742262601852417, 2.6982247829437256, 2.6593852043151855, 2.6257686614990234, 2.578472852706909, 2.5466599464416504, 2.5163838863372803, 2.487572193145752, 2.460157871246338, 2.4340786933898926, 2.4092769622802734, 2.3856987953186035, 2.3632946014404297, 2.342017889022827, 2.3884811401367188, 2.4569246768951416, 2.546877145767212, 2.679619312286377, 2.78969407081604, 2.920947551727295, 3.0663180351257324, 3.2210023403167725, 3.4076991081237793, 3.582857847213745, 3.8222920894622803, 3.9319958686828613, 3.9216713905334473, 3.8863611221313477, 3.8715779781341553, 3.8580844402313232, 3.845858573913574, 3.834880828857422, 4.4306960105896, 5.025025367736816, 5.779240131378174, 5.769927501678467, 5.762406349182129, 5.756666660308838, 5.752697944641113, 5.750495433807373, 5.750054836273193, 5.751376152038574, 5.754461288452148, 5.75931453704834, 5.76594352722168, 5.774358749389648, 5.784573078155518, 5.796602249145508, 5.810465335845947, 5.826183319091797, 5.843781471252441, 5.863287925720215, 5.8847336769104, 5.908153057098389, 5.933584213256836, 5.961069107055664, 5.9906535148620605, 6.0223870277404785, 6.056323528289795, 6.0925211906433105, 6.131043434143066, 6.1719584465026855, 6.2153401374816895, 6.261267185211182, 6.309825420379639, 6.3611063957214355, 6.415208339691162, 6.472238540649414, 6.532310485839844, 6.595547199249268, 6.662080764770508, 6.732053756713867, 6.805618762969971, 6.882940769195557, 6.964197635650635, 7.049581050872803, 7.139298439025879, 7.233572959899902, 7.33264684677124, 7.436781883239746, 7.546261787414551, 7.66139554977417, 7.782517433166504, 7.662374973297119, 7.511029243469238, 7.404468059539795, 7.279839992523193, 7.161495208740234, 7.049060821533203, 6.942196369171143, 6.840587615966797, 6.743946075439453, 6.652006149291992, 6.564523696899414, 6.481271266937256, 6.402040958404541, 6.326638221740723, 6.254885196685791, 6.186614990234375, 6.121674060821533, 6.0599188804626465, 6.001217365264893, 5.945446014404297, 5.892489910125732, 5.84224271774292, 5.794604778289795, 5.749484539031982, 5.706796169281006, 5.666459560394287, 5.628401279449463, 5.592552661895752, 5.558849334716797, 5.527233123779297, 5.4976487159729, 5.470046043395996, 5.44437837600708, 5.420603275299072, 5.398681163787842, 5.378576755523682, 5.360257148742676, 5.343693256378174, 5.328858852386475, 5.315730094909668, 5.304286956787109, 5.294510841369629, 5.286386966705322, 5.279902935028076, 5.275048732757568, 5.271816730499268, 5.270201683044434, 5.270201683044434, 5.271816730499268, 5.275048732757568, 5.279902935028076, 5.286386966705322, 5.294510841369629, 5.304286956787109, 5.315730094909668, 5.328858852386475, 5.343693256378174, 5.360257148742676, 5.378576755523682, 5.398681163787842, 5.420603275299072, 5.44437837600708, 5.470046043395996, 5.4976487159729, 5.527233123779297, 5.558849334716797, 5.592552661895752, 5.628401279449463, 5.675528526306152, 5.712823390960693, 5.760913372039795, 5.648026466369629, 5.467411994934082, 5.276096343994141, 5.088038444519043, 4.929546356201172, 4.791165828704834, 4.643913269042969, 4.505866050720215, 4.389581203460693, 4.266277313232422, 4.149999618530273, 4.049924850463867, 3.969792366027832, 3.8705661296844482, 3.7750742435455322, 3.6923935413360596, 3.632634162902832, 3.5510056018829346, 3.4755454063415527, 3.4279122352600098, 3.3564512729644775, 3.3156166076660156, 3.2602925300598145, 3.2077505588531494, 3.157827377319336, 3.110372304916382, 3.0652475357055664, 3.0223257541656494, 2.981490135192871, 2.9426326751708984, 2.905653476715088, 2.8704605102539062, 2.8369686603546143, 2.805098533630371, 2.7747769355773926, 2.7459359169006348, 2.718512535095215, 2.6924479007720947, 2.6676878929138184, 2.644181728363037, 2.6218819618225098, 2.600745439529419, 2.580731153488159, 2.5618011951446533, 2.5439202785491943, 2.5270562171936035, 2.5111782550811768, 2.496258497238159, 2.4822707176208496, 2.469191074371338, 2.4569971561431885, 2.4456686973571777, 2.4351863861083984, 2.4255335330963135, 2.416694402694702, 2.40865421295166, 2.4014008045196533, 2.3949222564697266, 2.3892083168029785, 2.3842501640319824, 2.380040168762207, 2.3765716552734375, 2.3738391399383545, 2.3718388080596924, 2.3705673217773438, 2.370022773742676, 2.370204210281372, 2.371112108230591, 2.3727476596832275, 2.3751137256622314, 2.3682727813720703, 2.363248109817505, 2.3866353034973145, 2.210301637649536, 1.9326180219650269, 1.9381502866744995, 1.9443117380142212, 1.951111912727356, 1.958561897277832, 1.966673731803894, 1.9754606485366821, 1.984937071800232, 1.9951190948486328, 2.006023645401001, 2.017669439315796, 2.030076742172241, 2.043267250061035, 2.057264804840088, 2.072094440460205, 2.0877833366394043, 2.1043615341186523, 2.1218600273132324, 2.140312910079956, 2.159757137298584, 2.180231809616089, 2.201779365539551, 2.224445104598999, 2.2482783794403076, 2.273331642150879, 2.299661874771118, 2.3273303508758545, 2.356403350830078, 2.3869524002075195, 2.4190545082092285, 2.452793598175049, 2.48826003074646, 2.5255520343780518, 2.5647764205932617, 2.6060492992401123, 2.6494972705841064, 2.6952579021453857, 2.7114152908325195, 2.6707139015197754, 2.6288225650787354, 2.5882651805877686, 2.5497095584869385, 2.5130441188812256, 2.4781665802001953, 2.4449827671051025, 2.413405179977417, 2.3833534717559814, 2.3547534942626953, 2.3275363445281982, 2.301638126373291, 2.2769997119903564, 2.253566026687622, 2.2312865257263184, 2.210113286972046, 2.190002679824829, 2.1709139347076416, 2.152808666229248, 2.1356515884399414, 2.1194100379943848, 2.104053258895874, 2.089552640914917, 2.0758821964263916, 2.0630173683166504, 2.0509352684020996, 2.0396149158477783, 2.0290369987487793, 2.01918363571167, 2.010038137435913, 2.0015854835510254, 1.9938117265701294, 1.9867043495178223, 1.9802519083023071, 1.974444031715393, 1.9692715406417847, 1.9647263288497925, 1.960801362991333, 1.95749032497406, 1.954788327217102, 1.9526910781860352, 1.951195240020752, 1.9502986669540405, 1.9500000476837158]
intensities: [0.0, 0.0, 0.0, 0.0, 0.0, 0.0, 0.0, 0.0, 0.0, 0.0, 0.0, 0.0, 0.0, 0.0, 0.0, 0.0, 0.0, 0.0, 0.0, 0.0, 0.0, 0.0, 0.0, 0.0, 0.0, 0.0, 0.0, 0.0, 0.0, 0.0, 0.0, 0.0, 0.0, 0.0, 0.0, 0.0, 0.0, 0.0, 0.0, 0.0, 0.0, 0.0, 0.0, 0.0, 0.0, 0.0, 0.0, 0.0, 0.0, 0.0, 0.0, 0.0, 0.0, 0.0, 0.0, 0.0, 0.0, 0.0, 0.0, 0.0, 0.0, 0.0, 0.0, 0.0, 0.0, 0.0, 0.0, 0.0, 0.0, 0.0, 0.0, 0.0, 0.0, 0.0, 0.0, 0.0, 0.0, 0.0, 0.0, 0.0, 0.0, 0.0, 0.0, 0.0, 0.0, 0.0, 0.0, 0.0, 0.0, 0.0, 0.0, 0.0, 0.0, 0.0, 0.0, 0.0, 0.0, 0.0, 0.0, 0.0, 0.0, 0.0, 0.0, 0.0, 0.0, 0.0, 0.0, 0.0, 0.0, 0.0, 0.0, 0.0, 0.0, 0.0, 0.0, 0.0, 0.0, 0.0, 0.0, 0.0, 0.0, 0.0, 0.0, 0.0, 0.0, 0.0, 0.0, 0.0, 0.0, 0.0, 0.0, 0.0, 0.0, 0.0, 0.0, 0.0, 0.0, 0.0, 0.0, 0.0, 0.0, 0.0, 0.0, 0.0, 0.0, 0.0, 0.0, 0.0, 0.0, 0.0, 0.0, 0.0, 0.0, 0.0, 0.0, 0.0, 0.0, 0.0, 0.0, 0.0, 0.0, 0.0, 0.0, 0.0, 0.0, 0.0, 0.0, 0.0, 0.0, 0.0, 0.0, 0.0, 0.0, 0.0, 0.0, 0.0, 0.0, 0.0, 0.0, 0.0, 0.0, 0.0, 0.0, 0.0, 0.0, 0.0, 0.0, 0.0, 0.0, 0.0, 0.0, 0.0, 0.0, 0.0, 0.0, 0.0, 0.0, 0.0, 0.0, 0.0, 0.0, 0.0, 0.0, 0.0, 0.0, 0.0, 0.0, 0.0, 0.0, 0.0, 0.0, 0.0, 0.0, 0.0, 0.0, 0.0, 0.0, 0.0, 0.0, 0.0, 0.0, 0.0, 0.0, 0.0, 0.0, 0.0, 0.0, 0.0, 0.0, 0.0, 0.0, 0.0, 0.0, 0.0, 0.0, 0.0, 0.0, 0.0, 0.0, 0.0, 0.0, 0.0, 0.0, 0.0, 0.0, 0.0, 0.0, 0.0, 0.0, 0.0, 0.0, 0.0, 0.0, 0.0, 0.0, 0.0, 0.0, 0.0, 0.0, 0.0, 0.0, 0.0, 0.0, 0.0, 0.0, 0.0, 0.0, 0.0, 0.0, 0.0, 0.0, 0.0, 0.0, 0.0, 0.0, 0.0, 0.0, 0.0, 0.0, 0.0, 0.0, 0.0, 0.0, 0.0, 0.0, 0.0, 0.0, 0.0, 0.0, 0.0, 0.0, 0.0, 0.0, 0.0, 0.0, 0.0, 0.0, 0.0, 0.0, 0.0, 0.0, 0.0, 0.0, 0.0, 0.0, 0.0, 0.0, 0.0, 0.0, 0.0, 0.0, 0.0, 0.0, 0.0, 0.0, 0.0, 0.0, 0.0, 0.0, 0.0, 0.0, 0.0, 0.0, 0.0, 0.0, 0.0, 0.0, 0.0, 0.0, 0.0, 0.0, 0.0, 0.0, 0.0, 0.0, 0.0, 0.0, 0.0, 0.0, 0.0, 0.0, 0.0, 0.0, 0.0, 0.0, 0.0, 0.0, 0.0, 0.0, 0.0, 0.0, 0.0, 0.0, 0.0, 0.0, 0.0, 0.0, 0.0, 0.0, 0.0]
---
header: 
  seq: 376
  stamp: 
    secs: 37
    nsecs: 700000000
  frame_id: "base_laser_link"
angle_min: -3.14159274101
angle_max: 3.14159274101
angle_increment: 0.0175019092858
time_increment: 0.0
scan_time: 0.0
range_min: 0.15000000596
range_max: 16.0
ranges: [1.9500000476837158, 1.9502986669540405, 1.951195240020752, 1.9526910781860352, 1.954788327217102, 1.95749032497406, 1.960801362991333, 1.9647263288497925, 1.9692715406417847, 1.974444031715393, 1.9802519083023071, 1.9867043495178223, 1.9938117265701294, 2.0015854835510254, 2.010038137435913, 2.01918363571167, 2.0290369987487793, 2.0396149158477783, 2.0509352684020996, 2.0630173683166504, 2.0758821964263916, 2.089552640914917, 2.104053258895874, 2.1194100379943848, 2.1356515884399414, 2.152808666229248, 2.1709139347076416, 2.190002679824829, 2.210113286972046, 2.2312865257263184, 2.253566026687622, 2.2769997119903564, 2.301638126373291, 2.3275363445281982, 2.3547534942626953, 2.3833534717559814, 2.413405179977417, 2.4449827671051025, 2.4781665802001953, 2.5130441188812256, 2.5497095584869385, 2.5882651805877686, 2.6288225650787354, 2.6715023517608643, 2.7164366245269775, 2.759685516357422, 2.804619550704956, 2.851248025894165, 2.8191473484039307, 2.7650625705718994, 2.742262601852417, 2.6982247829437256, 2.6593852043151855, 2.6257686614990234, 2.578472852706909, 2.5466599464416504, 2.5163838863372803, 2.487572193145752, 2.460157871246338, 2.4340786933898926, 2.4092769622802734, 2.3856987953186035, 2.3632946014404297, 2.342017889022827, 2.3884811401367188, 2.4569246768951416, 2.546877145767212, 2.679619312286377, 2.78969407081604, 2.920947551727295, 3.0663180351257324, 3.2210023403167725, 3.4076991081237793, 3.582857847213745, 3.8222920894622803, 3.9319958686828613, 3.9216713905334473, 3.8863611221313477, 3.8715779781341553, 3.8580844402313232, 3.845858573913574, 3.834880828857422, 4.4306960105896, 5.025025367736816, 5.779240131378174, 5.769927501678467, 5.762406349182129, 5.756666660308838, 5.752697944641113, 5.750495433807373, 5.750054836273193, 5.751376152038574, 5.754461288452148, 5.75931453704834, 5.76594352722168, 5.774358749389648, 5.784573078155518, 5.796602249145508, 5.810465335845947, 5.826183319091797, 5.843781471252441, 5.863287925720215, 5.8847336769104, 5.908153057098389, 5.933584213256836, 5.961069107055664, 5.9906535148620605, 6.0223870277404785, 6.056323528289795, 6.0925211906433105, 6.131043434143066, 6.1719584465026855, 6.2153401374816895, 6.261267185211182, 6.309825420379639, 6.3611063957214355, 6.415208339691162, 6.472238540649414, 6.532310485839844, 6.595547199249268, 6.662080764770508, 6.732053756713867, 6.805618762969971, 6.882940769195557, 6.964197635650635, 7.049581050872803, 7.139298439025879, 7.233572959899902, 7.33264684677124, 7.436781883239746, 7.546261787414551, 7.66139554977417, 7.782517433166504, 7.662374973297119, 7.511029243469238, 7.404468059539795, 7.279839992523193, 7.161495208740234, 7.049060821533203, 6.942196369171143, 6.840587615966797, 6.743946075439453, 6.652006149291992, 6.564523696899414, 6.481271266937256, 6.402040958404541, 6.326638221740723, 6.254885196685791, 6.186614990234375, 6.121674060821533, 6.0599188804626465, 6.001217365264893, 5.945446014404297, 5.892489910125732, 5.84224271774292, 5.794604778289795, 5.749484539031982, 5.706796169281006, 5.666459560394287, 5.628401279449463, 5.592552661895752, 5.558849334716797, 5.527233123779297, 5.4976487159729, 5.470046043395996, 5.44437837600708, 5.420603275299072, 5.398681163787842, 5.378576755523682, 5.360257148742676, 5.343693256378174, 5.328858852386475, 5.315730094909668, 5.304286956787109, 5.294510841369629, 5.286386966705322, 5.279902935028076, 5.275048732757568, 5.271816730499268, 5.270201683044434, 5.270201683044434, 5.271816730499268, 5.275048732757568, 5.279902935028076, 5.286386966705322, 5.294510841369629, 5.304286956787109, 5.315730094909668, 5.328858852386475, 5.343693256378174, 5.360257148742676, 5.378576755523682, 5.398681163787842, 5.420603275299072, 5.44437837600708, 5.470046043395996, 5.4976487159729, 5.527233123779297, 5.558849334716797, 5.592552661895752, 5.628401279449463, 5.675528526306152, 5.712823390960693, 5.760913372039795, 5.648026466369629, 5.467411994934082, 5.276096343994141, 5.088038444519043, 4.929546356201172, 4.791165828704834, 4.643913269042969, 4.505866050720215, 4.389581203460693, 4.266277313232422, 4.149999618530273, 4.049924850463867, 3.969792366027832, 3.8705661296844482, 3.7750742435455322, 3.6923935413360596, 3.632634162902832, 3.5510056018829346, 3.4755454063415527, 3.4279122352600098, 3.3564512729644775, 3.3156166076660156, 3.2602925300598145, 3.2077505588531494, 3.157827377319336, 3.110372304916382, 3.0652475357055664, 3.0223257541656494, 2.981490135192871, 2.9426326751708984, 2.905653476715088, 2.8704605102539062, 2.8369686603546143, 2.805098533630371, 2.7747769355773926, 2.7459359169006348, 2.718512535095215, 2.6924479007720947, 2.6676878929138184, 2.644181728363037, 2.6218819618225098, 2.600745439529419, 2.580731153488159, 2.5618011951446533, 2.5439202785491943, 2.5270562171936035, 2.5111782550811768, 2.496258497238159, 2.4822707176208496, 2.469191074371338, 2.4569971561431885, 2.4456686973571777, 2.4351863861083984, 2.4255335330963135, 2.416694402694702, 2.40865421295166, 2.4014008045196533, 2.3949222564697266, 2.3892083168029785, 2.3842501640319824, 2.380040168762207, 2.3765716552734375, 2.3738391399383545, 2.3718388080596924, 2.3705673217773438, 2.370022773742676, 2.370204210281372, 2.371112108230591, 2.3727476596832275, 2.3751137256622314, 2.3682727813720703, 2.363248109817505, 2.3866353034973145, 2.210301637649536, 1.9326180219650269, 1.9381502866744995, 1.9443117380142212, 1.951111912727356, 1.958561897277832, 1.966673731803894, 1.9754606485366821, 1.984937071800232, 1.9951190948486328, 2.006023645401001, 2.017669439315796, 2.030076742172241, 2.043267250061035, 2.057264804840088, 2.072094440460205, 2.0877833366394043, 2.1043615341186523, 2.1218600273132324, 2.140312910079956, 2.159757137298584, 2.180231809616089, 2.201779365539551, 2.224445104598999, 2.2482783794403076, 2.273331642150879, 2.299661874771118, 2.3273303508758545, 2.356403350830078, 2.3869524002075195, 2.4190545082092285, 2.452793598175049, 2.48826003074646, 2.5255520343780518, 2.5647764205932617, 2.6060492992401123, 2.6494972705841064, 2.6952579021453857, 2.7114152908325195, 2.6707139015197754, 2.6288225650787354, 2.5882651805877686, 2.5497095584869385, 2.5130441188812256, 2.4781665802001953, 2.4449827671051025, 2.413405179977417, 2.3833534717559814, 2.3547534942626953, 2.3275363445281982, 2.301638126373291, 2.2769997119903564, 2.253566026687622, 2.2312865257263184, 2.210113286972046, 2.190002679824829, 2.1709139347076416, 2.152808666229248, 2.1356515884399414, 2.1194100379943848, 2.104053258895874, 2.089552640914917, 2.0758821964263916, 2.0630173683166504, 2.0509352684020996, 2.0396149158477783, 2.0290369987487793, 2.01918363571167, 2.010038137435913, 2.0015854835510254, 1.9938117265701294, 1.9867043495178223, 1.9802519083023071, 1.974444031715393, 1.9692715406417847, 1.9647263288497925, 1.960801362991333, 1.95749032497406, 1.954788327217102, 1.9526910781860352, 1.951195240020752, 1.9502986669540405, 1.9500000476837158]
intensities: [0.0, 0.0, 0.0, 0.0, 0.0, 0.0, 0.0, 0.0, 0.0, 0.0, 0.0, 0.0, 0.0, 0.0, 0.0, 0.0, 0.0, 0.0, 0.0, 0.0, 0.0, 0.0, 0.0, 0.0, 0.0, 0.0, 0.0, 0.0, 0.0, 0.0, 0.0, 0.0, 0.0, 0.0, 0.0, 0.0, 0.0, 0.0, 0.0, 0.0, 0.0, 0.0, 0.0, 0.0, 0.0, 0.0, 0.0, 0.0, 0.0, 0.0, 0.0, 0.0, 0.0, 0.0, 0.0, 0.0, 0.0, 0.0, 0.0, 0.0, 0.0, 0.0, 0.0, 0.0, 0.0, 0.0, 0.0, 0.0, 0.0, 0.0, 0.0, 0.0, 0.0, 0.0, 0.0, 0.0, 0.0, 0.0, 0.0, 0.0, 0.0, 0.0, 0.0, 0.0, 0.0, 0.0, 0.0, 0.0, 0.0, 0.0, 0.0, 0.0, 0.0, 0.0, 0.0, 0.0, 0.0, 0.0, 0.0, 0.0, 0.0, 0.0, 0.0, 0.0, 0.0, 0.0, 0.0, 0.0, 0.0, 0.0, 0.0, 0.0, 0.0, 0.0, 0.0, 0.0, 0.0, 0.0, 0.0, 0.0, 0.0, 0.0, 0.0, 0.0, 0.0, 0.0, 0.0, 0.0, 0.0, 0.0, 0.0, 0.0, 0.0, 0.0, 0.0, 0.0, 0.0, 0.0, 0.0, 0.0, 0.0, 0.0, 0.0, 0.0, 0.0, 0.0, 0.0, 0.0, 0.0, 0.0, 0.0, 0.0, 0.0, 0.0, 0.0, 0.0, 0.0, 0.0, 0.0, 0.0, 0.0, 0.0, 0.0, 0.0, 0.0, 0.0, 0.0, 0.0, 0.0, 0.0, 0.0, 0.0, 0.0, 0.0, 0.0, 0.0, 0.0, 0.0, 0.0, 0.0, 0.0, 0.0, 0.0, 0.0, 0.0, 0.0, 0.0, 0.0, 0.0, 0.0, 0.0, 0.0, 0.0, 0.0, 0.0, 0.0, 0.0, 0.0, 0.0, 0.0, 0.0, 0.0, 0.0, 0.0, 0.0, 0.0, 0.0, 0.0, 0.0, 0.0, 0.0, 0.0, 0.0, 0.0, 0.0, 0.0, 0.0, 0.0, 0.0, 0.0, 0.0, 0.0, 0.0, 0.0, 0.0, 0.0, 0.0, 0.0, 0.0, 0.0, 0.0, 0.0, 0.0, 0.0, 0.0, 0.0, 0.0, 0.0, 0.0, 0.0, 0.0, 0.0, 0.0, 0.0, 0.0, 0.0, 0.0, 0.0, 0.0, 0.0, 0.0, 0.0, 0.0, 0.0, 0.0, 0.0, 0.0, 0.0, 0.0, 0.0, 0.0, 0.0, 0.0, 0.0, 0.0, 0.0, 0.0, 0.0, 0.0, 0.0, 0.0, 0.0, 0.0, 0.0, 0.0, 0.0, 0.0, 0.0, 0.0, 0.0, 0.0, 0.0, 0.0, 0.0, 0.0, 0.0, 0.0, 0.0, 0.0, 0.0, 0.0, 0.0, 0.0, 0.0, 0.0, 0.0, 0.0, 0.0, 0.0, 0.0, 0.0, 0.0, 0.0, 0.0, 0.0, 0.0, 0.0, 0.0, 0.0, 0.0, 0.0, 0.0, 0.0, 0.0, 0.0, 0.0, 0.0, 0.0, 0.0, 0.0, 0.0, 0.0, 0.0, 0.0, 0.0, 0.0, 0.0, 0.0, 0.0, 0.0, 0.0, 0.0, 0.0, 0.0, 0.0, 0.0, 0.0, 0.0, 0.0, 0.0, 0.0, 0.0, 0.0, 0.0, 0.0, 0.0, 0.0, 0.0, 0.0, 0.0, 0.0, 0.0, 0.0, 0.0, 0.0, 0.0, 0.0, 0.0, 0.0, 0.0]
---
header: 
  seq: 377
  stamp: 
    secs: 37
    nsecs: 800000000
  frame_id: "base_laser_link"
angle_min: -3.14159274101
angle_max: 3.14159274101
angle_increment: 0.0175019092858
time_increment: 0.0
scan_time: 0.0
range_min: 0.15000000596
range_max: 16.0
ranges: [1.9500000476837158, 1.9502986669540405, 1.951195240020752, 1.9526910781860352, 1.954788327217102, 1.95749032497406, 1.960801362991333, 1.9647263288497925, 1.9692715406417847, 1.974444031715393, 1.9802519083023071, 1.9867043495178223, 1.9938117265701294, 2.0015854835510254, 2.010038137435913, 2.01918363571167, 2.0290369987487793, 2.0396149158477783, 2.0509352684020996, 2.0630173683166504, 2.0758821964263916, 2.089552640914917, 2.104053258895874, 2.1194100379943848, 2.1356515884399414, 2.152808666229248, 2.1709139347076416, 2.190002679824829, 2.210113286972046, 2.2312865257263184, 2.253566026687622, 2.2769997119903564, 2.301638126373291, 2.3275363445281982, 2.3547534942626953, 2.3833534717559814, 2.413405179977417, 2.4449827671051025, 2.4781665802001953, 2.5130441188812256, 2.5497095584869385, 2.5882651805877686, 2.6288225650787354, 2.6715023517608643, 2.7164366245269775, 2.759685516357422, 2.804619550704956, 2.851248025894165, 2.8191473484039307, 2.7650625705718994, 2.742262601852417, 2.6982247829437256, 2.6593852043151855, 2.6257686614990234, 2.578472852706909, 2.5466599464416504, 2.5163838863372803, 2.487572193145752, 2.460157871246338, 2.4340786933898926, 2.4092769622802734, 2.3856987953186035, 2.3632946014404297, 2.342017889022827, 2.3884811401367188, 2.4569246768951416, 2.546877145767212, 2.679619312286377, 2.78969407081604, 2.920947551727295, 3.0663180351257324, 3.2210023403167725, 3.4076991081237793, 3.582857847213745, 3.8222920894622803, 3.9319958686828613, 3.9216713905334473, 3.8863611221313477, 3.8715779781341553, 3.8580844402313232, 3.845858573913574, 3.834880828857422, 4.4306960105896, 5.025025367736816, 5.779240131378174, 5.769927501678467, 5.762406349182129, 5.756666660308838, 5.752697944641113, 5.750495433807373, 5.750054836273193, 5.751376152038574, 5.754461288452148, 5.75931453704834, 5.76594352722168, 5.774358749389648, 5.784573078155518, 5.796602249145508, 5.810465335845947, 5.826183319091797, 5.843781471252441, 5.863287925720215, 5.8847336769104, 5.908153057098389, 5.933584213256836, 5.961069107055664, 5.9906535148620605, 6.0223870277404785, 6.056323528289795, 6.0925211906433105, 6.131043434143066, 6.1719584465026855, 6.2153401374816895, 6.261267185211182, 6.309825420379639, 6.3611063957214355, 6.415208339691162, 6.472238540649414, 6.532310485839844, 6.595547199249268, 6.662080764770508, 6.732053756713867, 6.805618762969971, 6.882940769195557, 6.964197635650635, 7.049581050872803, 7.139298439025879, 7.233572959899902, 7.33264684677124, 7.436781883239746, 7.546261787414551, 7.66139554977417, 7.782517433166504, 7.662374973297119, 7.511029243469238, 7.404468059539795, 7.279839992523193, 7.161495208740234, 7.049060821533203, 6.942196369171143, 6.840587615966797, 6.743946075439453, 6.652006149291992, 6.564523696899414, 6.481271266937256, 6.402040958404541, 6.326638221740723, 6.254885196685791, 6.186614990234375, 6.121674060821533, 6.0599188804626465, 6.001217365264893, 5.945446014404297, 5.892489910125732, 5.84224271774292, 5.794604778289795, 5.749484539031982, 5.706796169281006, 5.666459560394287, 5.628401279449463, 5.592552661895752, 5.558849334716797, 5.527233123779297, 5.4976487159729, 5.470046043395996, 5.44437837600708, 5.420603275299072, 5.398681163787842, 5.378576755523682, 5.360257148742676, 5.343693256378174, 5.328858852386475, 5.315730094909668, 5.304286956787109, 5.294510841369629, 5.286386966705322, 5.279902935028076, 5.275048732757568, 5.271816730499268, 5.270201683044434, 5.270201683044434, 5.271816730499268, 5.275048732757568, 5.279902935028076, 5.286386966705322, 5.294510841369629, 5.304286956787109, 5.315730094909668, 5.328858852386475, 5.343693256378174, 5.360257148742676, 5.378576755523682, 5.398681163787842, 5.420603275299072, 5.44437837600708, 5.470046043395996, 5.4976487159729, 5.527233123779297, 5.558849334716797, 5.592552661895752, 5.628401279449463, 5.675528526306152, 5.712823390960693, 5.760913372039795, 5.648026466369629, 5.467411994934082, 5.276096343994141, 5.088038444519043, 4.929546356201172, 4.791165828704834, 4.643913269042969, 4.505866050720215, 4.389581203460693, 4.266277313232422, 4.149999618530273, 4.049924850463867, 3.969792366027832, 3.8705661296844482, 3.7750742435455322, 3.6923935413360596, 3.632634162902832, 3.5510056018829346, 3.4755454063415527, 3.4279122352600098, 3.3564512729644775, 3.3156166076660156, 3.2602925300598145, 3.2077505588531494, 3.157827377319336, 3.110372304916382, 3.0652475357055664, 3.0223257541656494, 2.981490135192871, 2.9426326751708984, 2.905653476715088, 2.8704605102539062, 2.8369686603546143, 2.805098533630371, 2.7747769355773926, 2.7459359169006348, 2.718512535095215, 2.6924479007720947, 2.6676878929138184, 2.644181728363037, 2.6218819618225098, 2.600745439529419, 2.580731153488159, 2.5618011951446533, 2.5439202785491943, 2.5270562171936035, 2.5111782550811768, 2.496258497238159, 2.4822707176208496, 2.469191074371338, 2.4569971561431885, 2.4456686973571777, 2.4351863861083984, 2.4255335330963135, 2.416694402694702, 2.40865421295166, 2.4014008045196533, 2.3949222564697266, 2.3892083168029785, 2.3842501640319824, 2.380040168762207, 2.3765716552734375, 2.3738391399383545, 2.3718388080596924, 2.3705673217773438, 2.370022773742676, 2.370204210281372, 2.371112108230591, 2.3727476596832275, 2.3751137256622314, 2.3682727813720703, 2.363248109817505, 2.3866353034973145, 2.210301637649536, 1.9326180219650269, 1.9381502866744995, 1.9443117380142212, 1.951111912727356, 1.958561897277832, 1.966673731803894, 1.9754606485366821, 1.984937071800232, 1.9951190948486328, 2.006023645401001, 2.017669439315796, 2.030076742172241, 2.043267250061035, 2.057264804840088, 2.072094440460205, 2.0877833366394043, 2.1043615341186523, 2.1218600273132324, 2.140312910079956, 2.159757137298584, 2.180231809616089, 2.201779365539551, 2.224445104598999, 2.2482783794403076, 2.273331642150879, 2.299661874771118, 2.3273303508758545, 2.356403350830078, 2.3869524002075195, 2.4190545082092285, 2.452793598175049, 2.48826003074646, 2.5255520343780518, 2.5647764205932617, 2.6060492992401123, 2.6494972705841064, 2.6952579021453857, 2.7114152908325195, 2.6707139015197754, 2.6288225650787354, 2.5882651805877686, 2.5497095584869385, 2.5130441188812256, 2.4781665802001953, 2.4449827671051025, 2.413405179977417, 2.3833534717559814, 2.3547534942626953, 2.3275363445281982, 2.301638126373291, 2.2769997119903564, 2.253566026687622, 2.2312865257263184, 2.210113286972046, 2.190002679824829, 2.1709139347076416, 2.152808666229248, 2.1356515884399414, 2.1194100379943848, 2.104053258895874, 2.089552640914917, 2.0758821964263916, 2.0630173683166504, 2.0509352684020996, 2.0396149158477783, 2.0290369987487793, 2.01918363571167, 2.010038137435913, 2.0015854835510254, 1.9938117265701294, 1.9867043495178223, 1.9802519083023071, 1.974444031715393, 1.9692715406417847, 1.9647263288497925, 1.960801362991333, 1.95749032497406, 1.954788327217102, 1.9526910781860352, 1.951195240020752, 1.9502986669540405, 1.9500000476837158]
intensities: [0.0, 0.0, 0.0, 0.0, 0.0, 0.0, 0.0, 0.0, 0.0, 0.0, 0.0, 0.0, 0.0, 0.0, 0.0, 0.0, 0.0, 0.0, 0.0, 0.0, 0.0, 0.0, 0.0, 0.0, 0.0, 0.0, 0.0, 0.0, 0.0, 0.0, 0.0, 0.0, 0.0, 0.0, 0.0, 0.0, 0.0, 0.0, 0.0, 0.0, 0.0, 0.0, 0.0, 0.0, 0.0, 0.0, 0.0, 0.0, 0.0, 0.0, 0.0, 0.0, 0.0, 0.0, 0.0, 0.0, 0.0, 0.0, 0.0, 0.0, 0.0, 0.0, 0.0, 0.0, 0.0, 0.0, 0.0, 0.0, 0.0, 0.0, 0.0, 0.0, 0.0, 0.0, 0.0, 0.0, 0.0, 0.0, 0.0, 0.0, 0.0, 0.0, 0.0, 0.0, 0.0, 0.0, 0.0, 0.0, 0.0, 0.0, 0.0, 0.0, 0.0, 0.0, 0.0, 0.0, 0.0, 0.0, 0.0, 0.0, 0.0, 0.0, 0.0, 0.0, 0.0, 0.0, 0.0, 0.0, 0.0, 0.0, 0.0, 0.0, 0.0, 0.0, 0.0, 0.0, 0.0, 0.0, 0.0, 0.0, 0.0, 0.0, 0.0, 0.0, 0.0, 0.0, 0.0, 0.0, 0.0, 0.0, 0.0, 0.0, 0.0, 0.0, 0.0, 0.0, 0.0, 0.0, 0.0, 0.0, 0.0, 0.0, 0.0, 0.0, 0.0, 0.0, 0.0, 0.0, 0.0, 0.0, 0.0, 0.0, 0.0, 0.0, 0.0, 0.0, 0.0, 0.0, 0.0, 0.0, 0.0, 0.0, 0.0, 0.0, 0.0, 0.0, 0.0, 0.0, 0.0, 0.0, 0.0, 0.0, 0.0, 0.0, 0.0, 0.0, 0.0, 0.0, 0.0, 0.0, 0.0, 0.0, 0.0, 0.0, 0.0, 0.0, 0.0, 0.0, 0.0, 0.0, 0.0, 0.0, 0.0, 0.0, 0.0, 0.0, 0.0, 0.0, 0.0, 0.0, 0.0, 0.0, 0.0, 0.0, 0.0, 0.0, 0.0, 0.0, 0.0, 0.0, 0.0, 0.0, 0.0, 0.0, 0.0, 0.0, 0.0, 0.0, 0.0, 0.0, 0.0, 0.0, 0.0, 0.0, 0.0, 0.0, 0.0, 0.0, 0.0, 0.0, 0.0, 0.0, 0.0, 0.0, 0.0, 0.0, 0.0, 0.0, 0.0, 0.0, 0.0, 0.0, 0.0, 0.0, 0.0, 0.0, 0.0, 0.0, 0.0, 0.0, 0.0, 0.0, 0.0, 0.0, 0.0, 0.0, 0.0, 0.0, 0.0, 0.0, 0.0, 0.0, 0.0, 0.0, 0.0, 0.0, 0.0, 0.0, 0.0, 0.0, 0.0, 0.0, 0.0, 0.0, 0.0, 0.0, 0.0, 0.0, 0.0, 0.0, 0.0, 0.0, 0.0, 0.0, 0.0, 0.0, 0.0, 0.0, 0.0, 0.0, 0.0, 0.0, 0.0, 0.0, 0.0, 0.0, 0.0, 0.0, 0.0, 0.0, 0.0, 0.0, 0.0, 0.0, 0.0, 0.0, 0.0, 0.0, 0.0, 0.0, 0.0, 0.0, 0.0, 0.0, 0.0, 0.0, 0.0, 0.0, 0.0, 0.0, 0.0, 0.0, 0.0, 0.0, 0.0, 0.0, 0.0, 0.0, 0.0, 0.0, 0.0, 0.0, 0.0, 0.0, 0.0, 0.0, 0.0, 0.0, 0.0, 0.0, 0.0, 0.0, 0.0, 0.0, 0.0, 0.0, 0.0, 0.0, 0.0, 0.0, 0.0, 0.0, 0.0, 0.0, 0.0, 0.0, 0.0, 0.0, 0.0, 0.0]
---
header: 
  seq: 378
  stamp: 
    secs: 37
    nsecs: 900000000
  frame_id: "base_laser_link"
angle_min: -3.14159274101
angle_max: 3.14159274101
angle_increment: 0.0175019092858
time_increment: 0.0
scan_time: 0.0
range_min: 0.15000000596
range_max: 16.0
ranges: [1.9500000476837158, 1.9502986669540405, 1.951195240020752, 1.9526910781860352, 1.954788327217102, 1.95749032497406, 1.960801362991333, 1.9647263288497925, 1.9692715406417847, 1.974444031715393, 1.9802519083023071, 1.9867043495178223, 1.9938117265701294, 2.0015854835510254, 2.010038137435913, 2.01918363571167, 2.0290369987487793, 2.0396149158477783, 2.0509352684020996, 2.0630173683166504, 2.0758821964263916, 2.089552640914917, 2.104053258895874, 2.1194100379943848, 2.1356515884399414, 2.152808666229248, 2.1709139347076416, 2.190002679824829, 2.210113286972046, 2.2312865257263184, 2.253566026687622, 2.2769997119903564, 2.301638126373291, 2.3275363445281982, 2.3547534942626953, 2.3833534717559814, 2.413405179977417, 2.4449827671051025, 2.4781665802001953, 2.5130441188812256, 2.5497095584869385, 2.5882651805877686, 2.6288225650787354, 2.6715023517608643, 2.7164366245269775, 2.759685516357422, 2.804619550704956, 2.851248025894165, 2.8191473484039307, 2.7650625705718994, 2.742262601852417, 2.6982247829437256, 2.6593852043151855, 2.6257686614990234, 2.578472852706909, 2.5466599464416504, 2.5163838863372803, 2.487572193145752, 2.460157871246338, 2.4340786933898926, 2.4092769622802734, 2.3856987953186035, 2.3632946014404297, 2.342017889022827, 2.3884811401367188, 2.4569246768951416, 2.546877145767212, 2.679619312286377, 2.78969407081604, 2.920947551727295, 3.0663180351257324, 3.2210023403167725, 3.4076991081237793, 3.582857847213745, 3.8222920894622803, 3.9319958686828613, 3.9216713905334473, 3.8863611221313477, 3.8715779781341553, 3.8580844402313232, 3.845858573913574, 3.834880828857422, 4.4306960105896, 5.025025367736816, 5.779240131378174, 5.769927501678467, 5.762406349182129, 5.756666660308838, 5.752697944641113, 5.750495433807373, 5.750054836273193, 5.751376152038574, 5.754461288452148, 5.75931453704834, 5.76594352722168, 5.774358749389648, 5.784573078155518, 5.796602249145508, 5.810465335845947, 5.826183319091797, 5.843781471252441, 5.863287925720215, 5.8847336769104, 5.908153057098389, 5.933584213256836, 5.961069107055664, 5.9906535148620605, 6.0223870277404785, 6.056323528289795, 6.0925211906433105, 6.131043434143066, 6.1719584465026855, 6.2153401374816895, 6.261267185211182, 6.309825420379639, 6.3611063957214355, 6.415208339691162, 6.472238540649414, 6.532310485839844, 6.595547199249268, 6.662080764770508, 6.732053756713867, 6.805618762969971, 6.882940769195557, 6.964197635650635, 7.049581050872803, 7.139298439025879, 7.233572959899902, 7.33264684677124, 7.436781883239746, 7.546261787414551, 7.66139554977417, 7.782517433166504, 7.662374973297119, 7.511029243469238, 7.404468059539795, 7.279839992523193, 7.161495208740234, 7.049060821533203, 6.942196369171143, 6.840587615966797, 6.743946075439453, 6.652006149291992, 6.564523696899414, 6.481271266937256, 6.402040958404541, 6.326638221740723, 6.254885196685791, 6.186614990234375, 6.121674060821533, 6.0599188804626465, 6.001217365264893, 5.945446014404297, 5.892489910125732, 5.84224271774292, 5.794604778289795, 5.749484539031982, 5.706796169281006, 5.666459560394287, 5.628401279449463, 5.592552661895752, 5.558849334716797, 5.527233123779297, 5.4976487159729, 5.470046043395996, 5.44437837600708, 5.420603275299072, 5.398681163787842, 5.378576755523682, 5.360257148742676, 5.343693256378174, 5.328858852386475, 5.315730094909668, 5.304286956787109, 5.294510841369629, 5.286386966705322, 5.279902935028076, 5.275048732757568, 5.271816730499268, 5.270201683044434, 5.270201683044434, 5.271816730499268, 5.275048732757568, 5.279902935028076, 5.286386966705322, 5.294510841369629, 5.304286956787109, 5.315730094909668, 5.328858852386475, 5.343693256378174, 5.360257148742676, 5.378576755523682, 5.398681163787842, 5.420603275299072, 5.44437837600708, 5.470046043395996, 5.4976487159729, 5.527233123779297, 5.558849334716797, 5.592552661895752, 5.628401279449463, 5.675528526306152, 5.712823390960693, 5.760913372039795, 5.648026466369629, 5.467411994934082, 5.276096343994141, 5.088038444519043, 4.929546356201172, 4.791165828704834, 4.643913269042969, 4.505866050720215, 4.389581203460693, 4.266277313232422, 4.149999618530273, 4.049924850463867, 3.969792366027832, 3.8705661296844482, 3.7750742435455322, 3.6923935413360596, 3.632634162902832, 3.5510056018829346, 3.4755454063415527, 3.4279122352600098, 3.3564512729644775, 3.3156166076660156, 3.2602925300598145, 3.2077505588531494, 3.157827377319336, 3.110372304916382, 3.0652475357055664, 3.0223257541656494, 2.981490135192871, 2.9426326751708984, 2.905653476715088, 2.8704605102539062, 2.8369686603546143, 2.805098533630371, 2.7747769355773926, 2.7459359169006348, 2.718512535095215, 2.6924479007720947, 2.6676878929138184, 2.644181728363037, 2.6218819618225098, 2.600745439529419, 2.580731153488159, 2.5618011951446533, 2.5439202785491943, 2.5270562171936035, 2.5111782550811768, 2.496258497238159, 2.4822707176208496, 2.469191074371338, 2.4569971561431885, 2.4456686973571777, 2.4351863861083984, 2.4255335330963135, 2.416694402694702, 2.40865421295166, 2.4014008045196533, 2.3949222564697266, 2.3892083168029785, 2.3842501640319824, 2.380040168762207, 2.3765716552734375, 2.3738391399383545, 2.3718388080596924, 2.3705673217773438, 2.370022773742676, 2.370204210281372, 2.371112108230591, 2.3727476596832275, 2.3751137256622314, 2.3682727813720703, 2.363248109817505, 2.3866353034973145, 2.210301637649536, 1.9326180219650269, 1.9381502866744995, 1.9443117380142212, 1.951111912727356, 1.958561897277832, 1.966673731803894, 1.9754606485366821, 1.984937071800232, 1.9951190948486328, 2.006023645401001, 2.017669439315796, 2.030076742172241, 2.043267250061035, 2.057264804840088, 2.072094440460205, 2.0877833366394043, 2.1043615341186523, 2.1218600273132324, 2.140312910079956, 2.159757137298584, 2.180231809616089, 2.201779365539551, 2.224445104598999, 2.2482783794403076, 2.273331642150879, 2.299661874771118, 2.3273303508758545, 2.356403350830078, 2.3869524002075195, 2.4190545082092285, 2.452793598175049, 2.48826003074646, 2.5255520343780518, 2.5647764205932617, 2.6060492992401123, 2.6494972705841064, 2.6952579021453857, 2.7114152908325195, 2.6707139015197754, 2.6288225650787354, 2.5882651805877686, 2.5497095584869385, 2.5130441188812256, 2.4781665802001953, 2.4449827671051025, 2.413405179977417, 2.3833534717559814, 2.3547534942626953, 2.3275363445281982, 2.301638126373291, 2.2769997119903564, 2.253566026687622, 2.2312865257263184, 2.210113286972046, 2.190002679824829, 2.1709139347076416, 2.152808666229248, 2.1356515884399414, 2.1194100379943848, 2.104053258895874, 2.089552640914917, 2.0758821964263916, 2.0630173683166504, 2.0509352684020996, 2.0396149158477783, 2.0290369987487793, 2.01918363571167, 2.010038137435913, 2.0015854835510254, 1.9938117265701294, 1.9867043495178223, 1.9802519083023071, 1.974444031715393, 1.9692715406417847, 1.9647263288497925, 1.960801362991333, 1.95749032497406, 1.954788327217102, 1.9526910781860352, 1.951195240020752, 1.9502986669540405, 1.9500000476837158]
intensities: [0.0, 0.0, 0.0, 0.0, 0.0, 0.0, 0.0, 0.0, 0.0, 0.0, 0.0, 0.0, 0.0, 0.0, 0.0, 0.0, 0.0, 0.0, 0.0, 0.0, 0.0, 0.0, 0.0, 0.0, 0.0, 0.0, 0.0, 0.0, 0.0, 0.0, 0.0, 0.0, 0.0, 0.0, 0.0, 0.0, 0.0, 0.0, 0.0, 0.0, 0.0, 0.0, 0.0, 0.0, 0.0, 0.0, 0.0, 0.0, 0.0, 0.0, 0.0, 0.0, 0.0, 0.0, 0.0, 0.0, 0.0, 0.0, 0.0, 0.0, 0.0, 0.0, 0.0, 0.0, 0.0, 0.0, 0.0, 0.0, 0.0, 0.0, 0.0, 0.0, 0.0, 0.0, 0.0, 0.0, 0.0, 0.0, 0.0, 0.0, 0.0, 0.0, 0.0, 0.0, 0.0, 0.0, 0.0, 0.0, 0.0, 0.0, 0.0, 0.0, 0.0, 0.0, 0.0, 0.0, 0.0, 0.0, 0.0, 0.0, 0.0, 0.0, 0.0, 0.0, 0.0, 0.0, 0.0, 0.0, 0.0, 0.0, 0.0, 0.0, 0.0, 0.0, 0.0, 0.0, 0.0, 0.0, 0.0, 0.0, 0.0, 0.0, 0.0, 0.0, 0.0, 0.0, 0.0, 0.0, 0.0, 0.0, 0.0, 0.0, 0.0, 0.0, 0.0, 0.0, 0.0, 0.0, 0.0, 0.0, 0.0, 0.0, 0.0, 0.0, 0.0, 0.0, 0.0, 0.0, 0.0, 0.0, 0.0, 0.0, 0.0, 0.0, 0.0, 0.0, 0.0, 0.0, 0.0, 0.0, 0.0, 0.0, 0.0, 0.0, 0.0, 0.0, 0.0, 0.0, 0.0, 0.0, 0.0, 0.0, 0.0, 0.0, 0.0, 0.0, 0.0, 0.0, 0.0, 0.0, 0.0, 0.0, 0.0, 0.0, 0.0, 0.0, 0.0, 0.0, 0.0, 0.0, 0.0, 0.0, 0.0, 0.0, 0.0, 0.0, 0.0, 0.0, 0.0, 0.0, 0.0, 0.0, 0.0, 0.0, 0.0, 0.0, 0.0, 0.0, 0.0, 0.0, 0.0, 0.0, 0.0, 0.0, 0.0, 0.0, 0.0, 0.0, 0.0, 0.0, 0.0, 0.0, 0.0, 0.0, 0.0, 0.0, 0.0, 0.0, 0.0, 0.0, 0.0, 0.0, 0.0, 0.0, 0.0, 0.0, 0.0, 0.0, 0.0, 0.0, 0.0, 0.0, 0.0, 0.0, 0.0, 0.0, 0.0, 0.0, 0.0, 0.0, 0.0, 0.0, 0.0, 0.0, 0.0, 0.0, 0.0, 0.0, 0.0, 0.0, 0.0, 0.0, 0.0, 0.0, 0.0, 0.0, 0.0, 0.0, 0.0, 0.0, 0.0, 0.0, 0.0, 0.0, 0.0, 0.0, 0.0, 0.0, 0.0, 0.0, 0.0, 0.0, 0.0, 0.0, 0.0, 0.0, 0.0, 0.0, 0.0, 0.0, 0.0, 0.0, 0.0, 0.0, 0.0, 0.0, 0.0, 0.0, 0.0, 0.0, 0.0, 0.0, 0.0, 0.0, 0.0, 0.0, 0.0, 0.0, 0.0, 0.0, 0.0, 0.0, 0.0, 0.0, 0.0, 0.0, 0.0, 0.0, 0.0, 0.0, 0.0, 0.0, 0.0, 0.0, 0.0, 0.0, 0.0, 0.0, 0.0, 0.0, 0.0, 0.0, 0.0, 0.0, 0.0, 0.0, 0.0, 0.0, 0.0, 0.0, 0.0, 0.0, 0.0, 0.0, 0.0, 0.0, 0.0, 0.0, 0.0, 0.0, 0.0, 0.0, 0.0, 0.0, 0.0, 0.0, 0.0, 0.0, 0.0, 0.0]
---
header: 
  seq: 379
  stamp: 
    secs: 38
    nsecs:         0
  frame_id: "base_laser_link"
angle_min: -3.14159274101
angle_max: 3.14159274101
angle_increment: 0.0175019092858
time_increment: 0.0
scan_time: 0.0
range_min: 0.15000000596
range_max: 16.0
ranges: [1.9500000476837158, 1.9502986669540405, 1.951195240020752, 1.9526910781860352, 1.954788327217102, 1.95749032497406, 1.960801362991333, 1.9647263288497925, 1.9692715406417847, 1.974444031715393, 1.9802519083023071, 1.9867043495178223, 1.9938117265701294, 2.0015854835510254, 2.010038137435913, 2.01918363571167, 2.0290369987487793, 2.0396149158477783, 2.0509352684020996, 2.0630173683166504, 2.0758821964263916, 2.089552640914917, 2.104053258895874, 2.1194100379943848, 2.1356515884399414, 2.152808666229248, 2.1709139347076416, 2.190002679824829, 2.210113286972046, 2.2312865257263184, 2.253566026687622, 2.2769997119903564, 2.301638126373291, 2.3275363445281982, 2.3547534942626953, 2.3833534717559814, 2.413405179977417, 2.4449827671051025, 2.4781665802001953, 2.5130441188812256, 2.5497095584869385, 2.5882651805877686, 2.6288225650787354, 2.6715023517608643, 2.7164366245269775, 2.759685516357422, 2.804619550704956, 2.851248025894165, 2.8191473484039307, 2.7650625705718994, 2.742262601852417, 2.6982247829437256, 2.6593852043151855, 2.6257686614990234, 2.578472852706909, 2.5466599464416504, 2.5163838863372803, 2.487572193145752, 2.460157871246338, 2.4340786933898926, 2.4092769622802734, 2.3856987953186035, 2.3632946014404297, 2.342017889022827, 2.3884811401367188, 2.4569246768951416, 2.546877145767212, 2.679619312286377, 2.78969407081604, 2.920947551727295, 3.0663180351257324, 3.2210023403167725, 3.4076991081237793, 3.582857847213745, 3.8222920894622803, 3.9319958686828613, 3.9216713905334473, 3.8863611221313477, 3.8715779781341553, 3.8580844402313232, 3.845858573913574, 3.834880828857422, 4.4306960105896, 5.025025367736816, 5.779240131378174, 5.769927501678467, 5.762406349182129, 5.756666660308838, 5.752697944641113, 5.750495433807373, 5.750054836273193, 5.751376152038574, 5.754461288452148, 5.75931453704834, 5.76594352722168, 5.774358749389648, 5.784573078155518, 5.796602249145508, 5.810465335845947, 5.826183319091797, 5.843781471252441, 5.863287925720215, 5.8847336769104, 5.908153057098389, 5.933584213256836, 5.961069107055664, 5.9906535148620605, 6.0223870277404785, 6.056323528289795, 6.0925211906433105, 6.131043434143066, 6.1719584465026855, 6.2153401374816895, 6.261267185211182, 6.309825420379639, 6.3611063957214355, 6.415208339691162, 6.472238540649414, 6.532310485839844, 6.595547199249268, 6.662080764770508, 6.732053756713867, 6.805618762969971, 6.882940769195557, 6.964197635650635, 7.049581050872803, 7.139298439025879, 7.233572959899902, 7.33264684677124, 7.436781883239746, 7.546261787414551, 7.66139554977417, 7.782517433166504, 7.662374973297119, 7.511029243469238, 7.404468059539795, 7.279839992523193, 7.161495208740234, 7.049060821533203, 6.942196369171143, 6.840587615966797, 6.743946075439453, 6.652006149291992, 6.564523696899414, 6.481271266937256, 6.402040958404541, 6.326638221740723, 6.254885196685791, 6.186614990234375, 6.121674060821533, 6.0599188804626465, 6.001217365264893, 5.945446014404297, 5.892489910125732, 5.84224271774292, 5.794604778289795, 5.749484539031982, 5.706796169281006, 5.666459560394287, 5.628401279449463, 5.592552661895752, 5.558849334716797, 5.527233123779297, 5.4976487159729, 5.470046043395996, 5.44437837600708, 5.420603275299072, 5.398681163787842, 5.378576755523682, 5.360257148742676, 5.343693256378174, 5.328858852386475, 5.315730094909668, 5.304286956787109, 5.294510841369629, 5.286386966705322, 5.279902935028076, 5.275048732757568, 5.271816730499268, 5.270201683044434, 5.270201683044434, 5.271816730499268, 5.275048732757568, 5.279902935028076, 5.286386966705322, 5.294510841369629, 5.304286956787109, 5.315730094909668, 5.328858852386475, 5.343693256378174, 5.360257148742676, 5.378576755523682, 5.398681163787842, 5.420603275299072, 5.44437837600708, 5.470046043395996, 5.4976487159729, 5.527233123779297, 5.558849334716797, 5.592552661895752, 5.628401279449463, 5.675528526306152, 5.712823390960693, 5.760913372039795, 5.648026466369629, 5.467411994934082, 5.276096343994141, 5.088038444519043, 4.929546356201172, 4.791165828704834, 4.643913269042969, 4.505866050720215, 4.389581203460693, 4.266277313232422, 4.149999618530273, 4.049924850463867, 3.969792366027832, 3.8705661296844482, 3.7750742435455322, 3.6923935413360596, 3.632634162902832, 3.5510056018829346, 3.4755454063415527, 3.4279122352600098, 3.3564512729644775, 3.3156166076660156, 3.2602925300598145, 3.2077505588531494, 3.157827377319336, 3.110372304916382, 3.0652475357055664, 3.0223257541656494, 2.981490135192871, 2.9426326751708984, 2.905653476715088, 2.8704605102539062, 2.8369686603546143, 2.805098533630371, 2.7747769355773926, 2.7459359169006348, 2.718512535095215, 2.6924479007720947, 2.6676878929138184, 2.644181728363037, 2.6218819618225098, 2.600745439529419, 2.580731153488159, 2.5618011951446533, 2.5439202785491943, 2.5270562171936035, 2.5111782550811768, 2.496258497238159, 2.4822707176208496, 2.469191074371338, 2.4569971561431885, 2.4456686973571777, 2.4351863861083984, 2.4255335330963135, 2.416694402694702, 2.40865421295166, 2.4014008045196533, 2.3949222564697266, 2.3892083168029785, 2.3842501640319824, 2.380040168762207, 2.3765716552734375, 2.3738391399383545, 2.3718388080596924, 2.3705673217773438, 2.370022773742676, 2.370204210281372, 2.371112108230591, 2.3727476596832275, 2.3751137256622314, 2.3682727813720703, 2.363248109817505, 2.3866353034973145, 2.210301637649536, 1.9326180219650269, 1.9381502866744995, 1.9443117380142212, 1.951111912727356, 1.958561897277832, 1.966673731803894, 1.9754606485366821, 1.984937071800232, 1.9951190948486328, 2.006023645401001, 2.017669439315796, 2.030076742172241, 2.043267250061035, 2.057264804840088, 2.072094440460205, 2.0877833366394043, 2.1043615341186523, 2.1218600273132324, 2.140312910079956, 2.159757137298584, 2.180231809616089, 2.201779365539551, 2.224445104598999, 2.2482783794403076, 2.273331642150879, 2.299661874771118, 2.3273303508758545, 2.356403350830078, 2.3869524002075195, 2.4190545082092285, 2.452793598175049, 2.48826003074646, 2.5255520343780518, 2.5647764205932617, 2.6060492992401123, 2.6494972705841064, 2.6952579021453857, 2.7114152908325195, 2.6707139015197754, 2.6288225650787354, 2.5882651805877686, 2.5497095584869385, 2.5130441188812256, 2.4781665802001953, 2.4449827671051025, 2.413405179977417, 2.3833534717559814, 2.3547534942626953, 2.3275363445281982, 2.301638126373291, 2.2769997119903564, 2.253566026687622, 2.2312865257263184, 2.210113286972046, 2.190002679824829, 2.1709139347076416, 2.152808666229248, 2.1356515884399414, 2.1194100379943848, 2.104053258895874, 2.089552640914917, 2.0758821964263916, 2.0630173683166504, 2.0509352684020996, 2.0396149158477783, 2.0290369987487793, 2.01918363571167, 2.010038137435913, 2.0015854835510254, 1.9938117265701294, 1.9867043495178223, 1.9802519083023071, 1.974444031715393, 1.9692715406417847, 1.9647263288497925, 1.960801362991333, 1.95749032497406, 1.954788327217102, 1.9526910781860352, 1.951195240020752, 1.9502986669540405, 1.9500000476837158]
intensities: [0.0, 0.0, 0.0, 0.0, 0.0, 0.0, 0.0, 0.0, 0.0, 0.0, 0.0, 0.0, 0.0, 0.0, 0.0, 0.0, 0.0, 0.0, 0.0, 0.0, 0.0, 0.0, 0.0, 0.0, 0.0, 0.0, 0.0, 0.0, 0.0, 0.0, 0.0, 0.0, 0.0, 0.0, 0.0, 0.0, 0.0, 0.0, 0.0, 0.0, 0.0, 0.0, 0.0, 0.0, 0.0, 0.0, 0.0, 0.0, 0.0, 0.0, 0.0, 0.0, 0.0, 0.0, 0.0, 0.0, 0.0, 0.0, 0.0, 0.0, 0.0, 0.0, 0.0, 0.0, 0.0, 0.0, 0.0, 0.0, 0.0, 0.0, 0.0, 0.0, 0.0, 0.0, 0.0, 0.0, 0.0, 0.0, 0.0, 0.0, 0.0, 0.0, 0.0, 0.0, 0.0, 0.0, 0.0, 0.0, 0.0, 0.0, 0.0, 0.0, 0.0, 0.0, 0.0, 0.0, 0.0, 0.0, 0.0, 0.0, 0.0, 0.0, 0.0, 0.0, 0.0, 0.0, 0.0, 0.0, 0.0, 0.0, 0.0, 0.0, 0.0, 0.0, 0.0, 0.0, 0.0, 0.0, 0.0, 0.0, 0.0, 0.0, 0.0, 0.0, 0.0, 0.0, 0.0, 0.0, 0.0, 0.0, 0.0, 0.0, 0.0, 0.0, 0.0, 0.0, 0.0, 0.0, 0.0, 0.0, 0.0, 0.0, 0.0, 0.0, 0.0, 0.0, 0.0, 0.0, 0.0, 0.0, 0.0, 0.0, 0.0, 0.0, 0.0, 0.0, 0.0, 0.0, 0.0, 0.0, 0.0, 0.0, 0.0, 0.0, 0.0, 0.0, 0.0, 0.0, 0.0, 0.0, 0.0, 0.0, 0.0, 0.0, 0.0, 0.0, 0.0, 0.0, 0.0, 0.0, 0.0, 0.0, 0.0, 0.0, 0.0, 0.0, 0.0, 0.0, 0.0, 0.0, 0.0, 0.0, 0.0, 0.0, 0.0, 0.0, 0.0, 0.0, 0.0, 0.0, 0.0, 0.0, 0.0, 0.0, 0.0, 0.0, 0.0, 0.0, 0.0, 0.0, 0.0, 0.0, 0.0, 0.0, 0.0, 0.0, 0.0, 0.0, 0.0, 0.0, 0.0, 0.0, 0.0, 0.0, 0.0, 0.0, 0.0, 0.0, 0.0, 0.0, 0.0, 0.0, 0.0, 0.0, 0.0, 0.0, 0.0, 0.0, 0.0, 0.0, 0.0, 0.0, 0.0, 0.0, 0.0, 0.0, 0.0, 0.0, 0.0, 0.0, 0.0, 0.0, 0.0, 0.0, 0.0, 0.0, 0.0, 0.0, 0.0, 0.0, 0.0, 0.0, 0.0, 0.0, 0.0, 0.0, 0.0, 0.0, 0.0, 0.0, 0.0, 0.0, 0.0, 0.0, 0.0, 0.0, 0.0, 0.0, 0.0, 0.0, 0.0, 0.0, 0.0, 0.0, 0.0, 0.0, 0.0, 0.0, 0.0, 0.0, 0.0, 0.0, 0.0, 0.0, 0.0, 0.0, 0.0, 0.0, 0.0, 0.0, 0.0, 0.0, 0.0, 0.0, 0.0, 0.0, 0.0, 0.0, 0.0, 0.0, 0.0, 0.0, 0.0, 0.0, 0.0, 0.0, 0.0, 0.0, 0.0, 0.0, 0.0, 0.0, 0.0, 0.0, 0.0, 0.0, 0.0, 0.0, 0.0, 0.0, 0.0, 0.0, 0.0, 0.0, 0.0, 0.0, 0.0, 0.0, 0.0, 0.0, 0.0, 0.0, 0.0, 0.0, 0.0, 0.0, 0.0, 0.0, 0.0, 0.0, 0.0, 0.0, 0.0, 0.0, 0.0, 0.0, 0.0, 0.0, 0.0, 0.0]
---
header: 
  seq: 380
  stamp: 
    secs: 38
    nsecs: 100000000
  frame_id: "base_laser_link"
angle_min: -3.14159274101
angle_max: 3.14159274101
angle_increment: 0.0175019092858
time_increment: 0.0
scan_time: 0.0
range_min: 0.15000000596
range_max: 16.0
ranges: [1.9500000476837158, 1.9502986669540405, 1.951195240020752, 1.9526910781860352, 1.954788327217102, 1.95749032497406, 1.960801362991333, 1.9647263288497925, 1.9692715406417847, 1.974444031715393, 1.9802519083023071, 1.9867043495178223, 1.9938117265701294, 2.0015854835510254, 2.010038137435913, 2.01918363571167, 2.0290369987487793, 2.0396149158477783, 2.0509352684020996, 2.0630173683166504, 2.0758821964263916, 2.089552640914917, 2.104053258895874, 2.1194100379943848, 2.1356515884399414, 2.152808666229248, 2.1709139347076416, 2.190002679824829, 2.210113286972046, 2.2312865257263184, 2.253566026687622, 2.2769997119903564, 2.301638126373291, 2.3275363445281982, 2.3547534942626953, 2.3833534717559814, 2.413405179977417, 2.4449827671051025, 2.4781665802001953, 2.5130441188812256, 2.5497095584869385, 2.5882651805877686, 2.6288225650787354, 2.6715023517608643, 2.7164366245269775, 2.759685516357422, 2.804619550704956, 2.851248025894165, 2.8191473484039307, 2.7650625705718994, 2.742262601852417, 2.6982247829437256, 2.6593852043151855, 2.6257686614990234, 2.578472852706909, 2.5466599464416504, 2.5163838863372803, 2.487572193145752, 2.460157871246338, 2.4340786933898926, 2.4092769622802734, 2.3856987953186035, 2.3632946014404297, 2.342017889022827, 2.3884811401367188, 2.4569246768951416, 2.546877145767212, 2.679619312286377, 2.78969407081604, 2.920947551727295, 3.0663180351257324, 3.2210023403167725, 3.4076991081237793, 3.582857847213745, 3.8222920894622803, 3.9319958686828613, 3.9216713905334473, 3.8863611221313477, 3.8715779781341553, 3.8580844402313232, 3.845858573913574, 3.834880828857422, 4.4306960105896, 5.025025367736816, 5.779240131378174, 5.769927501678467, 5.762406349182129, 5.756666660308838, 5.752697944641113, 5.750495433807373, 5.750054836273193, 5.751376152038574, 5.754461288452148, 5.75931453704834, 5.76594352722168, 5.774358749389648, 5.784573078155518, 5.796602249145508, 5.810465335845947, 5.826183319091797, 5.843781471252441, 5.863287925720215, 5.8847336769104, 5.908153057098389, 5.933584213256836, 5.961069107055664, 5.9906535148620605, 6.0223870277404785, 6.056323528289795, 6.0925211906433105, 6.131043434143066, 6.1719584465026855, 6.2153401374816895, 6.261267185211182, 6.309825420379639, 6.3611063957214355, 6.415208339691162, 6.472238540649414, 6.532310485839844, 6.595547199249268, 6.662080764770508, 6.732053756713867, 6.805618762969971, 6.882940769195557, 6.964197635650635, 7.049581050872803, 7.139298439025879, 7.233572959899902, 7.33264684677124, 7.436781883239746, 7.546261787414551, 7.66139554977417, 7.782517433166504, 7.662374973297119, 7.511029243469238, 7.404468059539795, 7.279839992523193, 7.161495208740234, 7.049060821533203, 6.942196369171143, 6.840587615966797, 6.743946075439453, 6.652006149291992, 6.564523696899414, 6.481271266937256, 6.402040958404541, 6.326638221740723, 6.254885196685791, 6.186614990234375, 6.121674060821533, 6.0599188804626465, 6.001217365264893, 5.945446014404297, 5.892489910125732, 5.84224271774292, 5.794604778289795, 5.749484539031982, 5.706796169281006, 5.666459560394287, 5.628401279449463, 5.592552661895752, 5.558849334716797, 5.527233123779297, 5.4976487159729, 5.470046043395996, 5.44437837600708, 5.420603275299072, 5.398681163787842, 5.378576755523682, 5.360257148742676, 5.343693256378174, 5.328858852386475, 5.315730094909668, 5.304286956787109, 5.294510841369629, 5.286386966705322, 5.279902935028076, 5.275048732757568, 5.271816730499268, 5.270201683044434, 5.270201683044434, 5.271816730499268, 5.275048732757568, 5.279902935028076, 5.286386966705322, 5.294510841369629, 5.304286956787109, 5.315730094909668, 5.328858852386475, 5.343693256378174, 5.360257148742676, 5.378576755523682, 5.398681163787842, 5.420603275299072, 5.44437837600708, 5.470046043395996, 5.4976487159729, 5.527233123779297, 5.558849334716797, 5.592552661895752, 5.628401279449463, 5.675528526306152, 5.712823390960693, 5.760913372039795, 5.648026466369629, 5.467411994934082, 5.276096343994141, 5.088038444519043, 4.929546356201172, 4.791165828704834, 4.643913269042969, 4.505866050720215, 4.389581203460693, 4.266277313232422, 4.149999618530273, 4.049924850463867, 3.969792366027832, 3.8705661296844482, 3.7750742435455322, 3.6923935413360596, 3.632634162902832, 3.5510056018829346, 3.4755454063415527, 3.4279122352600098, 3.3564512729644775, 3.3156166076660156, 3.2602925300598145, 3.2077505588531494, 3.157827377319336, 3.110372304916382, 3.0652475357055664, 3.0223257541656494, 2.981490135192871, 2.9426326751708984, 2.905653476715088, 2.8704605102539062, 2.8369686603546143, 2.805098533630371, 2.7747769355773926, 2.7459359169006348, 2.718512535095215, 2.6924479007720947, 2.6676878929138184, 2.644181728363037, 2.6218819618225098, 2.600745439529419, 2.580731153488159, 2.5618011951446533, 2.5439202785491943, 2.5270562171936035, 2.5111782550811768, 2.496258497238159, 2.4822707176208496, 2.469191074371338, 2.4569971561431885, 2.4456686973571777, 2.4351863861083984, 2.4255335330963135, 2.416694402694702, 2.40865421295166, 2.4014008045196533, 2.3949222564697266, 2.3892083168029785, 2.3842501640319824, 2.380040168762207, 2.3765716552734375, 2.3738391399383545, 2.3718388080596924, 2.3705673217773438, 2.370022773742676, 2.370204210281372, 2.371112108230591, 2.3727476596832275, 2.3751137256622314, 2.3682727813720703, 2.363248109817505, 2.3866353034973145, 2.210301637649536, 1.9326180219650269, 1.9381502866744995, 1.9443117380142212, 1.951111912727356, 1.958561897277832, 1.966673731803894, 1.9754606485366821, 1.984937071800232, 1.9951190948486328, 2.006023645401001, 2.017669439315796, 2.030076742172241, 2.043267250061035, 2.057264804840088, 2.072094440460205, 2.0877833366394043, 2.1043615341186523, 2.1218600273132324, 2.140312910079956, 2.159757137298584, 2.180231809616089, 2.201779365539551, 2.224445104598999, 2.2482783794403076, 2.273331642150879, 2.299661874771118, 2.3273303508758545, 2.356403350830078, 2.3869524002075195, 2.4190545082092285, 2.452793598175049, 2.48826003074646, 2.5255520343780518, 2.5647764205932617, 2.6060492992401123, 2.6494972705841064, 2.6952579021453857, 2.7114152908325195, 2.6707139015197754, 2.6288225650787354, 2.5882651805877686, 2.5497095584869385, 2.5130441188812256, 2.4781665802001953, 2.4449827671051025, 2.413405179977417, 2.3833534717559814, 2.3547534942626953, 2.3275363445281982, 2.301638126373291, 2.2769997119903564, 2.253566026687622, 2.2312865257263184, 2.210113286972046, 2.190002679824829, 2.1709139347076416, 2.152808666229248, 2.1356515884399414, 2.1194100379943848, 2.104053258895874, 2.089552640914917, 2.0758821964263916, 2.0630173683166504, 2.0509352684020996, 2.0396149158477783, 2.0290369987487793, 2.01918363571167, 2.010038137435913, 2.0015854835510254, 1.9938117265701294, 1.9867043495178223, 1.9802519083023071, 1.974444031715393, 1.9692715406417847, 1.9647263288497925, 1.960801362991333, 1.95749032497406, 1.954788327217102, 1.9526910781860352, 1.951195240020752, 1.9502986669540405, 1.9500000476837158]
intensities: [0.0, 0.0, 0.0, 0.0, 0.0, 0.0, 0.0, 0.0, 0.0, 0.0, 0.0, 0.0, 0.0, 0.0, 0.0, 0.0, 0.0, 0.0, 0.0, 0.0, 0.0, 0.0, 0.0, 0.0, 0.0, 0.0, 0.0, 0.0, 0.0, 0.0, 0.0, 0.0, 0.0, 0.0, 0.0, 0.0, 0.0, 0.0, 0.0, 0.0, 0.0, 0.0, 0.0, 0.0, 0.0, 0.0, 0.0, 0.0, 0.0, 0.0, 0.0, 0.0, 0.0, 0.0, 0.0, 0.0, 0.0, 0.0, 0.0, 0.0, 0.0, 0.0, 0.0, 0.0, 0.0, 0.0, 0.0, 0.0, 0.0, 0.0, 0.0, 0.0, 0.0, 0.0, 0.0, 0.0, 0.0, 0.0, 0.0, 0.0, 0.0, 0.0, 0.0, 0.0, 0.0, 0.0, 0.0, 0.0, 0.0, 0.0, 0.0, 0.0, 0.0, 0.0, 0.0, 0.0, 0.0, 0.0, 0.0, 0.0, 0.0, 0.0, 0.0, 0.0, 0.0, 0.0, 0.0, 0.0, 0.0, 0.0, 0.0, 0.0, 0.0, 0.0, 0.0, 0.0, 0.0, 0.0, 0.0, 0.0, 0.0, 0.0, 0.0, 0.0, 0.0, 0.0, 0.0, 0.0, 0.0, 0.0, 0.0, 0.0, 0.0, 0.0, 0.0, 0.0, 0.0, 0.0, 0.0, 0.0, 0.0, 0.0, 0.0, 0.0, 0.0, 0.0, 0.0, 0.0, 0.0, 0.0, 0.0, 0.0, 0.0, 0.0, 0.0, 0.0, 0.0, 0.0, 0.0, 0.0, 0.0, 0.0, 0.0, 0.0, 0.0, 0.0, 0.0, 0.0, 0.0, 0.0, 0.0, 0.0, 0.0, 0.0, 0.0, 0.0, 0.0, 0.0, 0.0, 0.0, 0.0, 0.0, 0.0, 0.0, 0.0, 0.0, 0.0, 0.0, 0.0, 0.0, 0.0, 0.0, 0.0, 0.0, 0.0, 0.0, 0.0, 0.0, 0.0, 0.0, 0.0, 0.0, 0.0, 0.0, 0.0, 0.0, 0.0, 0.0, 0.0, 0.0, 0.0, 0.0, 0.0, 0.0, 0.0, 0.0, 0.0, 0.0, 0.0, 0.0, 0.0, 0.0, 0.0, 0.0, 0.0, 0.0, 0.0, 0.0, 0.0, 0.0, 0.0, 0.0, 0.0, 0.0, 0.0, 0.0, 0.0, 0.0, 0.0, 0.0, 0.0, 0.0, 0.0, 0.0, 0.0, 0.0, 0.0, 0.0, 0.0, 0.0, 0.0, 0.0, 0.0, 0.0, 0.0, 0.0, 0.0, 0.0, 0.0, 0.0, 0.0, 0.0, 0.0, 0.0, 0.0, 0.0, 0.0, 0.0, 0.0, 0.0, 0.0, 0.0, 0.0, 0.0, 0.0, 0.0, 0.0, 0.0, 0.0, 0.0, 0.0, 0.0, 0.0, 0.0, 0.0, 0.0, 0.0, 0.0, 0.0, 0.0, 0.0, 0.0, 0.0, 0.0, 0.0, 0.0, 0.0, 0.0, 0.0, 0.0, 0.0, 0.0, 0.0, 0.0, 0.0, 0.0, 0.0, 0.0, 0.0, 0.0, 0.0, 0.0, 0.0, 0.0, 0.0, 0.0, 0.0, 0.0, 0.0, 0.0, 0.0, 0.0, 0.0, 0.0, 0.0, 0.0, 0.0, 0.0, 0.0, 0.0, 0.0, 0.0, 0.0, 0.0, 0.0, 0.0, 0.0, 0.0, 0.0, 0.0, 0.0, 0.0, 0.0, 0.0, 0.0, 0.0, 0.0, 0.0, 0.0, 0.0, 0.0, 0.0, 0.0, 0.0, 0.0, 0.0, 0.0, 0.0, 0.0, 0.0]
---
header: 
  seq: 381
  stamp: 
    secs: 38
    nsecs: 200000000
  frame_id: "base_laser_link"
angle_min: -3.14159274101
angle_max: 3.14159274101
angle_increment: 0.0175019092858
time_increment: 0.0
scan_time: 0.0
range_min: 0.15000000596
range_max: 16.0
ranges: [1.9500000476837158, 1.9502986669540405, 1.951195240020752, 1.9526910781860352, 1.954788327217102, 1.95749032497406, 1.960801362991333, 1.9647263288497925, 1.9692715406417847, 1.974444031715393, 1.9802519083023071, 1.9867043495178223, 1.9938117265701294, 2.0015854835510254, 2.010038137435913, 2.01918363571167, 2.0290369987487793, 2.0396149158477783, 2.0509352684020996, 2.0630173683166504, 2.0758821964263916, 2.089552640914917, 2.104053258895874, 2.1194100379943848, 2.1356515884399414, 2.152808666229248, 2.1709139347076416, 2.190002679824829, 2.210113286972046, 2.2312865257263184, 2.253566026687622, 2.2769997119903564, 2.301638126373291, 2.3275363445281982, 2.3547534942626953, 2.3833534717559814, 2.413405179977417, 2.4449827671051025, 2.4781665802001953, 2.5130441188812256, 2.5497095584869385, 2.5882651805877686, 2.6288225650787354, 2.6715023517608643, 2.7164366245269775, 2.759685516357422, 2.804619550704956, 2.851248025894165, 2.8191473484039307, 2.7650625705718994, 2.742262601852417, 2.6982247829437256, 2.6593852043151855, 2.6257686614990234, 2.578472852706909, 2.5466599464416504, 2.5163838863372803, 2.487572193145752, 2.460157871246338, 2.4340786933898926, 2.4092769622802734, 2.3856987953186035, 2.3632946014404297, 2.342017889022827, 2.3884811401367188, 2.4569246768951416, 2.546877145767212, 2.679619312286377, 2.78969407081604, 2.920947551727295, 3.0663180351257324, 3.2210023403167725, 3.4076991081237793, 3.582857847213745, 3.8222920894622803, 3.9319958686828613, 3.9216713905334473, 3.8863611221313477, 3.8715779781341553, 3.8580844402313232, 3.845858573913574, 3.834880828857422, 4.4306960105896, 5.025025367736816, 5.779240131378174, 5.769927501678467, 5.762406349182129, 5.756666660308838, 5.752697944641113, 5.750495433807373, 5.750054836273193, 5.751376152038574, 5.754461288452148, 5.75931453704834, 5.76594352722168, 5.774358749389648, 5.784573078155518, 5.796602249145508, 5.810465335845947, 5.826183319091797, 5.843781471252441, 5.863287925720215, 5.8847336769104, 5.908153057098389, 5.933584213256836, 5.961069107055664, 5.9906535148620605, 6.0223870277404785, 6.056323528289795, 6.0925211906433105, 6.131043434143066, 6.1719584465026855, 6.2153401374816895, 6.261267185211182, 6.309825420379639, 6.3611063957214355, 6.415208339691162, 6.472238540649414, 6.532310485839844, 6.595547199249268, 6.662080764770508, 6.732053756713867, 6.805618762969971, 6.882940769195557, 6.964197635650635, 7.049581050872803, 7.139298439025879, 7.233572959899902, 7.33264684677124, 7.436781883239746, 7.546261787414551, 7.66139554977417, 7.782517433166504, 7.662374973297119, 7.511029243469238, 7.404468059539795, 7.279839992523193, 7.161495208740234, 7.049060821533203, 6.942196369171143, 6.840587615966797, 6.743946075439453, 6.652006149291992, 6.564523696899414, 6.481271266937256, 6.402040958404541, 6.326638221740723, 6.254885196685791, 6.186614990234375, 6.121674060821533, 6.0599188804626465, 6.001217365264893, 5.945446014404297, 5.892489910125732, 5.84224271774292, 5.794604778289795, 5.749484539031982, 5.706796169281006, 5.666459560394287, 5.628401279449463, 5.592552661895752, 5.558849334716797, 5.527233123779297, 5.4976487159729, 5.470046043395996, 5.44437837600708, 5.420603275299072, 5.398681163787842, 5.378576755523682, 5.360257148742676, 5.343693256378174, 5.328858852386475, 5.315730094909668, 5.304286956787109, 5.294510841369629, 5.286386966705322, 5.279902935028076, 5.275048732757568, 5.271816730499268, 5.270201683044434, 5.270201683044434, 5.271816730499268, 5.275048732757568, 5.279902935028076, 5.286386966705322, 5.294510841369629, 5.304286956787109, 5.315730094909668, 5.328858852386475, 5.343693256378174, 5.360257148742676, 5.378576755523682, 5.398681163787842, 5.420603275299072, 5.44437837600708, 5.470046043395996, 5.4976487159729, 5.527233123779297, 5.558849334716797, 5.592552661895752, 5.628401279449463, 5.675528526306152, 5.712823390960693, 5.760913372039795, 5.648026466369629, 5.467411994934082, 5.276096343994141, 5.088038444519043, 4.929546356201172, 4.791165828704834, 4.643913269042969, 4.505866050720215, 4.389581203460693, 4.266277313232422, 4.149999618530273, 4.049924850463867, 3.969792366027832, 3.8705661296844482, 3.7750742435455322, 3.6923935413360596, 3.632634162902832, 3.5510056018829346, 3.4755454063415527, 3.4279122352600098, 3.3564512729644775, 3.3156166076660156, 3.2602925300598145, 3.2077505588531494, 3.157827377319336, 3.110372304916382, 3.0652475357055664, 3.0223257541656494, 2.981490135192871, 2.9426326751708984, 2.905653476715088, 2.8704605102539062, 2.8369686603546143, 2.805098533630371, 2.7747769355773926, 2.7459359169006348, 2.718512535095215, 2.6924479007720947, 2.6676878929138184, 2.644181728363037, 2.6218819618225098, 2.600745439529419, 2.580731153488159, 2.5618011951446533, 2.5439202785491943, 2.5270562171936035, 2.5111782550811768, 2.496258497238159, 2.4822707176208496, 2.469191074371338, 2.4569971561431885, 2.4456686973571777, 2.4351863861083984, 2.4255335330963135, 2.416694402694702, 2.40865421295166, 2.4014008045196533, 2.3949222564697266, 2.3892083168029785, 2.3842501640319824, 2.380040168762207, 2.3765716552734375, 2.3738391399383545, 2.3718388080596924, 2.3705673217773438, 2.370022773742676, 2.370204210281372, 2.371112108230591, 2.3727476596832275, 2.3751137256622314, 2.3682727813720703, 2.363248109817505, 2.3866353034973145, 2.210301637649536, 1.9326180219650269, 1.9381502866744995, 1.9443117380142212, 1.951111912727356, 1.958561897277832, 1.966673731803894, 1.9754606485366821, 1.984937071800232, 1.9951190948486328, 2.006023645401001, 2.017669439315796, 2.030076742172241, 2.043267250061035, 2.057264804840088, 2.072094440460205, 2.0877833366394043, 2.1043615341186523, 2.1218600273132324, 2.140312910079956, 2.159757137298584, 2.180231809616089, 2.201779365539551, 2.224445104598999, 2.2482783794403076, 2.273331642150879, 2.299661874771118, 2.3273303508758545, 2.356403350830078, 2.3869524002075195, 2.4190545082092285, 2.452793598175049, 2.48826003074646, 2.5255520343780518, 2.5647764205932617, 2.6060492992401123, 2.6494972705841064, 2.6952579021453857, 2.7114152908325195, 2.6707139015197754, 2.6288225650787354, 2.5882651805877686, 2.5497095584869385, 2.5130441188812256, 2.4781665802001953, 2.4449827671051025, 2.413405179977417, 2.3833534717559814, 2.3547534942626953, 2.3275363445281982, 2.301638126373291, 2.2769997119903564, 2.253566026687622, 2.2312865257263184, 2.210113286972046, 2.190002679824829, 2.1709139347076416, 2.152808666229248, 2.1356515884399414, 2.1194100379943848, 2.104053258895874, 2.089552640914917, 2.0758821964263916, 2.0630173683166504, 2.0509352684020996, 2.0396149158477783, 2.0290369987487793, 2.01918363571167, 2.010038137435913, 2.0015854835510254, 1.9938117265701294, 1.9867043495178223, 1.9802519083023071, 1.974444031715393, 1.9692715406417847, 1.9647263288497925, 1.960801362991333, 1.95749032497406, 1.954788327217102, 1.9526910781860352, 1.951195240020752, 1.9502986669540405, 1.9500000476837158]
intensities: [0.0, 0.0, 0.0, 0.0, 0.0, 0.0, 0.0, 0.0, 0.0, 0.0, 0.0, 0.0, 0.0, 0.0, 0.0, 0.0, 0.0, 0.0, 0.0, 0.0, 0.0, 0.0, 0.0, 0.0, 0.0, 0.0, 0.0, 0.0, 0.0, 0.0, 0.0, 0.0, 0.0, 0.0, 0.0, 0.0, 0.0, 0.0, 0.0, 0.0, 0.0, 0.0, 0.0, 0.0, 0.0, 0.0, 0.0, 0.0, 0.0, 0.0, 0.0, 0.0, 0.0, 0.0, 0.0, 0.0, 0.0, 0.0, 0.0, 0.0, 0.0, 0.0, 0.0, 0.0, 0.0, 0.0, 0.0, 0.0, 0.0, 0.0, 0.0, 0.0, 0.0, 0.0, 0.0, 0.0, 0.0, 0.0, 0.0, 0.0, 0.0, 0.0, 0.0, 0.0, 0.0, 0.0, 0.0, 0.0, 0.0, 0.0, 0.0, 0.0, 0.0, 0.0, 0.0, 0.0, 0.0, 0.0, 0.0, 0.0, 0.0, 0.0, 0.0, 0.0, 0.0, 0.0, 0.0, 0.0, 0.0, 0.0, 0.0, 0.0, 0.0, 0.0, 0.0, 0.0, 0.0, 0.0, 0.0, 0.0, 0.0, 0.0, 0.0, 0.0, 0.0, 0.0, 0.0, 0.0, 0.0, 0.0, 0.0, 0.0, 0.0, 0.0, 0.0, 0.0, 0.0, 0.0, 0.0, 0.0, 0.0, 0.0, 0.0, 0.0, 0.0, 0.0, 0.0, 0.0, 0.0, 0.0, 0.0, 0.0, 0.0, 0.0, 0.0, 0.0, 0.0, 0.0, 0.0, 0.0, 0.0, 0.0, 0.0, 0.0, 0.0, 0.0, 0.0, 0.0, 0.0, 0.0, 0.0, 0.0, 0.0, 0.0, 0.0, 0.0, 0.0, 0.0, 0.0, 0.0, 0.0, 0.0, 0.0, 0.0, 0.0, 0.0, 0.0, 0.0, 0.0, 0.0, 0.0, 0.0, 0.0, 0.0, 0.0, 0.0, 0.0, 0.0, 0.0, 0.0, 0.0, 0.0, 0.0, 0.0, 0.0, 0.0, 0.0, 0.0, 0.0, 0.0, 0.0, 0.0, 0.0, 0.0, 0.0, 0.0, 0.0, 0.0, 0.0, 0.0, 0.0, 0.0, 0.0, 0.0, 0.0, 0.0, 0.0, 0.0, 0.0, 0.0, 0.0, 0.0, 0.0, 0.0, 0.0, 0.0, 0.0, 0.0, 0.0, 0.0, 0.0, 0.0, 0.0, 0.0, 0.0, 0.0, 0.0, 0.0, 0.0, 0.0, 0.0, 0.0, 0.0, 0.0, 0.0, 0.0, 0.0, 0.0, 0.0, 0.0, 0.0, 0.0, 0.0, 0.0, 0.0, 0.0, 0.0, 0.0, 0.0, 0.0, 0.0, 0.0, 0.0, 0.0, 0.0, 0.0, 0.0, 0.0, 0.0, 0.0, 0.0, 0.0, 0.0, 0.0, 0.0, 0.0, 0.0, 0.0, 0.0, 0.0, 0.0, 0.0, 0.0, 0.0, 0.0, 0.0, 0.0, 0.0, 0.0, 0.0, 0.0, 0.0, 0.0, 0.0, 0.0, 0.0, 0.0, 0.0, 0.0, 0.0, 0.0, 0.0, 0.0, 0.0, 0.0, 0.0, 0.0, 0.0, 0.0, 0.0, 0.0, 0.0, 0.0, 0.0, 0.0, 0.0, 0.0, 0.0, 0.0, 0.0, 0.0, 0.0, 0.0, 0.0, 0.0, 0.0, 0.0, 0.0, 0.0, 0.0, 0.0, 0.0, 0.0, 0.0, 0.0, 0.0, 0.0, 0.0, 0.0, 0.0, 0.0, 0.0, 0.0, 0.0, 0.0, 0.0, 0.0, 0.0, 0.0, 0.0]
---
