header: 
  seq: 6454
  stamp: 
    secs: 645
    nsecs: 500000000
  frame_id: "base_laser_link"
angle_min: -3.14159274101
angle_max: 3.14159274101
angle_increment: 0.0175019092858
time_increment: 0.0
scan_time: 0.0
range_min: 0.15000000596
range_max: 16.0
ranges: [3.549999952316284, 3.550543785095215, 3.552175998687744, 3.554898977279663, 3.5451979637145996, 3.563636302947998, 3.187559127807617, 2.851372003555298, 2.676189661026001, 2.6832187175750732, 2.6911115646362305, 2.699880361557007, 2.7095389366149902, 2.7201032638549805, 2.7315902709960938, 2.744018793106079, 2.7574093341827393, 2.771784543991089, 2.787168502807617, 2.783531904220581, 2.821070909500122, 2.839648485183716, 2.859354257583618, 2.8802237510681152, 2.9022958278656006, 2.925611734390259, 2.950216293334961, 2.9761576652526855, 3.0034873485565186, 3.0322611331939697, 3.0625386238098145, 3.09438419342041, 3.1176626682281494, 3.156045436859131, 3.1770193576812744, 3.22843599319458, 3.2615625858306885, 3.3004448413848877, 3.2941842079162598, 3.214833974838257, 3.151179552078247, 3.0926451683044434, 3.0602190494537354, 3.027702569961548, 3.0786280632019043, 3.1284356117248535, 3.1820032596588135, 3.2376363277435303, 3.2955129146575928, 3.359947443008423, 3.413215160369873, 3.516477346420288, 3.5861268043518066, 3.66755747795105, 3.7454888820648193, 3.8518903255462646, 3.962189197540283, 4.066118240356445, 4.163664817810059, 4.290487289428711, 4.423425197601318, 4.563201904296875, 4.5273284912109375, 4.482330799102783, 4.443685531616211, 4.407039642333984, 4.372321128845215, 4.3394646644592285, 4.308407783508301, 4.2790937423706055, 4.251469612121582, 4.225485801696777, 4.201096534729004, 4.17825984954834, 4.156936168670654, 4.13709020614624, 4.118688583374023, 4.101700305938721, 4.0860981941223145, 4.07185697555542, 4.058953762054443, 4.047367572784424, 4.03708028793335, 4.028076171875, 4.020340919494629, 4.013862609863281, 4.008630752563477, 4.004637718200684, 4.0018768310546875, 4.000344753265381, 4.000038146972656, 4.000957489013672, 4.003103256225586, 4.006479740142822, 4.011091232299805, 4.0169453620910645, 4.024050712585449, 4.032419204711914, 4.042062759399414, 4.05299711227417, 4.065239429473877, 4.078808784484863, 4.0937275886535645, 4.110019207000732, 4.127710819244385, 4.1468305587768555, 4.1674113273620605, 4.189486503601074, 4.213094711303711, 4.238275527954102, 4.265073776245117, 4.29353666305542, 4.323714733123779, 4.355664253234863, 4.389443874359131, 4.425117492675781, 4.462753772735596, 4.502426624298096, 4.544216156005859, 4.588206768035889, 4.634490966796875, 4.683167934417725, 4.734343528747559, 4.788132667541504, 4.844659328460693, 4.904056549072266, 4.966468334197998, 5.032050609588623, 5.100971698760986, 5.173413276672363, 5.249573707580566, 5.3296661376953125, 5.4139251708984375, 5.337525367736816, 5.232239246368408, 5.156432151794434, 5.069642066955566, 4.987226963043213, 4.908928394317627, 4.834508419036865, 4.763748645782471, 4.69644832611084, 4.632421970367432, 4.571499347686768, 4.513523101806641, 4.458347320556641, 4.405837535858154, 4.355868816375732, 4.30832576751709, 4.263101100921631, 4.220095634460449, 4.179215908050537, 4.140377044677734, 4.103498458862305, 4.068506717681885, 4.035332202911377, 4.003910541534424, 3.974182367324829, 3.946092367172241, 3.919588804244995, 3.8946239948272705, 3.8711533546447754, 3.8491358757019043, 3.828533411026001, 3.8093111515045166, 3.791436195373535, 3.7748794555664062, 3.759613037109375, 3.745612382888794, 3.7328548431396484, 3.7213196754455566, 3.710988998413086, 3.701846122741699, 3.6938769817352295, 3.6870691776275635, 3.6814117431640625, 3.676896333694458, 3.673515796661377, 3.671265125274658, 3.670140504837036, 3.670140504837036, 3.671265125274658, 3.673515796661377, 3.676896333694458, 3.6814117431640625, 3.6870691776275635, 3.6938769817352295, 3.701846122741699, 3.710988998413086, 3.7213196754455566, 3.7328548431396484, 3.745612382888794, 3.759613037109375, 3.7748794555664062, 3.791436195373535, 3.8093111515045166, 3.828533411026001, 3.8491358757019043, 3.8711533546447754, 3.8946239948272705, 3.919588804244995, 3.946092367172241, 3.974182367324829, 4.003910541534424, 4.035332202911377, 4.068506717681885, 4.103498458862305, 4.140377044677734, 4.179215908050537, 4.220095634460449, 4.263101100921631, 4.30832576751709, 4.355868816375732, 4.405837535858154, 4.458347320556641, 4.513523101806641, 4.571499347686768, 4.632421970367432, 4.69644832611084, 4.763748645782471, 4.834508419036865, 4.908928394317627, 4.987226963043213, 5.069642066955566, 5.156432151794434, 5.224981307983398, 5.3413214683532715, 5.440994739532471, 5.409611225128174, 5.407060623168945, 5.328615665435791, 5.254000663757324, 5.18301248550415, 5.115462779998779, 5.051177978515625, 4.989998817443848, 4.931776523590088, 4.876373767852783, 4.823662757873535, 4.773525714874268, 4.725852966308594, 4.680542469024658, 4.637499809265137, 4.5966362953186035, 4.557870864868164, 4.521127223968506, 4.486334323883057, 4.453426361083984, 4.422342777252197, 4.393025875091553, 4.365423679351807, 4.339487552642822, 4.315171241760254, 4.292433738708496, 4.271235942840576, 4.251542091369629, 4.2333197593688965, 4.21653938293457, 4.201173305511475, 4.187196731567383, 4.174586772918701, 4.163324356079102, 4.153391361236572, 4.144772529602051, 4.137453556060791, 4.1314239501953125, 4.126674175262451, 4.123196601867676, 4.120985984802246, 4.120039463043213, 4.120355129241943, 4.121933460235596, 4.124776840209961, 4.128889560699463, 4.134278297424316, 4.140951156616211, 4.148918628692627, 4.158193111419678, 4.168788433074951, 4.180722236633301, 4.194012641906738, 4.208681106567383, 4.2247514724731445, 4.242249011993408, 4.261202812194824, 4.281644344329834, 4.30360746383667, 4.327129364013672, 4.352250099182129, 4.379013538360596, 4.407466888427734, 4.437660217285156, 4.469648361206055, 4.503490924835205, 4.495180606842041, 4.356918811798096, 4.220245361328125, 4.116729259490967, 4.162909984588623, 4.217075347900391, 4.26254940032959, 4.308218955993652, 4.356226921081543, 4.406681537628174, 4.459701061248779, 4.515411853790283, 4.57395076751709, 4.635465621948242, 4.700117588043213, 4.7680792808532715, 4.839539527893066, 4.914702415466309, 4.993791103363037, 5.077046871185303, 5.023622035980225, 4.945307731628418, 4.863503932952881, 4.785804748535156, 4.71196985244751, 4.641778945922852, 4.575028896331787, 4.511534214019775, 4.451122283935547, 4.393634796142578, 4.338925838470459, 4.286859035491943, 4.23730993270874, 4.19016170501709, 4.1453070640563965, 4.1026458740234375, 4.0620856285095215, 4.0235395431518555, 3.9869282245635986, 3.952176570892334, 3.919215679168701, 3.8879811763763428, 3.8584132194519043, 3.830455780029297, 3.8040575981140137, 3.779170274734497, 3.755749464035034, 3.7337539196014404, 3.7131452560424805, 3.693887948989868, 3.675949811935425, 3.6593003273010254, 3.6439120769500732, 3.6297597885131836, 3.616820812225342, 3.605073928833008, 3.5945005416870117, 3.5850841999053955, 3.5768096446990967, 3.5696640014648438, 3.563636302947998, 3.5587172508239746, 3.554898977279663, 3.552175998687744, 3.550543785095215, 3.549999952316284]
intensities: [0.0, 0.0, 0.0, 0.0, 0.0, 0.0, 0.0, 0.0, 0.0, 0.0, 0.0, 0.0, 0.0, 0.0, 0.0, 0.0, 0.0, 0.0, 0.0, 0.0, 0.0, 0.0, 0.0, 0.0, 0.0, 0.0, 0.0, 0.0, 0.0, 0.0, 0.0, 0.0, 0.0, 0.0, 0.0, 0.0, 0.0, 0.0, 0.0, 0.0, 0.0, 0.0, 0.0, 0.0, 0.0, 0.0, 0.0, 0.0, 0.0, 0.0, 0.0, 0.0, 0.0, 0.0, 0.0, 0.0, 0.0, 0.0, 0.0, 0.0, 0.0, 0.0, 0.0, 0.0, 0.0, 0.0, 0.0, 0.0, 0.0, 0.0, 0.0, 0.0, 0.0, 0.0, 0.0, 0.0, 0.0, 0.0, 0.0, 0.0, 0.0, 0.0, 0.0, 0.0, 0.0, 0.0, 0.0, 0.0, 0.0, 0.0, 0.0, 0.0, 0.0, 0.0, 0.0, 0.0, 0.0, 0.0, 0.0, 0.0, 0.0, 0.0, 0.0, 0.0, 0.0, 0.0, 0.0, 0.0, 0.0, 0.0, 0.0, 0.0, 0.0, 0.0, 0.0, 0.0, 0.0, 0.0, 0.0, 0.0, 0.0, 0.0, 0.0, 0.0, 0.0, 0.0, 0.0, 0.0, 0.0, 0.0, 0.0, 0.0, 0.0, 0.0, 0.0, 0.0, 0.0, 0.0, 0.0, 0.0, 0.0, 0.0, 0.0, 0.0, 0.0, 0.0, 0.0, 0.0, 0.0, 0.0, 0.0, 0.0, 0.0, 0.0, 0.0, 0.0, 0.0, 0.0, 0.0, 0.0, 0.0, 0.0, 0.0, 0.0, 0.0, 0.0, 0.0, 0.0, 0.0, 0.0, 0.0, 0.0, 0.0, 0.0, 0.0, 0.0, 0.0, 0.0, 0.0, 0.0, 0.0, 0.0, 0.0, 0.0, 0.0, 0.0, 0.0, 0.0, 0.0, 0.0, 0.0, 0.0, 0.0, 0.0, 0.0, 0.0, 0.0, 0.0, 0.0, 0.0, 0.0, 0.0, 0.0, 0.0, 0.0, 0.0, 0.0, 0.0, 0.0, 0.0, 0.0, 0.0, 0.0, 0.0, 0.0, 0.0, 0.0, 0.0, 0.0, 0.0, 0.0, 0.0, 0.0, 0.0, 0.0, 0.0, 0.0, 0.0, 0.0, 0.0, 0.0, 0.0, 0.0, 0.0, 0.0, 0.0, 0.0, 0.0, 0.0, 0.0, 0.0, 0.0, 0.0, 0.0, 0.0, 0.0, 0.0, 0.0, 0.0, 0.0, 0.0, 0.0, 0.0, 0.0, 0.0, 0.0, 0.0, 0.0, 0.0, 0.0, 0.0, 0.0, 0.0, 0.0, 0.0, 0.0, 0.0, 0.0, 0.0, 0.0, 0.0, 0.0, 0.0, 0.0, 0.0, 0.0, 0.0, 0.0, 0.0, 0.0, 0.0, 0.0, 0.0, 0.0, 0.0, 0.0, 0.0, 0.0, 0.0, 0.0, 0.0, 0.0, 0.0, 0.0, 0.0, 0.0, 0.0, 0.0, 0.0, 0.0, 0.0, 0.0, 0.0, 0.0, 0.0, 0.0, 0.0, 0.0, 0.0, 0.0, 0.0, 0.0, 0.0, 0.0, 0.0, 0.0, 0.0, 0.0, 0.0, 0.0, 0.0, 0.0, 0.0, 0.0, 0.0, 0.0, 0.0, 0.0, 0.0, 0.0, 0.0, 0.0, 0.0, 0.0, 0.0, 0.0, 0.0, 0.0, 0.0, 0.0, 0.0, 0.0, 0.0, 0.0, 0.0, 0.0, 0.0, 0.0, 0.0, 0.0, 0.0, 0.0, 0.0, 0.0, 0.0, 0.0, 0.0, 0.0, 0.0, 0.0]
---
header: 
  seq: 6455
  stamp: 
    secs: 645
    nsecs: 600000000
  frame_id: "base_laser_link"
angle_min: -3.14159274101
angle_max: 3.14159274101
angle_increment: 0.0175019092858
time_increment: 0.0
scan_time: 0.0
range_min: 0.15000000596
range_max: 16.0
ranges: [3.549999952316284, 3.550543785095215, 3.552175998687744, 3.554898977279663, 3.5451979637145996, 3.563636302947998, 3.187559127807617, 2.851372003555298, 2.676189661026001, 2.6832187175750732, 2.6911115646362305, 2.699880361557007, 2.7095389366149902, 2.7201032638549805, 2.7315902709960938, 2.744018793106079, 2.7574093341827393, 2.771784543991089, 2.787168502807617, 2.783531904220581, 2.821070909500122, 2.839648485183716, 2.859354257583618, 2.8802237510681152, 2.9022958278656006, 2.925611734390259, 2.950216293334961, 2.9761576652526855, 3.0034873485565186, 3.0322611331939697, 3.0625386238098145, 3.09438419342041, 3.1176626682281494, 3.156045436859131, 3.1770193576812744, 3.22843599319458, 3.2615625858306885, 3.3004448413848877, 3.2941842079162598, 3.214833974838257, 3.151179552078247, 3.0926451683044434, 3.0602190494537354, 3.027702569961548, 3.0786280632019043, 3.1284356117248535, 3.1820032596588135, 3.2376363277435303, 3.2955129146575928, 3.359947443008423, 3.413215160369873, 3.516477346420288, 3.5861268043518066, 3.66755747795105, 3.7454888820648193, 3.8518903255462646, 3.962189197540283, 4.066118240356445, 4.163664817810059, 4.290487289428711, 4.423425197601318, 4.563201904296875, 4.5273284912109375, 4.482330799102783, 4.443685531616211, 4.407039642333984, 4.372321128845215, 4.3394646644592285, 4.308407783508301, 4.2790937423706055, 4.251469612121582, 4.225485801696777, 4.201096534729004, 4.17825984954834, 4.156936168670654, 4.13709020614624, 4.118688583374023, 4.101700305938721, 4.0860981941223145, 4.07185697555542, 4.058953762054443, 4.047367572784424, 4.03708028793335, 4.028076171875, 4.020340919494629, 4.013862609863281, 4.008630752563477, 4.004637718200684, 4.0018768310546875, 4.000344753265381, 4.000038146972656, 4.000957489013672, 4.003103256225586, 4.006479740142822, 4.011091232299805, 4.0169453620910645, 4.024050712585449, 4.032419204711914, 4.042062759399414, 4.05299711227417, 4.065239429473877, 4.078808784484863, 4.0937275886535645, 4.110019207000732, 4.127710819244385, 4.1468305587768555, 4.1674113273620605, 4.189486503601074, 4.213094711303711, 4.238275527954102, 4.265073776245117, 4.29353666305542, 4.323714733123779, 4.355664253234863, 4.389443874359131, 4.425117492675781, 4.462753772735596, 4.502426624298096, 4.544216156005859, 4.588206768035889, 4.634490966796875, 4.683167934417725, 4.734343528747559, 4.788132667541504, 4.844659328460693, 4.904056549072266, 4.966468334197998, 5.032050609588623, 5.100971698760986, 5.173413276672363, 5.249573707580566, 5.3296661376953125, 5.4139251708984375, 5.337525367736816, 5.232239246368408, 5.156432151794434, 5.069642066955566, 4.987226963043213, 4.908928394317627, 4.834508419036865, 4.763748645782471, 4.69644832611084, 4.632421970367432, 4.571499347686768, 4.513523101806641, 4.458347320556641, 4.405837535858154, 4.355868816375732, 4.30832576751709, 4.263101100921631, 4.220095634460449, 4.179215908050537, 4.140377044677734, 4.103498458862305, 4.068506717681885, 4.035332202911377, 4.003910541534424, 3.974182367324829, 3.946092367172241, 3.919588804244995, 3.8946239948272705, 3.8711533546447754, 3.8491358757019043, 3.828533411026001, 3.8093111515045166, 3.791436195373535, 3.7748794555664062, 3.759613037109375, 3.745612382888794, 3.7328548431396484, 3.7213196754455566, 3.710988998413086, 3.701846122741699, 3.6938769817352295, 3.6870691776275635, 3.6814117431640625, 3.676896333694458, 3.673515796661377, 3.671265125274658, 3.670140504837036, 3.670140504837036, 3.671265125274658, 3.673515796661377, 3.676896333694458, 3.6814117431640625, 3.6870691776275635, 3.6938769817352295, 3.701846122741699, 3.710988998413086, 3.7213196754455566, 3.7328548431396484, 3.745612382888794, 3.759613037109375, 3.7748794555664062, 3.791436195373535, 3.8093111515045166, 3.828533411026001, 3.8491358757019043, 3.8711533546447754, 3.8946239948272705, 3.919588804244995, 3.946092367172241, 3.974182367324829, 4.003910541534424, 4.035332202911377, 4.068506717681885, 4.103498458862305, 4.140377044677734, 4.179215908050537, 4.220095634460449, 4.263101100921631, 4.30832576751709, 4.355868816375732, 4.405837535858154, 4.458347320556641, 4.513523101806641, 4.571499347686768, 4.632421970367432, 4.69644832611084, 4.763748645782471, 4.834508419036865, 4.908928394317627, 4.987226963043213, 5.069642066955566, 5.156432151794434, 5.224981307983398, 5.3413214683532715, 5.440994739532471, 5.409611225128174, 5.407060623168945, 5.328615665435791, 5.254000663757324, 5.18301248550415, 5.115462779998779, 5.051177978515625, 4.989998817443848, 4.931776523590088, 4.876373767852783, 4.823662757873535, 4.773525714874268, 4.725852966308594, 4.680542469024658, 4.637499809265137, 4.5966362953186035, 4.557870864868164, 4.521127223968506, 4.486334323883057, 4.453426361083984, 4.422342777252197, 4.393025875091553, 4.365423679351807, 4.339487552642822, 4.315171241760254, 4.292433738708496, 4.271235942840576, 4.251542091369629, 4.2333197593688965, 4.21653938293457, 4.201173305511475, 4.187196731567383, 4.174586772918701, 4.163324356079102, 4.153391361236572, 4.144772529602051, 4.137453556060791, 4.1314239501953125, 4.126674175262451, 4.123196601867676, 4.120985984802246, 4.120039463043213, 4.120355129241943, 4.121933460235596, 4.124776840209961, 4.128889560699463, 4.134278297424316, 4.140951156616211, 4.148918628692627, 4.158193111419678, 4.168788433074951, 4.180722236633301, 4.194012641906738, 4.208681106567383, 4.2247514724731445, 4.242249011993408, 4.261202812194824, 4.281644344329834, 4.30360746383667, 4.327129364013672, 4.352250099182129, 4.379013538360596, 4.407466888427734, 4.437660217285156, 4.469648361206055, 4.503490924835205, 4.495180606842041, 4.356918811798096, 4.220245361328125, 4.116729259490967, 4.162909984588623, 4.217075347900391, 4.26254940032959, 4.308218955993652, 4.356226921081543, 4.406681537628174, 4.459701061248779, 4.515411853790283, 4.57395076751709, 4.635465621948242, 4.700117588043213, 4.7680792808532715, 4.839539527893066, 4.914702415466309, 4.993791103363037, 5.077046871185303, 5.023622035980225, 4.945307731628418, 4.863503932952881, 4.785804748535156, 4.71196985244751, 4.641778945922852, 4.575028896331787, 4.511534214019775, 4.451122283935547, 4.393634796142578, 4.338925838470459, 4.286859035491943, 4.23730993270874, 4.19016170501709, 4.1453070640563965, 4.1026458740234375, 4.0620856285095215, 4.0235395431518555, 3.9869282245635986, 3.952176570892334, 3.919215679168701, 3.8879811763763428, 3.8584132194519043, 3.830455780029297, 3.8040575981140137, 3.779170274734497, 3.755749464035034, 3.7337539196014404, 3.7131452560424805, 3.693887948989868, 3.675949811935425, 3.6593003273010254, 3.6439120769500732, 3.6297597885131836, 3.616820812225342, 3.605073928833008, 3.5945005416870117, 3.5850841999053955, 3.5768096446990967, 3.5696640014648438, 3.563636302947998, 3.5587172508239746, 3.554898977279663, 3.552175998687744, 3.550543785095215, 3.549999952316284]
intensities: [0.0, 0.0, 0.0, 0.0, 0.0, 0.0, 0.0, 0.0, 0.0, 0.0, 0.0, 0.0, 0.0, 0.0, 0.0, 0.0, 0.0, 0.0, 0.0, 0.0, 0.0, 0.0, 0.0, 0.0, 0.0, 0.0, 0.0, 0.0, 0.0, 0.0, 0.0, 0.0, 0.0, 0.0, 0.0, 0.0, 0.0, 0.0, 0.0, 0.0, 0.0, 0.0, 0.0, 0.0, 0.0, 0.0, 0.0, 0.0, 0.0, 0.0, 0.0, 0.0, 0.0, 0.0, 0.0, 0.0, 0.0, 0.0, 0.0, 0.0, 0.0, 0.0, 0.0, 0.0, 0.0, 0.0, 0.0, 0.0, 0.0, 0.0, 0.0, 0.0, 0.0, 0.0, 0.0, 0.0, 0.0, 0.0, 0.0, 0.0, 0.0, 0.0, 0.0, 0.0, 0.0, 0.0, 0.0, 0.0, 0.0, 0.0, 0.0, 0.0, 0.0, 0.0, 0.0, 0.0, 0.0, 0.0, 0.0, 0.0, 0.0, 0.0, 0.0, 0.0, 0.0, 0.0, 0.0, 0.0, 0.0, 0.0, 0.0, 0.0, 0.0, 0.0, 0.0, 0.0, 0.0, 0.0, 0.0, 0.0, 0.0, 0.0, 0.0, 0.0, 0.0, 0.0, 0.0, 0.0, 0.0, 0.0, 0.0, 0.0, 0.0, 0.0, 0.0, 0.0, 0.0, 0.0, 0.0, 0.0, 0.0, 0.0, 0.0, 0.0, 0.0, 0.0, 0.0, 0.0, 0.0, 0.0, 0.0, 0.0, 0.0, 0.0, 0.0, 0.0, 0.0, 0.0, 0.0, 0.0, 0.0, 0.0, 0.0, 0.0, 0.0, 0.0, 0.0, 0.0, 0.0, 0.0, 0.0, 0.0, 0.0, 0.0, 0.0, 0.0, 0.0, 0.0, 0.0, 0.0, 0.0, 0.0, 0.0, 0.0, 0.0, 0.0, 0.0, 0.0, 0.0, 0.0, 0.0, 0.0, 0.0, 0.0, 0.0, 0.0, 0.0, 0.0, 0.0, 0.0, 0.0, 0.0, 0.0, 0.0, 0.0, 0.0, 0.0, 0.0, 0.0, 0.0, 0.0, 0.0, 0.0, 0.0, 0.0, 0.0, 0.0, 0.0, 0.0, 0.0, 0.0, 0.0, 0.0, 0.0, 0.0, 0.0, 0.0, 0.0, 0.0, 0.0, 0.0, 0.0, 0.0, 0.0, 0.0, 0.0, 0.0, 0.0, 0.0, 0.0, 0.0, 0.0, 0.0, 0.0, 0.0, 0.0, 0.0, 0.0, 0.0, 0.0, 0.0, 0.0, 0.0, 0.0, 0.0, 0.0, 0.0, 0.0, 0.0, 0.0, 0.0, 0.0, 0.0, 0.0, 0.0, 0.0, 0.0, 0.0, 0.0, 0.0, 0.0, 0.0, 0.0, 0.0, 0.0, 0.0, 0.0, 0.0, 0.0, 0.0, 0.0, 0.0, 0.0, 0.0, 0.0, 0.0, 0.0, 0.0, 0.0, 0.0, 0.0, 0.0, 0.0, 0.0, 0.0, 0.0, 0.0, 0.0, 0.0, 0.0, 0.0, 0.0, 0.0, 0.0, 0.0, 0.0, 0.0, 0.0, 0.0, 0.0, 0.0, 0.0, 0.0, 0.0, 0.0, 0.0, 0.0, 0.0, 0.0, 0.0, 0.0, 0.0, 0.0, 0.0, 0.0, 0.0, 0.0, 0.0, 0.0, 0.0, 0.0, 0.0, 0.0, 0.0, 0.0, 0.0, 0.0, 0.0, 0.0, 0.0, 0.0, 0.0, 0.0, 0.0, 0.0, 0.0, 0.0, 0.0, 0.0, 0.0, 0.0, 0.0, 0.0, 0.0, 0.0, 0.0, 0.0, 0.0, 0.0, 0.0]
---
header: 
  seq: 6456
  stamp: 
    secs: 645
    nsecs: 700000000
  frame_id: "base_laser_link"
angle_min: -3.14159274101
angle_max: 3.14159274101
angle_increment: 0.0175019092858
time_increment: 0.0
scan_time: 0.0
range_min: 0.15000000596
range_max: 16.0
ranges: [3.549999952316284, 3.550543785095215, 3.552175998687744, 3.554898977279663, 3.5451979637145996, 3.563636302947998, 3.187559127807617, 2.851372003555298, 2.676189661026001, 2.6832187175750732, 2.6911115646362305, 2.699880361557007, 2.7095389366149902, 2.7201032638549805, 2.7315902709960938, 2.744018793106079, 2.7574093341827393, 2.771784543991089, 2.787168502807617, 2.783531904220581, 2.821070909500122, 2.839648485183716, 2.859354257583618, 2.8802237510681152, 2.9022958278656006, 2.925611734390259, 2.950216293334961, 2.9761576652526855, 3.0034873485565186, 3.0322611331939697, 3.0625386238098145, 3.09438419342041, 3.1176626682281494, 3.156045436859131, 3.1770193576812744, 3.22843599319458, 3.2615625858306885, 3.3004448413848877, 3.2941842079162598, 3.214833974838257, 3.151179552078247, 3.0926451683044434, 3.0602190494537354, 3.027702569961548, 3.0786280632019043, 3.1284356117248535, 3.1820032596588135, 3.2376363277435303, 3.2955129146575928, 3.359947443008423, 3.413215160369873, 3.516477346420288, 3.5861268043518066, 3.66755747795105, 3.7454888820648193, 3.8518903255462646, 3.962189197540283, 4.066118240356445, 4.163664817810059, 4.290487289428711, 4.423425197601318, 4.563201904296875, 4.5273284912109375, 4.482330799102783, 4.443685531616211, 4.407039642333984, 4.372321128845215, 4.3394646644592285, 4.308407783508301, 4.2790937423706055, 4.251469612121582, 4.225485801696777, 4.201096534729004, 4.17825984954834, 4.156936168670654, 4.13709020614624, 4.118688583374023, 4.101700305938721, 4.0860981941223145, 4.07185697555542, 4.058953762054443, 4.047367572784424, 4.03708028793335, 4.028076171875, 4.020340919494629, 4.013862609863281, 4.008630752563477, 4.004637718200684, 4.0018768310546875, 4.000344753265381, 4.000038146972656, 4.000957489013672, 4.003103256225586, 4.006479740142822, 4.011091232299805, 4.0169453620910645, 4.024050712585449, 4.032419204711914, 4.042062759399414, 4.05299711227417, 4.065239429473877, 4.078808784484863, 4.0937275886535645, 4.110019207000732, 4.127710819244385, 4.1468305587768555, 4.1674113273620605, 4.189486503601074, 4.213094711303711, 4.238275527954102, 4.265073776245117, 4.29353666305542, 4.323714733123779, 4.355664253234863, 4.389443874359131, 4.425117492675781, 4.462753772735596, 4.502426624298096, 4.544216156005859, 4.588206768035889, 4.634490966796875, 4.683167934417725, 4.734343528747559, 4.788132667541504, 4.844659328460693, 4.904056549072266, 4.966468334197998, 5.032050609588623, 5.100971698760986, 5.173413276672363, 5.249573707580566, 5.3296661376953125, 5.4139251708984375, 5.337525367736816, 5.232239246368408, 5.156432151794434, 5.069642066955566, 4.987226963043213, 4.908928394317627, 4.834508419036865, 4.763748645782471, 4.69644832611084, 4.632421970367432, 4.571499347686768, 4.513523101806641, 4.458347320556641, 4.405837535858154, 4.355868816375732, 4.30832576751709, 4.263101100921631, 4.220095634460449, 4.179215908050537, 4.140377044677734, 4.103498458862305, 4.068506717681885, 4.035332202911377, 4.003910541534424, 3.974182367324829, 3.946092367172241, 3.919588804244995, 3.8946239948272705, 3.8711533546447754, 3.8491358757019043, 3.828533411026001, 3.8093111515045166, 3.791436195373535, 3.7748794555664062, 3.759613037109375, 3.745612382888794, 3.7328548431396484, 3.7213196754455566, 3.710988998413086, 3.701846122741699, 3.6938769817352295, 3.6870691776275635, 3.6814117431640625, 3.676896333694458, 3.673515796661377, 3.671265125274658, 3.670140504837036, 3.670140504837036, 3.671265125274658, 3.673515796661377, 3.676896333694458, 3.6814117431640625, 3.6870691776275635, 3.6938769817352295, 3.701846122741699, 3.710988998413086, 3.7213196754455566, 3.7328548431396484, 3.745612382888794, 3.759613037109375, 3.7748794555664062, 3.791436195373535, 3.8093111515045166, 3.828533411026001, 3.8491358757019043, 3.8711533546447754, 3.8946239948272705, 3.919588804244995, 3.946092367172241, 3.974182367324829, 4.003910541534424, 4.035332202911377, 4.068506717681885, 4.103498458862305, 4.140377044677734, 4.179215908050537, 4.220095634460449, 4.263101100921631, 4.30832576751709, 4.355868816375732, 4.405837535858154, 4.458347320556641, 4.513523101806641, 4.571499347686768, 4.632421970367432, 4.69644832611084, 4.763748645782471, 4.834508419036865, 4.908928394317627, 4.987226963043213, 5.069642066955566, 5.156432151794434, 5.224981307983398, 5.3413214683532715, 5.440994739532471, 5.409611225128174, 5.407060623168945, 5.328615665435791, 5.254000663757324, 5.18301248550415, 5.115462779998779, 5.051177978515625, 4.989998817443848, 4.931776523590088, 4.876373767852783, 4.823662757873535, 4.773525714874268, 4.725852966308594, 4.680542469024658, 4.637499809265137, 4.5966362953186035, 4.557870864868164, 4.521127223968506, 4.486334323883057, 4.453426361083984, 4.422342777252197, 4.393025875091553, 4.365423679351807, 4.339487552642822, 4.315171241760254, 4.292433738708496, 4.271235942840576, 4.251542091369629, 4.2333197593688965, 4.21653938293457, 4.201173305511475, 4.187196731567383, 4.174586772918701, 4.163324356079102, 4.153391361236572, 4.144772529602051, 4.137453556060791, 4.1314239501953125, 4.126674175262451, 4.123196601867676, 4.120985984802246, 4.120039463043213, 4.120355129241943, 4.121933460235596, 4.124776840209961, 4.128889560699463, 4.134278297424316, 4.140951156616211, 4.148918628692627, 4.158193111419678, 4.168788433074951, 4.180722236633301, 4.194012641906738, 4.208681106567383, 4.2247514724731445, 4.242249011993408, 4.261202812194824, 4.281644344329834, 4.30360746383667, 4.327129364013672, 4.352250099182129, 4.379013538360596, 4.407466888427734, 4.437660217285156, 4.469648361206055, 4.503490924835205, 4.495180606842041, 4.356918811798096, 4.220245361328125, 4.116729259490967, 4.162909984588623, 4.217075347900391, 4.26254940032959, 4.308218955993652, 4.356226921081543, 4.406681537628174, 4.459701061248779, 4.515411853790283, 4.57395076751709, 4.635465621948242, 4.700117588043213, 4.7680792808532715, 4.839539527893066, 4.914702415466309, 4.993791103363037, 5.077046871185303, 5.023622035980225, 4.945307731628418, 4.863503932952881, 4.785804748535156, 4.71196985244751, 4.641778945922852, 4.575028896331787, 4.511534214019775, 4.451122283935547, 4.393634796142578, 4.338925838470459, 4.286859035491943, 4.23730993270874, 4.19016170501709, 4.1453070640563965, 4.1026458740234375, 4.0620856285095215, 4.0235395431518555, 3.9869282245635986, 3.952176570892334, 3.919215679168701, 3.8879811763763428, 3.8584132194519043, 3.830455780029297, 3.8040575981140137, 3.779170274734497, 3.755749464035034, 3.7337539196014404, 3.7131452560424805, 3.693887948989868, 3.675949811935425, 3.6593003273010254, 3.6439120769500732, 3.6297597885131836, 3.616820812225342, 3.605073928833008, 3.5945005416870117, 3.5850841999053955, 3.5768096446990967, 3.5696640014648438, 3.563636302947998, 3.5587172508239746, 3.554898977279663, 3.552175998687744, 3.550543785095215, 3.549999952316284]
intensities: [0.0, 0.0, 0.0, 0.0, 0.0, 0.0, 0.0, 0.0, 0.0, 0.0, 0.0, 0.0, 0.0, 0.0, 0.0, 0.0, 0.0, 0.0, 0.0, 0.0, 0.0, 0.0, 0.0, 0.0, 0.0, 0.0, 0.0, 0.0, 0.0, 0.0, 0.0, 0.0, 0.0, 0.0, 0.0, 0.0, 0.0, 0.0, 0.0, 0.0, 0.0, 0.0, 0.0, 0.0, 0.0, 0.0, 0.0, 0.0, 0.0, 0.0, 0.0, 0.0, 0.0, 0.0, 0.0, 0.0, 0.0, 0.0, 0.0, 0.0, 0.0, 0.0, 0.0, 0.0, 0.0, 0.0, 0.0, 0.0, 0.0, 0.0, 0.0, 0.0, 0.0, 0.0, 0.0, 0.0, 0.0, 0.0, 0.0, 0.0, 0.0, 0.0, 0.0, 0.0, 0.0, 0.0, 0.0, 0.0, 0.0, 0.0, 0.0, 0.0, 0.0, 0.0, 0.0, 0.0, 0.0, 0.0, 0.0, 0.0, 0.0, 0.0, 0.0, 0.0, 0.0, 0.0, 0.0, 0.0, 0.0, 0.0, 0.0, 0.0, 0.0, 0.0, 0.0, 0.0, 0.0, 0.0, 0.0, 0.0, 0.0, 0.0, 0.0, 0.0, 0.0, 0.0, 0.0, 0.0, 0.0, 0.0, 0.0, 0.0, 0.0, 0.0, 0.0, 0.0, 0.0, 0.0, 0.0, 0.0, 0.0, 0.0, 0.0, 0.0, 0.0, 0.0, 0.0, 0.0, 0.0, 0.0, 0.0, 0.0, 0.0, 0.0, 0.0, 0.0, 0.0, 0.0, 0.0, 0.0, 0.0, 0.0, 0.0, 0.0, 0.0, 0.0, 0.0, 0.0, 0.0, 0.0, 0.0, 0.0, 0.0, 0.0, 0.0, 0.0, 0.0, 0.0, 0.0, 0.0, 0.0, 0.0, 0.0, 0.0, 0.0, 0.0, 0.0, 0.0, 0.0, 0.0, 0.0, 0.0, 0.0, 0.0, 0.0, 0.0, 0.0, 0.0, 0.0, 0.0, 0.0, 0.0, 0.0, 0.0, 0.0, 0.0, 0.0, 0.0, 0.0, 0.0, 0.0, 0.0, 0.0, 0.0, 0.0, 0.0, 0.0, 0.0, 0.0, 0.0, 0.0, 0.0, 0.0, 0.0, 0.0, 0.0, 0.0, 0.0, 0.0, 0.0, 0.0, 0.0, 0.0, 0.0, 0.0, 0.0, 0.0, 0.0, 0.0, 0.0, 0.0, 0.0, 0.0, 0.0, 0.0, 0.0, 0.0, 0.0, 0.0, 0.0, 0.0, 0.0, 0.0, 0.0, 0.0, 0.0, 0.0, 0.0, 0.0, 0.0, 0.0, 0.0, 0.0, 0.0, 0.0, 0.0, 0.0, 0.0, 0.0, 0.0, 0.0, 0.0, 0.0, 0.0, 0.0, 0.0, 0.0, 0.0, 0.0, 0.0, 0.0, 0.0, 0.0, 0.0, 0.0, 0.0, 0.0, 0.0, 0.0, 0.0, 0.0, 0.0, 0.0, 0.0, 0.0, 0.0, 0.0, 0.0, 0.0, 0.0, 0.0, 0.0, 0.0, 0.0, 0.0, 0.0, 0.0, 0.0, 0.0, 0.0, 0.0, 0.0, 0.0, 0.0, 0.0, 0.0, 0.0, 0.0, 0.0, 0.0, 0.0, 0.0, 0.0, 0.0, 0.0, 0.0, 0.0, 0.0, 0.0, 0.0, 0.0, 0.0, 0.0, 0.0, 0.0, 0.0, 0.0, 0.0, 0.0, 0.0, 0.0, 0.0, 0.0, 0.0, 0.0, 0.0, 0.0, 0.0, 0.0, 0.0, 0.0, 0.0, 0.0, 0.0, 0.0, 0.0, 0.0, 0.0, 0.0, 0.0]
---
header: 
  seq: 6457
  stamp: 
    secs: 645
    nsecs: 800000000
  frame_id: "base_laser_link"
angle_min: -3.14159274101
angle_max: 3.14159274101
angle_increment: 0.0175019092858
time_increment: 0.0
scan_time: 0.0
range_min: 0.15000000596
range_max: 16.0
ranges: [3.549999952316284, 3.550543785095215, 3.552175998687744, 3.554898977279663, 3.5451979637145996, 3.563636302947998, 3.187559127807617, 2.851372003555298, 2.676189661026001, 2.6832187175750732, 2.6911115646362305, 2.699880361557007, 2.7095389366149902, 2.7201032638549805, 2.7315902709960938, 2.744018793106079, 2.7574093341827393, 2.771784543991089, 2.787168502807617, 2.783531904220581, 2.821070909500122, 2.839648485183716, 2.859354257583618, 2.8802237510681152, 2.9022958278656006, 2.925611734390259, 2.950216293334961, 2.9761576652526855, 3.0034873485565186, 3.0322611331939697, 3.0625386238098145, 3.09438419342041, 3.1176626682281494, 3.156045436859131, 3.1770193576812744, 3.22843599319458, 3.2615625858306885, 3.3004448413848877, 3.2941842079162598, 3.214833974838257, 3.151179552078247, 3.0926451683044434, 3.0602190494537354, 3.027702569961548, 3.0786280632019043, 3.1284356117248535, 3.1820032596588135, 3.2376363277435303, 3.2955129146575928, 3.359947443008423, 3.413215160369873, 3.516477346420288, 3.5861268043518066, 3.66755747795105, 3.7454888820648193, 3.8518903255462646, 3.962189197540283, 4.066118240356445, 4.163664817810059, 4.290487289428711, 4.423425197601318, 4.563201904296875, 4.5273284912109375, 4.482330799102783, 4.443685531616211, 4.407039642333984, 4.372321128845215, 4.3394646644592285, 4.308407783508301, 4.2790937423706055, 4.251469612121582, 4.225485801696777, 4.201096534729004, 4.17825984954834, 4.156936168670654, 4.13709020614624, 4.118688583374023, 4.101700305938721, 4.0860981941223145, 4.07185697555542, 4.058953762054443, 4.047367572784424, 4.03708028793335, 4.028076171875, 4.020340919494629, 4.013862609863281, 4.008630752563477, 4.004637718200684, 4.0018768310546875, 4.000344753265381, 4.000038146972656, 4.000957489013672, 4.003103256225586, 4.006479740142822, 4.011091232299805, 4.0169453620910645, 4.024050712585449, 4.032419204711914, 4.042062759399414, 4.05299711227417, 4.065239429473877, 4.078808784484863, 4.0937275886535645, 4.110019207000732, 4.127710819244385, 4.1468305587768555, 4.1674113273620605, 4.189486503601074, 4.213094711303711, 4.238275527954102, 4.265073776245117, 4.29353666305542, 4.323714733123779, 4.355664253234863, 4.389443874359131, 4.425117492675781, 4.462753772735596, 4.502426624298096, 4.544216156005859, 4.588206768035889, 4.634490966796875, 4.683167934417725, 4.734343528747559, 4.788132667541504, 4.844659328460693, 4.904056549072266, 4.966468334197998, 5.032050609588623, 5.100971698760986, 5.173413276672363, 5.249573707580566, 5.3296661376953125, 5.4139251708984375, 5.337525367736816, 5.232239246368408, 5.156432151794434, 5.069642066955566, 4.987226963043213, 4.908928394317627, 4.834508419036865, 4.763748645782471, 4.69644832611084, 4.632421970367432, 4.571499347686768, 4.513523101806641, 4.458347320556641, 4.405837535858154, 4.355868816375732, 4.30832576751709, 4.263101100921631, 4.220095634460449, 4.179215908050537, 4.140377044677734, 4.103498458862305, 4.068506717681885, 4.035332202911377, 4.003910541534424, 3.974182367324829, 3.946092367172241, 3.919588804244995, 3.8946239948272705, 3.8711533546447754, 3.8491358757019043, 3.828533411026001, 3.8093111515045166, 3.791436195373535, 3.7748794555664062, 3.759613037109375, 3.745612382888794, 3.7328548431396484, 3.7213196754455566, 3.710988998413086, 3.701846122741699, 3.6938769817352295, 3.6870691776275635, 3.6814117431640625, 3.676896333694458, 3.673515796661377, 3.671265125274658, 3.670140504837036, 3.670140504837036, 3.671265125274658, 3.673515796661377, 3.676896333694458, 3.6814117431640625, 3.6870691776275635, 3.6938769817352295, 3.701846122741699, 3.710988998413086, 3.7213196754455566, 3.7328548431396484, 3.745612382888794, 3.759613037109375, 3.7748794555664062, 3.791436195373535, 3.8093111515045166, 3.828533411026001, 3.8491358757019043, 3.8711533546447754, 3.8946239948272705, 3.919588804244995, 3.946092367172241, 3.974182367324829, 4.003910541534424, 4.035332202911377, 4.068506717681885, 4.103498458862305, 4.140377044677734, 4.179215908050537, 4.220095634460449, 4.263101100921631, 4.30832576751709, 4.355868816375732, 4.405837535858154, 4.458347320556641, 4.513523101806641, 4.571499347686768, 4.632421970367432, 4.69644832611084, 4.763748645782471, 4.834508419036865, 4.908928394317627, 4.987226963043213, 5.069642066955566, 5.156432151794434, 5.224981307983398, 5.3413214683532715, 5.440994739532471, 5.409611225128174, 5.407060623168945, 5.328615665435791, 5.254000663757324, 5.18301248550415, 5.115462779998779, 5.051177978515625, 4.989998817443848, 4.931776523590088, 4.876373767852783, 4.823662757873535, 4.773525714874268, 4.725852966308594, 4.680542469024658, 4.637499809265137, 4.5966362953186035, 4.557870864868164, 4.521127223968506, 4.486334323883057, 4.453426361083984, 4.422342777252197, 4.393025875091553, 4.365423679351807, 4.339487552642822, 4.315171241760254, 4.292433738708496, 4.271235942840576, 4.251542091369629, 4.2333197593688965, 4.21653938293457, 4.201173305511475, 4.187196731567383, 4.174586772918701, 4.163324356079102, 4.153391361236572, 4.144772529602051, 4.137453556060791, 4.1314239501953125, 4.126674175262451, 4.123196601867676, 4.120985984802246, 4.120039463043213, 4.120355129241943, 4.121933460235596, 4.124776840209961, 4.128889560699463, 4.134278297424316, 4.140951156616211, 4.148918628692627, 4.158193111419678, 4.168788433074951, 4.180722236633301, 4.194012641906738, 4.208681106567383, 4.2247514724731445, 4.242249011993408, 4.261202812194824, 4.281644344329834, 4.30360746383667, 4.327129364013672, 4.352250099182129, 4.379013538360596, 4.407466888427734, 4.437660217285156, 4.469648361206055, 4.503490924835205, 4.495180606842041, 4.356918811798096, 4.220245361328125, 4.116729259490967, 4.162909984588623, 4.217075347900391, 4.26254940032959, 4.308218955993652, 4.356226921081543, 4.406681537628174, 4.459701061248779, 4.515411853790283, 4.57395076751709, 4.635465621948242, 4.700117588043213, 4.7680792808532715, 4.839539527893066, 4.914702415466309, 4.993791103363037, 5.077046871185303, 5.023622035980225, 4.945307731628418, 4.863503932952881, 4.785804748535156, 4.71196985244751, 4.641778945922852, 4.575028896331787, 4.511534214019775, 4.451122283935547, 4.393634796142578, 4.338925838470459, 4.286859035491943, 4.23730993270874, 4.19016170501709, 4.1453070640563965, 4.1026458740234375, 4.0620856285095215, 4.0235395431518555, 3.9869282245635986, 3.952176570892334, 3.919215679168701, 3.8879811763763428, 3.8584132194519043, 3.830455780029297, 3.8040575981140137, 3.779170274734497, 3.755749464035034, 3.7337539196014404, 3.7131452560424805, 3.693887948989868, 3.675949811935425, 3.6593003273010254, 3.6439120769500732, 3.6297597885131836, 3.616820812225342, 3.605073928833008, 3.5945005416870117, 3.5850841999053955, 3.5768096446990967, 3.5696640014648438, 3.563636302947998, 3.5587172508239746, 3.554898977279663, 3.552175998687744, 3.550543785095215, 3.549999952316284]
intensities: [0.0, 0.0, 0.0, 0.0, 0.0, 0.0, 0.0, 0.0, 0.0, 0.0, 0.0, 0.0, 0.0, 0.0, 0.0, 0.0, 0.0, 0.0, 0.0, 0.0, 0.0, 0.0, 0.0, 0.0, 0.0, 0.0, 0.0, 0.0, 0.0, 0.0, 0.0, 0.0, 0.0, 0.0, 0.0, 0.0, 0.0, 0.0, 0.0, 0.0, 0.0, 0.0, 0.0, 0.0, 0.0, 0.0, 0.0, 0.0, 0.0, 0.0, 0.0, 0.0, 0.0, 0.0, 0.0, 0.0, 0.0, 0.0, 0.0, 0.0, 0.0, 0.0, 0.0, 0.0, 0.0, 0.0, 0.0, 0.0, 0.0, 0.0, 0.0, 0.0, 0.0, 0.0, 0.0, 0.0, 0.0, 0.0, 0.0, 0.0, 0.0, 0.0, 0.0, 0.0, 0.0, 0.0, 0.0, 0.0, 0.0, 0.0, 0.0, 0.0, 0.0, 0.0, 0.0, 0.0, 0.0, 0.0, 0.0, 0.0, 0.0, 0.0, 0.0, 0.0, 0.0, 0.0, 0.0, 0.0, 0.0, 0.0, 0.0, 0.0, 0.0, 0.0, 0.0, 0.0, 0.0, 0.0, 0.0, 0.0, 0.0, 0.0, 0.0, 0.0, 0.0, 0.0, 0.0, 0.0, 0.0, 0.0, 0.0, 0.0, 0.0, 0.0, 0.0, 0.0, 0.0, 0.0, 0.0, 0.0, 0.0, 0.0, 0.0, 0.0, 0.0, 0.0, 0.0, 0.0, 0.0, 0.0, 0.0, 0.0, 0.0, 0.0, 0.0, 0.0, 0.0, 0.0, 0.0, 0.0, 0.0, 0.0, 0.0, 0.0, 0.0, 0.0, 0.0, 0.0, 0.0, 0.0, 0.0, 0.0, 0.0, 0.0, 0.0, 0.0, 0.0, 0.0, 0.0, 0.0, 0.0, 0.0, 0.0, 0.0, 0.0, 0.0, 0.0, 0.0, 0.0, 0.0, 0.0, 0.0, 0.0, 0.0, 0.0, 0.0, 0.0, 0.0, 0.0, 0.0, 0.0, 0.0, 0.0, 0.0, 0.0, 0.0, 0.0, 0.0, 0.0, 0.0, 0.0, 0.0, 0.0, 0.0, 0.0, 0.0, 0.0, 0.0, 0.0, 0.0, 0.0, 0.0, 0.0, 0.0, 0.0, 0.0, 0.0, 0.0, 0.0, 0.0, 0.0, 0.0, 0.0, 0.0, 0.0, 0.0, 0.0, 0.0, 0.0, 0.0, 0.0, 0.0, 0.0, 0.0, 0.0, 0.0, 0.0, 0.0, 0.0, 0.0, 0.0, 0.0, 0.0, 0.0, 0.0, 0.0, 0.0, 0.0, 0.0, 0.0, 0.0, 0.0, 0.0, 0.0, 0.0, 0.0, 0.0, 0.0, 0.0, 0.0, 0.0, 0.0, 0.0, 0.0, 0.0, 0.0, 0.0, 0.0, 0.0, 0.0, 0.0, 0.0, 0.0, 0.0, 0.0, 0.0, 0.0, 0.0, 0.0, 0.0, 0.0, 0.0, 0.0, 0.0, 0.0, 0.0, 0.0, 0.0, 0.0, 0.0, 0.0, 0.0, 0.0, 0.0, 0.0, 0.0, 0.0, 0.0, 0.0, 0.0, 0.0, 0.0, 0.0, 0.0, 0.0, 0.0, 0.0, 0.0, 0.0, 0.0, 0.0, 0.0, 0.0, 0.0, 0.0, 0.0, 0.0, 0.0, 0.0, 0.0, 0.0, 0.0, 0.0, 0.0, 0.0, 0.0, 0.0, 0.0, 0.0, 0.0, 0.0, 0.0, 0.0, 0.0, 0.0, 0.0, 0.0, 0.0, 0.0, 0.0, 0.0, 0.0, 0.0, 0.0, 0.0, 0.0, 0.0, 0.0, 0.0, 0.0]
---
header: 
  seq: 6458
  stamp: 
    secs: 645
    nsecs: 900000000
  frame_id: "base_laser_link"
angle_min: -3.14159274101
angle_max: 3.14159274101
angle_increment: 0.0175019092858
time_increment: 0.0
scan_time: 0.0
range_min: 0.15000000596
range_max: 16.0
ranges: [3.549999952316284, 3.550543785095215, 3.552175998687744, 3.554898977279663, 3.5451979637145996, 3.563636302947998, 3.187559127807617, 2.851372003555298, 2.676189661026001, 2.6832187175750732, 2.6911115646362305, 2.699880361557007, 2.7095389366149902, 2.7201032638549805, 2.7315902709960938, 2.744018793106079, 2.7574093341827393, 2.771784543991089, 2.787168502807617, 2.783531904220581, 2.821070909500122, 2.839648485183716, 2.859354257583618, 2.8802237510681152, 2.9022958278656006, 2.925611734390259, 2.950216293334961, 2.9761576652526855, 3.0034873485565186, 3.0322611331939697, 3.0625386238098145, 3.09438419342041, 3.1176626682281494, 3.156045436859131, 3.1770193576812744, 3.22843599319458, 3.2615625858306885, 3.3004448413848877, 3.2941842079162598, 3.214833974838257, 3.151179552078247, 3.0926451683044434, 3.0602190494537354, 3.027702569961548, 3.0786280632019043, 3.1284356117248535, 3.1820032596588135, 3.2376363277435303, 3.2955129146575928, 3.359947443008423, 3.413215160369873, 3.516477346420288, 3.5861268043518066, 3.66755747795105, 3.7454888820648193, 3.8518903255462646, 3.962189197540283, 4.066118240356445, 4.163664817810059, 4.290487289428711, 4.423425197601318, 4.563201904296875, 4.5273284912109375, 4.482330799102783, 4.443685531616211, 4.407039642333984, 4.372321128845215, 4.3394646644592285, 4.308407783508301, 4.2790937423706055, 4.251469612121582, 4.225485801696777, 4.201096534729004, 4.17825984954834, 4.156936168670654, 4.13709020614624, 4.118688583374023, 4.101700305938721, 4.0860981941223145, 4.07185697555542, 4.058953762054443, 4.047367572784424, 4.03708028793335, 4.028076171875, 4.020340919494629, 4.013862609863281, 4.008630752563477, 4.004637718200684, 4.0018768310546875, 4.000344753265381, 4.000038146972656, 4.000957489013672, 4.003103256225586, 4.006479740142822, 4.011091232299805, 4.0169453620910645, 4.024050712585449, 4.032419204711914, 4.042062759399414, 4.05299711227417, 4.065239429473877, 4.078808784484863, 4.0937275886535645, 4.110019207000732, 4.127710819244385, 4.1468305587768555, 4.1674113273620605, 4.189486503601074, 4.213094711303711, 4.238275527954102, 4.265073776245117, 4.29353666305542, 4.323714733123779, 4.355664253234863, 4.389443874359131, 4.425117492675781, 4.462753772735596, 4.502426624298096, 4.544216156005859, 4.588206768035889, 4.634490966796875, 4.683167934417725, 4.734343528747559, 4.788132667541504, 4.844659328460693, 4.904056549072266, 4.966468334197998, 5.032050609588623, 5.100971698760986, 5.173413276672363, 5.249573707580566, 5.3296661376953125, 5.4139251708984375, 5.337525367736816, 5.232239246368408, 5.156432151794434, 5.069642066955566, 4.987226963043213, 4.908928394317627, 4.834508419036865, 4.763748645782471, 4.69644832611084, 4.632421970367432, 4.571499347686768, 4.513523101806641, 4.458347320556641, 4.405837535858154, 4.355868816375732, 4.30832576751709, 4.263101100921631, 4.220095634460449, 4.179215908050537, 4.140377044677734, 4.103498458862305, 4.068506717681885, 4.035332202911377, 4.003910541534424, 3.974182367324829, 3.946092367172241, 3.919588804244995, 3.8946239948272705, 3.8711533546447754, 3.8491358757019043, 3.828533411026001, 3.8093111515045166, 3.791436195373535, 3.7748794555664062, 3.759613037109375, 3.745612382888794, 3.7328548431396484, 3.7213196754455566, 3.710988998413086, 3.701846122741699, 3.6938769817352295, 3.6870691776275635, 3.6814117431640625, 3.676896333694458, 3.673515796661377, 3.671265125274658, 3.670140504837036, 3.670140504837036, 3.671265125274658, 3.673515796661377, 3.676896333694458, 3.6814117431640625, 3.6870691776275635, 3.6938769817352295, 3.701846122741699, 3.710988998413086, 3.7213196754455566, 3.7328548431396484, 3.745612382888794, 3.759613037109375, 3.7748794555664062, 3.791436195373535, 3.8093111515045166, 3.828533411026001, 3.8491358757019043, 3.8711533546447754, 3.8946239948272705, 3.919588804244995, 3.946092367172241, 3.974182367324829, 4.003910541534424, 4.035332202911377, 4.068506717681885, 4.103498458862305, 4.140377044677734, 4.179215908050537, 4.220095634460449, 4.263101100921631, 4.30832576751709, 4.355868816375732, 4.405837535858154, 4.458347320556641, 4.513523101806641, 4.571499347686768, 4.632421970367432, 4.69644832611084, 4.763748645782471, 4.834508419036865, 4.908928394317627, 4.987226963043213, 5.069642066955566, 5.156432151794434, 5.224981307983398, 5.3413214683532715, 5.440994739532471, 5.409611225128174, 5.407060623168945, 5.328615665435791, 5.254000663757324, 5.18301248550415, 5.115462779998779, 5.051177978515625, 4.989998817443848, 4.931776523590088, 4.876373767852783, 4.823662757873535, 4.773525714874268, 4.725852966308594, 4.680542469024658, 4.637499809265137, 4.5966362953186035, 4.557870864868164, 4.521127223968506, 4.486334323883057, 4.453426361083984, 4.422342777252197, 4.393025875091553, 4.365423679351807, 4.339487552642822, 4.315171241760254, 4.292433738708496, 4.271235942840576, 4.251542091369629, 4.2333197593688965, 4.21653938293457, 4.201173305511475, 4.187196731567383, 4.174586772918701, 4.163324356079102, 4.153391361236572, 4.144772529602051, 4.137453556060791, 4.1314239501953125, 4.126674175262451, 4.123196601867676, 4.120985984802246, 4.120039463043213, 4.120355129241943, 4.121933460235596, 4.124776840209961, 4.128889560699463, 4.134278297424316, 4.140951156616211, 4.148918628692627, 4.158193111419678, 4.168788433074951, 4.180722236633301, 4.194012641906738, 4.208681106567383, 4.2247514724731445, 4.242249011993408, 4.261202812194824, 4.281644344329834, 4.30360746383667, 4.327129364013672, 4.352250099182129, 4.379013538360596, 4.407466888427734, 4.437660217285156, 4.469648361206055, 4.503490924835205, 4.495180606842041, 4.356918811798096, 4.220245361328125, 4.116729259490967, 4.162909984588623, 4.217075347900391, 4.26254940032959, 4.308218955993652, 4.356226921081543, 4.406681537628174, 4.459701061248779, 4.515411853790283, 4.57395076751709, 4.635465621948242, 4.700117588043213, 4.7680792808532715, 4.839539527893066, 4.914702415466309, 4.993791103363037, 5.077046871185303, 5.023622035980225, 4.945307731628418, 4.863503932952881, 4.785804748535156, 4.71196985244751, 4.641778945922852, 4.575028896331787, 4.511534214019775, 4.451122283935547, 4.393634796142578, 4.338925838470459, 4.286859035491943, 4.23730993270874, 4.19016170501709, 4.1453070640563965, 4.1026458740234375, 4.0620856285095215, 4.0235395431518555, 3.9869282245635986, 3.952176570892334, 3.919215679168701, 3.8879811763763428, 3.8584132194519043, 3.830455780029297, 3.8040575981140137, 3.779170274734497, 3.755749464035034, 3.7337539196014404, 3.7131452560424805, 3.693887948989868, 3.675949811935425, 3.6593003273010254, 3.6439120769500732, 3.6297597885131836, 3.616820812225342, 3.605073928833008, 3.5945005416870117, 3.5850841999053955, 3.5768096446990967, 3.5696640014648438, 3.563636302947998, 3.5587172508239746, 3.554898977279663, 3.552175998687744, 3.550543785095215, 3.549999952316284]
intensities: [0.0, 0.0, 0.0, 0.0, 0.0, 0.0, 0.0, 0.0, 0.0, 0.0, 0.0, 0.0, 0.0, 0.0, 0.0, 0.0, 0.0, 0.0, 0.0, 0.0, 0.0, 0.0, 0.0, 0.0, 0.0, 0.0, 0.0, 0.0, 0.0, 0.0, 0.0, 0.0, 0.0, 0.0, 0.0, 0.0, 0.0, 0.0, 0.0, 0.0, 0.0, 0.0, 0.0, 0.0, 0.0, 0.0, 0.0, 0.0, 0.0, 0.0, 0.0, 0.0, 0.0, 0.0, 0.0, 0.0, 0.0, 0.0, 0.0, 0.0, 0.0, 0.0, 0.0, 0.0, 0.0, 0.0, 0.0, 0.0, 0.0, 0.0, 0.0, 0.0, 0.0, 0.0, 0.0, 0.0, 0.0, 0.0, 0.0, 0.0, 0.0, 0.0, 0.0, 0.0, 0.0, 0.0, 0.0, 0.0, 0.0, 0.0, 0.0, 0.0, 0.0, 0.0, 0.0, 0.0, 0.0, 0.0, 0.0, 0.0, 0.0, 0.0, 0.0, 0.0, 0.0, 0.0, 0.0, 0.0, 0.0, 0.0, 0.0, 0.0, 0.0, 0.0, 0.0, 0.0, 0.0, 0.0, 0.0, 0.0, 0.0, 0.0, 0.0, 0.0, 0.0, 0.0, 0.0, 0.0, 0.0, 0.0, 0.0, 0.0, 0.0, 0.0, 0.0, 0.0, 0.0, 0.0, 0.0, 0.0, 0.0, 0.0, 0.0, 0.0, 0.0, 0.0, 0.0, 0.0, 0.0, 0.0, 0.0, 0.0, 0.0, 0.0, 0.0, 0.0, 0.0, 0.0, 0.0, 0.0, 0.0, 0.0, 0.0, 0.0, 0.0, 0.0, 0.0, 0.0, 0.0, 0.0, 0.0, 0.0, 0.0, 0.0, 0.0, 0.0, 0.0, 0.0, 0.0, 0.0, 0.0, 0.0, 0.0, 0.0, 0.0, 0.0, 0.0, 0.0, 0.0, 0.0, 0.0, 0.0, 0.0, 0.0, 0.0, 0.0, 0.0, 0.0, 0.0, 0.0, 0.0, 0.0, 0.0, 0.0, 0.0, 0.0, 0.0, 0.0, 0.0, 0.0, 0.0, 0.0, 0.0, 0.0, 0.0, 0.0, 0.0, 0.0, 0.0, 0.0, 0.0, 0.0, 0.0, 0.0, 0.0, 0.0, 0.0, 0.0, 0.0, 0.0, 0.0, 0.0, 0.0, 0.0, 0.0, 0.0, 0.0, 0.0, 0.0, 0.0, 0.0, 0.0, 0.0, 0.0, 0.0, 0.0, 0.0, 0.0, 0.0, 0.0, 0.0, 0.0, 0.0, 0.0, 0.0, 0.0, 0.0, 0.0, 0.0, 0.0, 0.0, 0.0, 0.0, 0.0, 0.0, 0.0, 0.0, 0.0, 0.0, 0.0, 0.0, 0.0, 0.0, 0.0, 0.0, 0.0, 0.0, 0.0, 0.0, 0.0, 0.0, 0.0, 0.0, 0.0, 0.0, 0.0, 0.0, 0.0, 0.0, 0.0, 0.0, 0.0, 0.0, 0.0, 0.0, 0.0, 0.0, 0.0, 0.0, 0.0, 0.0, 0.0, 0.0, 0.0, 0.0, 0.0, 0.0, 0.0, 0.0, 0.0, 0.0, 0.0, 0.0, 0.0, 0.0, 0.0, 0.0, 0.0, 0.0, 0.0, 0.0, 0.0, 0.0, 0.0, 0.0, 0.0, 0.0, 0.0, 0.0, 0.0, 0.0, 0.0, 0.0, 0.0, 0.0, 0.0, 0.0, 0.0, 0.0, 0.0, 0.0, 0.0, 0.0, 0.0, 0.0, 0.0, 0.0, 0.0, 0.0, 0.0, 0.0, 0.0, 0.0, 0.0, 0.0, 0.0, 0.0, 0.0, 0.0, 0.0]
---
header: 
  seq: 6459
  stamp: 
    secs: 646
    nsecs:         0
  frame_id: "base_laser_link"
angle_min: -3.14159274101
angle_max: 3.14159274101
angle_increment: 0.0175019092858
time_increment: 0.0
scan_time: 0.0
range_min: 0.15000000596
range_max: 16.0
ranges: [3.549999952316284, 3.550543785095215, 3.552175998687744, 3.554898977279663, 3.5451979637145996, 3.563636302947998, 3.187559127807617, 2.851372003555298, 2.676189661026001, 2.6832187175750732, 2.6911115646362305, 2.699880361557007, 2.7095389366149902, 2.7201032638549805, 2.7315902709960938, 2.744018793106079, 2.7574093341827393, 2.771784543991089, 2.787168502807617, 2.783531904220581, 2.821070909500122, 2.839648485183716, 2.859354257583618, 2.8802237510681152, 2.9022958278656006, 2.925611734390259, 2.950216293334961, 2.9761576652526855, 3.0034873485565186, 3.0322611331939697, 3.0625386238098145, 3.09438419342041, 3.1176626682281494, 3.156045436859131, 3.1770193576812744, 3.22843599319458, 3.2615625858306885, 3.3004448413848877, 3.2941842079162598, 3.214833974838257, 3.151179552078247, 3.0926451683044434, 3.0602190494537354, 3.027702569961548, 3.0786280632019043, 3.1284356117248535, 3.1820032596588135, 3.2376363277435303, 3.2955129146575928, 3.359947443008423, 3.413215160369873, 3.516477346420288, 3.5861268043518066, 3.66755747795105, 3.7454888820648193, 3.8518903255462646, 3.962189197540283, 4.066118240356445, 4.163664817810059, 4.290487289428711, 4.423425197601318, 4.563201904296875, 4.5273284912109375, 4.482330799102783, 4.443685531616211, 4.407039642333984, 4.372321128845215, 4.3394646644592285, 4.308407783508301, 4.2790937423706055, 4.251469612121582, 4.225485801696777, 4.201096534729004, 4.17825984954834, 4.156936168670654, 4.13709020614624, 4.118688583374023, 4.101700305938721, 4.0860981941223145, 4.07185697555542, 4.058953762054443, 4.047367572784424, 4.03708028793335, 4.028076171875, 4.020340919494629, 4.013862609863281, 4.008630752563477, 4.004637718200684, 4.0018768310546875, 4.000344753265381, 4.000038146972656, 4.000957489013672, 4.003103256225586, 4.006479740142822, 4.011091232299805, 4.0169453620910645, 4.024050712585449, 4.032419204711914, 4.042062759399414, 4.05299711227417, 4.065239429473877, 4.078808784484863, 4.0937275886535645, 4.110019207000732, 4.127710819244385, 4.1468305587768555, 4.1674113273620605, 4.189486503601074, 4.213094711303711, 4.238275527954102, 4.265073776245117, 4.29353666305542, 4.323714733123779, 4.355664253234863, 4.389443874359131, 4.425117492675781, 4.462753772735596, 4.502426624298096, 4.544216156005859, 4.588206768035889, 4.634490966796875, 4.683167934417725, 4.734343528747559, 4.788132667541504, 4.844659328460693, 4.904056549072266, 4.966468334197998, 5.032050609588623, 5.100971698760986, 5.173413276672363, 5.249573707580566, 5.3296661376953125, 5.4139251708984375, 5.337525367736816, 5.232239246368408, 5.156432151794434, 5.069642066955566, 4.987226963043213, 4.908928394317627, 4.834508419036865, 4.763748645782471, 4.69644832611084, 4.632421970367432, 4.571499347686768, 4.513523101806641, 4.458347320556641, 4.405837535858154, 4.355868816375732, 4.30832576751709, 4.263101100921631, 4.220095634460449, 4.179215908050537, 4.140377044677734, 4.103498458862305, 4.068506717681885, 4.035332202911377, 4.003910541534424, 3.974182367324829, 3.946092367172241, 3.919588804244995, 3.8946239948272705, 3.8711533546447754, 3.8491358757019043, 3.828533411026001, 3.8093111515045166, 3.791436195373535, 3.7748794555664062, 3.759613037109375, 3.745612382888794, 3.7328548431396484, 3.7213196754455566, 3.710988998413086, 3.701846122741699, 3.6938769817352295, 3.6870691776275635, 3.6814117431640625, 3.676896333694458, 3.673515796661377, 3.671265125274658, 3.670140504837036, 3.670140504837036, 3.671265125274658, 3.673515796661377, 3.676896333694458, 3.6814117431640625, 3.6870691776275635, 3.6938769817352295, 3.701846122741699, 3.710988998413086, 3.7213196754455566, 3.7328548431396484, 3.745612382888794, 3.759613037109375, 3.7748794555664062, 3.791436195373535, 3.8093111515045166, 3.828533411026001, 3.8491358757019043, 3.8711533546447754, 3.8946239948272705, 3.919588804244995, 3.946092367172241, 3.974182367324829, 4.003910541534424, 4.035332202911377, 4.068506717681885, 4.103498458862305, 4.140377044677734, 4.179215908050537, 4.220095634460449, 4.263101100921631, 4.30832576751709, 4.355868816375732, 4.405837535858154, 4.458347320556641, 4.513523101806641, 4.571499347686768, 4.632421970367432, 4.69644832611084, 4.763748645782471, 4.834508419036865, 4.908928394317627, 4.987226963043213, 5.069642066955566, 5.156432151794434, 5.224981307983398, 5.3413214683532715, 5.440994739532471, 5.409611225128174, 5.407060623168945, 5.328615665435791, 5.254000663757324, 5.18301248550415, 5.115462779998779, 5.051177978515625, 4.989998817443848, 4.931776523590088, 4.876373767852783, 4.823662757873535, 4.773525714874268, 4.725852966308594, 4.680542469024658, 4.637499809265137, 4.5966362953186035, 4.557870864868164, 4.521127223968506, 4.486334323883057, 4.453426361083984, 4.422342777252197, 4.393025875091553, 4.365423679351807, 4.339487552642822, 4.315171241760254, 4.292433738708496, 4.271235942840576, 4.251542091369629, 4.2333197593688965, 4.21653938293457, 4.201173305511475, 4.187196731567383, 4.174586772918701, 4.163324356079102, 4.153391361236572, 4.144772529602051, 4.137453556060791, 4.1314239501953125, 4.126674175262451, 4.123196601867676, 4.120985984802246, 4.120039463043213, 4.120355129241943, 4.121933460235596, 4.124776840209961, 4.128889560699463, 4.134278297424316, 4.140951156616211, 4.148918628692627, 4.158193111419678, 4.168788433074951, 4.180722236633301, 4.194012641906738, 4.208681106567383, 4.2247514724731445, 4.242249011993408, 4.261202812194824, 4.281644344329834, 4.30360746383667, 4.327129364013672, 4.352250099182129, 4.379013538360596, 4.407466888427734, 4.437660217285156, 4.469648361206055, 4.503490924835205, 4.495180606842041, 4.356918811798096, 4.220245361328125, 4.116729259490967, 4.162909984588623, 4.217075347900391, 4.26254940032959, 4.308218955993652, 4.356226921081543, 4.406681537628174, 4.459701061248779, 4.515411853790283, 4.57395076751709, 4.635465621948242, 4.700117588043213, 4.7680792808532715, 4.839539527893066, 4.914702415466309, 4.993791103363037, 5.077046871185303, 5.023622035980225, 4.945307731628418, 4.863503932952881, 4.785804748535156, 4.71196985244751, 4.641778945922852, 4.575028896331787, 4.511534214019775, 4.451122283935547, 4.393634796142578, 4.338925838470459, 4.286859035491943, 4.23730993270874, 4.19016170501709, 4.1453070640563965, 4.1026458740234375, 4.0620856285095215, 4.0235395431518555, 3.9869282245635986, 3.952176570892334, 3.919215679168701, 3.8879811763763428, 3.8584132194519043, 3.830455780029297, 3.8040575981140137, 3.779170274734497, 3.755749464035034, 3.7337539196014404, 3.7131452560424805, 3.693887948989868, 3.675949811935425, 3.6593003273010254, 3.6439120769500732, 3.6297597885131836, 3.616820812225342, 3.605073928833008, 3.5945005416870117, 3.5850841999053955, 3.5768096446990967, 3.5696640014648438, 3.563636302947998, 3.5587172508239746, 3.554898977279663, 3.552175998687744, 3.550543785095215, 3.549999952316284]
intensities: [0.0, 0.0, 0.0, 0.0, 0.0, 0.0, 0.0, 0.0, 0.0, 0.0, 0.0, 0.0, 0.0, 0.0, 0.0, 0.0, 0.0, 0.0, 0.0, 0.0, 0.0, 0.0, 0.0, 0.0, 0.0, 0.0, 0.0, 0.0, 0.0, 0.0, 0.0, 0.0, 0.0, 0.0, 0.0, 0.0, 0.0, 0.0, 0.0, 0.0, 0.0, 0.0, 0.0, 0.0, 0.0, 0.0, 0.0, 0.0, 0.0, 0.0, 0.0, 0.0, 0.0, 0.0, 0.0, 0.0, 0.0, 0.0, 0.0, 0.0, 0.0, 0.0, 0.0, 0.0, 0.0, 0.0, 0.0, 0.0, 0.0, 0.0, 0.0, 0.0, 0.0, 0.0, 0.0, 0.0, 0.0, 0.0, 0.0, 0.0, 0.0, 0.0, 0.0, 0.0, 0.0, 0.0, 0.0, 0.0, 0.0, 0.0, 0.0, 0.0, 0.0, 0.0, 0.0, 0.0, 0.0, 0.0, 0.0, 0.0, 0.0, 0.0, 0.0, 0.0, 0.0, 0.0, 0.0, 0.0, 0.0, 0.0, 0.0, 0.0, 0.0, 0.0, 0.0, 0.0, 0.0, 0.0, 0.0, 0.0, 0.0, 0.0, 0.0, 0.0, 0.0, 0.0, 0.0, 0.0, 0.0, 0.0, 0.0, 0.0, 0.0, 0.0, 0.0, 0.0, 0.0, 0.0, 0.0, 0.0, 0.0, 0.0, 0.0, 0.0, 0.0, 0.0, 0.0, 0.0, 0.0, 0.0, 0.0, 0.0, 0.0, 0.0, 0.0, 0.0, 0.0, 0.0, 0.0, 0.0, 0.0, 0.0, 0.0, 0.0, 0.0, 0.0, 0.0, 0.0, 0.0, 0.0, 0.0, 0.0, 0.0, 0.0, 0.0, 0.0, 0.0, 0.0, 0.0, 0.0, 0.0, 0.0, 0.0, 0.0, 0.0, 0.0, 0.0, 0.0, 0.0, 0.0, 0.0, 0.0, 0.0, 0.0, 0.0, 0.0, 0.0, 0.0, 0.0, 0.0, 0.0, 0.0, 0.0, 0.0, 0.0, 0.0, 0.0, 0.0, 0.0, 0.0, 0.0, 0.0, 0.0, 0.0, 0.0, 0.0, 0.0, 0.0, 0.0, 0.0, 0.0, 0.0, 0.0, 0.0, 0.0, 0.0, 0.0, 0.0, 0.0, 0.0, 0.0, 0.0, 0.0, 0.0, 0.0, 0.0, 0.0, 0.0, 0.0, 0.0, 0.0, 0.0, 0.0, 0.0, 0.0, 0.0, 0.0, 0.0, 0.0, 0.0, 0.0, 0.0, 0.0, 0.0, 0.0, 0.0, 0.0, 0.0, 0.0, 0.0, 0.0, 0.0, 0.0, 0.0, 0.0, 0.0, 0.0, 0.0, 0.0, 0.0, 0.0, 0.0, 0.0, 0.0, 0.0, 0.0, 0.0, 0.0, 0.0, 0.0, 0.0, 0.0, 0.0, 0.0, 0.0, 0.0, 0.0, 0.0, 0.0, 0.0, 0.0, 0.0, 0.0, 0.0, 0.0, 0.0, 0.0, 0.0, 0.0, 0.0, 0.0, 0.0, 0.0, 0.0, 0.0, 0.0, 0.0, 0.0, 0.0, 0.0, 0.0, 0.0, 0.0, 0.0, 0.0, 0.0, 0.0, 0.0, 0.0, 0.0, 0.0, 0.0, 0.0, 0.0, 0.0, 0.0, 0.0, 0.0, 0.0, 0.0, 0.0, 0.0, 0.0, 0.0, 0.0, 0.0, 0.0, 0.0, 0.0, 0.0, 0.0, 0.0, 0.0, 0.0, 0.0, 0.0, 0.0, 0.0, 0.0, 0.0, 0.0, 0.0, 0.0, 0.0, 0.0, 0.0, 0.0, 0.0, 0.0, 0.0]
---
header: 
  seq: 6460
  stamp: 
    secs: 646
    nsecs: 100000000
  frame_id: "base_laser_link"
angle_min: -3.14159274101
angle_max: 3.14159274101
angle_increment: 0.0175019092858
time_increment: 0.0
scan_time: 0.0
range_min: 0.15000000596
range_max: 16.0
ranges: [3.549999952316284, 3.550543785095215, 3.552175998687744, 3.554898977279663, 3.5451979637145996, 3.563636302947998, 3.187559127807617, 2.851372003555298, 2.676189661026001, 2.6832187175750732, 2.6911115646362305, 2.699880361557007, 2.7095389366149902, 2.7201032638549805, 2.7315902709960938, 2.744018793106079, 2.7574093341827393, 2.771784543991089, 2.787168502807617, 2.783531904220581, 2.821070909500122, 2.839648485183716, 2.859354257583618, 2.8802237510681152, 2.9022958278656006, 2.925611734390259, 2.950216293334961, 2.9761576652526855, 3.0034873485565186, 3.0322611331939697, 3.0625386238098145, 3.09438419342041, 3.1176626682281494, 3.156045436859131, 3.1770193576812744, 3.22843599319458, 3.2615625858306885, 3.3004448413848877, 3.2941842079162598, 3.214833974838257, 3.151179552078247, 3.0926451683044434, 3.0602190494537354, 3.027702569961548, 3.0786280632019043, 3.1284356117248535, 3.1820032596588135, 3.2376363277435303, 3.2955129146575928, 3.359947443008423, 3.413215160369873, 3.516477346420288, 3.5861268043518066, 3.66755747795105, 3.7454888820648193, 3.8518903255462646, 3.962189197540283, 4.066118240356445, 4.163664817810059, 4.290487289428711, 4.423425197601318, 4.563201904296875, 4.5273284912109375, 4.482330799102783, 4.443685531616211, 4.407039642333984, 4.372321128845215, 4.3394646644592285, 4.308407783508301, 4.2790937423706055, 4.251469612121582, 4.225485801696777, 4.201096534729004, 4.17825984954834, 4.156936168670654, 4.13709020614624, 4.118688583374023, 4.101700305938721, 4.0860981941223145, 4.07185697555542, 4.058953762054443, 4.047367572784424, 4.03708028793335, 4.028076171875, 4.020340919494629, 4.013862609863281, 4.008630752563477, 4.004637718200684, 4.0018768310546875, 4.000344753265381, 4.000038146972656, 4.000957489013672, 4.003103256225586, 4.006479740142822, 4.011091232299805, 4.0169453620910645, 4.024050712585449, 4.032419204711914, 4.042062759399414, 4.05299711227417, 4.065239429473877, 4.078808784484863, 4.0937275886535645, 4.110019207000732, 4.127710819244385, 4.1468305587768555, 4.1674113273620605, 4.189486503601074, 4.213094711303711, 4.238275527954102, 4.265073776245117, 4.29353666305542, 4.323714733123779, 4.355664253234863, 4.389443874359131, 4.425117492675781, 4.462753772735596, 4.502426624298096, 4.544216156005859, 4.588206768035889, 4.634490966796875, 4.683167934417725, 4.734343528747559, 4.788132667541504, 4.844659328460693, 4.904056549072266, 4.966468334197998, 5.032050609588623, 5.100971698760986, 5.173413276672363, 5.249573707580566, 5.3296661376953125, 5.4139251708984375, 5.337525367736816, 5.232239246368408, 5.156432151794434, 5.069642066955566, 4.987226963043213, 4.908928394317627, 4.834508419036865, 4.763748645782471, 4.69644832611084, 4.632421970367432, 4.571499347686768, 4.513523101806641, 4.458347320556641, 4.405837535858154, 4.355868816375732, 4.30832576751709, 4.263101100921631, 4.220095634460449, 4.179215908050537, 4.140377044677734, 4.103498458862305, 4.068506717681885, 4.035332202911377, 4.003910541534424, 3.974182367324829, 3.946092367172241, 3.919588804244995, 3.8946239948272705, 3.8711533546447754, 3.8491358757019043, 3.828533411026001, 3.8093111515045166, 3.791436195373535, 3.7748794555664062, 3.759613037109375, 3.745612382888794, 3.7328548431396484, 3.7213196754455566, 3.710988998413086, 3.701846122741699, 3.6938769817352295, 3.6870691776275635, 3.6814117431640625, 3.676896333694458, 3.673515796661377, 3.671265125274658, 3.670140504837036, 3.670140504837036, 3.671265125274658, 3.673515796661377, 3.676896333694458, 3.6814117431640625, 3.6870691776275635, 3.6938769817352295, 3.701846122741699, 3.710988998413086, 3.7213196754455566, 3.7328548431396484, 3.745612382888794, 3.759613037109375, 3.7748794555664062, 3.791436195373535, 3.8093111515045166, 3.828533411026001, 3.8491358757019043, 3.8711533546447754, 3.8946239948272705, 3.919588804244995, 3.946092367172241, 3.974182367324829, 4.003910541534424, 4.035332202911377, 4.068506717681885, 4.103498458862305, 4.140377044677734, 4.179215908050537, 4.220095634460449, 4.263101100921631, 4.30832576751709, 4.355868816375732, 4.405837535858154, 4.458347320556641, 4.513523101806641, 4.571499347686768, 4.632421970367432, 4.69644832611084, 4.763748645782471, 4.834508419036865, 4.908928394317627, 4.987226963043213, 5.069642066955566, 5.156432151794434, 5.224981307983398, 5.3413214683532715, 5.440994739532471, 5.409611225128174, 5.407060623168945, 5.328615665435791, 5.254000663757324, 5.18301248550415, 5.115462779998779, 5.051177978515625, 4.989998817443848, 4.931776523590088, 4.876373767852783, 4.823662757873535, 4.773525714874268, 4.725852966308594, 4.680542469024658, 4.637499809265137, 4.5966362953186035, 4.557870864868164, 4.521127223968506, 4.486334323883057, 4.453426361083984, 4.422342777252197, 4.393025875091553, 4.365423679351807, 4.339487552642822, 4.315171241760254, 4.292433738708496, 4.271235942840576, 4.251542091369629, 4.2333197593688965, 4.21653938293457, 4.201173305511475, 4.187196731567383, 4.174586772918701, 4.163324356079102, 4.153391361236572, 4.144772529602051, 4.137453556060791, 4.1314239501953125, 4.126674175262451, 4.123196601867676, 4.120985984802246, 4.120039463043213, 4.120355129241943, 4.121933460235596, 4.124776840209961, 4.128889560699463, 4.134278297424316, 4.140951156616211, 4.148918628692627, 4.158193111419678, 4.168788433074951, 4.180722236633301, 4.194012641906738, 4.208681106567383, 4.2247514724731445, 4.242249011993408, 4.261202812194824, 4.281644344329834, 4.30360746383667, 4.327129364013672, 4.352250099182129, 4.379013538360596, 4.407466888427734, 4.437660217285156, 4.469648361206055, 4.503490924835205, 4.495180606842041, 4.356918811798096, 4.220245361328125, 4.116729259490967, 4.162909984588623, 4.217075347900391, 4.26254940032959, 4.308218955993652, 4.356226921081543, 4.406681537628174, 4.459701061248779, 4.515411853790283, 4.57395076751709, 4.635465621948242, 4.700117588043213, 4.7680792808532715, 4.839539527893066, 4.914702415466309, 4.993791103363037, 5.077046871185303, 5.023622035980225, 4.945307731628418, 4.863503932952881, 4.785804748535156, 4.71196985244751, 4.641778945922852, 4.575028896331787, 4.511534214019775, 4.451122283935547, 4.393634796142578, 4.338925838470459, 4.286859035491943, 4.23730993270874, 4.19016170501709, 4.1453070640563965, 4.1026458740234375, 4.0620856285095215, 4.0235395431518555, 3.9869282245635986, 3.952176570892334, 3.919215679168701, 3.8879811763763428, 3.8584132194519043, 3.830455780029297, 3.8040575981140137, 3.779170274734497, 3.755749464035034, 3.7337539196014404, 3.7131452560424805, 3.693887948989868, 3.675949811935425, 3.6593003273010254, 3.6439120769500732, 3.6297597885131836, 3.616820812225342, 3.605073928833008, 3.5945005416870117, 3.5850841999053955, 3.5768096446990967, 3.5696640014648438, 3.563636302947998, 3.5587172508239746, 3.554898977279663, 3.552175998687744, 3.550543785095215, 3.549999952316284]
intensities: [0.0, 0.0, 0.0, 0.0, 0.0, 0.0, 0.0, 0.0, 0.0, 0.0, 0.0, 0.0, 0.0, 0.0, 0.0, 0.0, 0.0, 0.0, 0.0, 0.0, 0.0, 0.0, 0.0, 0.0, 0.0, 0.0, 0.0, 0.0, 0.0, 0.0, 0.0, 0.0, 0.0, 0.0, 0.0, 0.0, 0.0, 0.0, 0.0, 0.0, 0.0, 0.0, 0.0, 0.0, 0.0, 0.0, 0.0, 0.0, 0.0, 0.0, 0.0, 0.0, 0.0, 0.0, 0.0, 0.0, 0.0, 0.0, 0.0, 0.0, 0.0, 0.0, 0.0, 0.0, 0.0, 0.0, 0.0, 0.0, 0.0, 0.0, 0.0, 0.0, 0.0, 0.0, 0.0, 0.0, 0.0, 0.0, 0.0, 0.0, 0.0, 0.0, 0.0, 0.0, 0.0, 0.0, 0.0, 0.0, 0.0, 0.0, 0.0, 0.0, 0.0, 0.0, 0.0, 0.0, 0.0, 0.0, 0.0, 0.0, 0.0, 0.0, 0.0, 0.0, 0.0, 0.0, 0.0, 0.0, 0.0, 0.0, 0.0, 0.0, 0.0, 0.0, 0.0, 0.0, 0.0, 0.0, 0.0, 0.0, 0.0, 0.0, 0.0, 0.0, 0.0, 0.0, 0.0, 0.0, 0.0, 0.0, 0.0, 0.0, 0.0, 0.0, 0.0, 0.0, 0.0, 0.0, 0.0, 0.0, 0.0, 0.0, 0.0, 0.0, 0.0, 0.0, 0.0, 0.0, 0.0, 0.0, 0.0, 0.0, 0.0, 0.0, 0.0, 0.0, 0.0, 0.0, 0.0, 0.0, 0.0, 0.0, 0.0, 0.0, 0.0, 0.0, 0.0, 0.0, 0.0, 0.0, 0.0, 0.0, 0.0, 0.0, 0.0, 0.0, 0.0, 0.0, 0.0, 0.0, 0.0, 0.0, 0.0, 0.0, 0.0, 0.0, 0.0, 0.0, 0.0, 0.0, 0.0, 0.0, 0.0, 0.0, 0.0, 0.0, 0.0, 0.0, 0.0, 0.0, 0.0, 0.0, 0.0, 0.0, 0.0, 0.0, 0.0, 0.0, 0.0, 0.0, 0.0, 0.0, 0.0, 0.0, 0.0, 0.0, 0.0, 0.0, 0.0, 0.0, 0.0, 0.0, 0.0, 0.0, 0.0, 0.0, 0.0, 0.0, 0.0, 0.0, 0.0, 0.0, 0.0, 0.0, 0.0, 0.0, 0.0, 0.0, 0.0, 0.0, 0.0, 0.0, 0.0, 0.0, 0.0, 0.0, 0.0, 0.0, 0.0, 0.0, 0.0, 0.0, 0.0, 0.0, 0.0, 0.0, 0.0, 0.0, 0.0, 0.0, 0.0, 0.0, 0.0, 0.0, 0.0, 0.0, 0.0, 0.0, 0.0, 0.0, 0.0, 0.0, 0.0, 0.0, 0.0, 0.0, 0.0, 0.0, 0.0, 0.0, 0.0, 0.0, 0.0, 0.0, 0.0, 0.0, 0.0, 0.0, 0.0, 0.0, 0.0, 0.0, 0.0, 0.0, 0.0, 0.0, 0.0, 0.0, 0.0, 0.0, 0.0, 0.0, 0.0, 0.0, 0.0, 0.0, 0.0, 0.0, 0.0, 0.0, 0.0, 0.0, 0.0, 0.0, 0.0, 0.0, 0.0, 0.0, 0.0, 0.0, 0.0, 0.0, 0.0, 0.0, 0.0, 0.0, 0.0, 0.0, 0.0, 0.0, 0.0, 0.0, 0.0, 0.0, 0.0, 0.0, 0.0, 0.0, 0.0, 0.0, 0.0, 0.0, 0.0, 0.0, 0.0, 0.0, 0.0, 0.0, 0.0, 0.0, 0.0, 0.0, 0.0, 0.0, 0.0, 0.0, 0.0, 0.0, 0.0, 0.0]
---
header: 
  seq: 6461
  stamp: 
    secs: 646
    nsecs: 200000000
  frame_id: "base_laser_link"
angle_min: -3.14159274101
angle_max: 3.14159274101
angle_increment: 0.0175019092858
time_increment: 0.0
scan_time: 0.0
range_min: 0.15000000596
range_max: 16.0
ranges: [3.549999952316284, 3.550543785095215, 3.552175998687744, 3.554898977279663, 3.5451979637145996, 3.563636302947998, 3.187559127807617, 2.851372003555298, 2.676189661026001, 2.6832187175750732, 2.6911115646362305, 2.699880361557007, 2.7095389366149902, 2.7201032638549805, 2.7315902709960938, 2.744018793106079, 2.7574093341827393, 2.771784543991089, 2.787168502807617, 2.783531904220581, 2.821070909500122, 2.839648485183716, 2.859354257583618, 2.8802237510681152, 2.9022958278656006, 2.925611734390259, 2.950216293334961, 2.9761576652526855, 3.0034873485565186, 3.0322611331939697, 3.0625386238098145, 3.09438419342041, 3.1176626682281494, 3.156045436859131, 3.1770193576812744, 3.22843599319458, 3.2615625858306885, 3.3004448413848877, 3.2941842079162598, 3.214833974838257, 3.151179552078247, 3.0926451683044434, 3.0602190494537354, 3.027702569961548, 3.0786280632019043, 3.1284356117248535, 3.1820032596588135, 3.2376363277435303, 3.2955129146575928, 3.359947443008423, 3.413215160369873, 3.516477346420288, 3.5861268043518066, 3.66755747795105, 3.7454888820648193, 3.8518903255462646, 3.962189197540283, 4.066118240356445, 4.163664817810059, 4.290487289428711, 4.423425197601318, 4.563201904296875, 4.5273284912109375, 4.482330799102783, 4.443685531616211, 4.407039642333984, 4.372321128845215, 4.3394646644592285, 4.308407783508301, 4.2790937423706055, 4.251469612121582, 4.225485801696777, 4.201096534729004, 4.17825984954834, 4.156936168670654, 4.13709020614624, 4.118688583374023, 4.101700305938721, 4.0860981941223145, 4.07185697555542, 4.058953762054443, 4.047367572784424, 4.03708028793335, 4.028076171875, 4.020340919494629, 4.013862609863281, 4.008630752563477, 4.004637718200684, 4.0018768310546875, 4.000344753265381, 4.000038146972656, 4.000957489013672, 4.003103256225586, 4.006479740142822, 4.011091232299805, 4.0169453620910645, 4.024050712585449, 4.032419204711914, 4.042062759399414, 4.05299711227417, 4.065239429473877, 4.078808784484863, 4.0937275886535645, 4.110019207000732, 4.127710819244385, 4.1468305587768555, 4.1674113273620605, 4.189486503601074, 4.213094711303711, 4.238275527954102, 4.265073776245117, 4.29353666305542, 4.323714733123779, 4.355664253234863, 4.389443874359131, 4.425117492675781, 4.462753772735596, 4.502426624298096, 4.544216156005859, 4.588206768035889, 4.634490966796875, 4.683167934417725, 4.734343528747559, 4.788132667541504, 4.844659328460693, 4.904056549072266, 4.966468334197998, 5.032050609588623, 5.100971698760986, 5.173413276672363, 5.249573707580566, 5.3296661376953125, 5.4139251708984375, 5.337525367736816, 5.232239246368408, 5.156432151794434, 5.069642066955566, 4.987226963043213, 4.908928394317627, 4.834508419036865, 4.763748645782471, 4.69644832611084, 4.632421970367432, 4.571499347686768, 4.513523101806641, 4.458347320556641, 4.405837535858154, 4.355868816375732, 4.30832576751709, 4.263101100921631, 4.220095634460449, 4.179215908050537, 4.140377044677734, 4.103498458862305, 4.068506717681885, 4.035332202911377, 4.003910541534424, 3.974182367324829, 3.946092367172241, 3.919588804244995, 3.8946239948272705, 3.8711533546447754, 3.8491358757019043, 3.828533411026001, 3.8093111515045166, 3.791436195373535, 3.7748794555664062, 3.759613037109375, 3.745612382888794, 3.7328548431396484, 3.7213196754455566, 3.710988998413086, 3.701846122741699, 3.6938769817352295, 3.6870691776275635, 3.6814117431640625, 3.676896333694458, 3.673515796661377, 3.671265125274658, 3.670140504837036, 3.670140504837036, 3.671265125274658, 3.673515796661377, 3.676896333694458, 3.6814117431640625, 3.6870691776275635, 3.6938769817352295, 3.701846122741699, 3.710988998413086, 3.7213196754455566, 3.7328548431396484, 3.745612382888794, 3.759613037109375, 3.7748794555664062, 3.791436195373535, 3.8093111515045166, 3.828533411026001, 3.8491358757019043, 3.8711533546447754, 3.8946239948272705, 3.919588804244995, 3.946092367172241, 3.974182367324829, 4.003910541534424, 4.035332202911377, 4.068506717681885, 4.103498458862305, 4.140377044677734, 4.179215908050537, 4.220095634460449, 4.263101100921631, 4.30832576751709, 4.355868816375732, 4.405837535858154, 4.458347320556641, 4.513523101806641, 4.571499347686768, 4.632421970367432, 4.69644832611084, 4.763748645782471, 4.834508419036865, 4.908928394317627, 4.987226963043213, 5.069642066955566, 5.156432151794434, 5.224981307983398, 5.3413214683532715, 5.440994739532471, 5.409611225128174, 5.407060623168945, 5.328615665435791, 5.254000663757324, 5.18301248550415, 5.115462779998779, 5.051177978515625, 4.989998817443848, 4.931776523590088, 4.876373767852783, 4.823662757873535, 4.773525714874268, 4.725852966308594, 4.680542469024658, 4.637499809265137, 4.5966362953186035, 4.557870864868164, 4.521127223968506, 4.486334323883057, 4.453426361083984, 4.422342777252197, 4.393025875091553, 4.365423679351807, 4.339487552642822, 4.315171241760254, 4.292433738708496, 4.271235942840576, 4.251542091369629, 4.2333197593688965, 4.21653938293457, 4.201173305511475, 4.187196731567383, 4.174586772918701, 4.163324356079102, 4.153391361236572, 4.144772529602051, 4.137453556060791, 4.1314239501953125, 4.126674175262451, 4.123196601867676, 4.120985984802246, 4.120039463043213, 4.120355129241943, 4.121933460235596, 4.124776840209961, 4.128889560699463, 4.134278297424316, 4.140951156616211, 4.148918628692627, 4.158193111419678, 4.168788433074951, 4.180722236633301, 4.194012641906738, 4.208681106567383, 4.2247514724731445, 4.242249011993408, 4.261202812194824, 4.281644344329834, 4.30360746383667, 4.327129364013672, 4.352250099182129, 4.379013538360596, 4.407466888427734, 4.437660217285156, 4.469648361206055, 4.503490924835205, 4.495180606842041, 4.356918811798096, 4.220245361328125, 4.116729259490967, 4.162909984588623, 4.217075347900391, 4.26254940032959, 4.308218955993652, 4.356226921081543, 4.406681537628174, 4.459701061248779, 4.515411853790283, 4.57395076751709, 4.635465621948242, 4.700117588043213, 4.7680792808532715, 4.839539527893066, 4.914702415466309, 4.993791103363037, 5.077046871185303, 5.023622035980225, 4.945307731628418, 4.863503932952881, 4.785804748535156, 4.71196985244751, 4.641778945922852, 4.575028896331787, 4.511534214019775, 4.451122283935547, 4.393634796142578, 4.338925838470459, 4.286859035491943, 4.23730993270874, 4.19016170501709, 4.1453070640563965, 4.1026458740234375, 4.0620856285095215, 4.0235395431518555, 3.9869282245635986, 3.952176570892334, 3.919215679168701, 3.8879811763763428, 3.8584132194519043, 3.830455780029297, 3.8040575981140137, 3.779170274734497, 3.755749464035034, 3.7337539196014404, 3.7131452560424805, 3.693887948989868, 3.675949811935425, 3.6593003273010254, 3.6439120769500732, 3.6297597885131836, 3.616820812225342, 3.605073928833008, 3.5945005416870117, 3.5850841999053955, 3.5768096446990967, 3.5696640014648438, 3.563636302947998, 3.5587172508239746, 3.554898977279663, 3.552175998687744, 3.550543785095215, 3.549999952316284]
intensities: [0.0, 0.0, 0.0, 0.0, 0.0, 0.0, 0.0, 0.0, 0.0, 0.0, 0.0, 0.0, 0.0, 0.0, 0.0, 0.0, 0.0, 0.0, 0.0, 0.0, 0.0, 0.0, 0.0, 0.0, 0.0, 0.0, 0.0, 0.0, 0.0, 0.0, 0.0, 0.0, 0.0, 0.0, 0.0, 0.0, 0.0, 0.0, 0.0, 0.0, 0.0, 0.0, 0.0, 0.0, 0.0, 0.0, 0.0, 0.0, 0.0, 0.0, 0.0, 0.0, 0.0, 0.0, 0.0, 0.0, 0.0, 0.0, 0.0, 0.0, 0.0, 0.0, 0.0, 0.0, 0.0, 0.0, 0.0, 0.0, 0.0, 0.0, 0.0, 0.0, 0.0, 0.0, 0.0, 0.0, 0.0, 0.0, 0.0, 0.0, 0.0, 0.0, 0.0, 0.0, 0.0, 0.0, 0.0, 0.0, 0.0, 0.0, 0.0, 0.0, 0.0, 0.0, 0.0, 0.0, 0.0, 0.0, 0.0, 0.0, 0.0, 0.0, 0.0, 0.0, 0.0, 0.0, 0.0, 0.0, 0.0, 0.0, 0.0, 0.0, 0.0, 0.0, 0.0, 0.0, 0.0, 0.0, 0.0, 0.0, 0.0, 0.0, 0.0, 0.0, 0.0, 0.0, 0.0, 0.0, 0.0, 0.0, 0.0, 0.0, 0.0, 0.0, 0.0, 0.0, 0.0, 0.0, 0.0, 0.0, 0.0, 0.0, 0.0, 0.0, 0.0, 0.0, 0.0, 0.0, 0.0, 0.0, 0.0, 0.0, 0.0, 0.0, 0.0, 0.0, 0.0, 0.0, 0.0, 0.0, 0.0, 0.0, 0.0, 0.0, 0.0, 0.0, 0.0, 0.0, 0.0, 0.0, 0.0, 0.0, 0.0, 0.0, 0.0, 0.0, 0.0, 0.0, 0.0, 0.0, 0.0, 0.0, 0.0, 0.0, 0.0, 0.0, 0.0, 0.0, 0.0, 0.0, 0.0, 0.0, 0.0, 0.0, 0.0, 0.0, 0.0, 0.0, 0.0, 0.0, 0.0, 0.0, 0.0, 0.0, 0.0, 0.0, 0.0, 0.0, 0.0, 0.0, 0.0, 0.0, 0.0, 0.0, 0.0, 0.0, 0.0, 0.0, 0.0, 0.0, 0.0, 0.0, 0.0, 0.0, 0.0, 0.0, 0.0, 0.0, 0.0, 0.0, 0.0, 0.0, 0.0, 0.0, 0.0, 0.0, 0.0, 0.0, 0.0, 0.0, 0.0, 0.0, 0.0, 0.0, 0.0, 0.0, 0.0, 0.0, 0.0, 0.0, 0.0, 0.0, 0.0, 0.0, 0.0, 0.0, 0.0, 0.0, 0.0, 0.0, 0.0, 0.0, 0.0, 0.0, 0.0, 0.0, 0.0, 0.0, 0.0, 0.0, 0.0, 0.0, 0.0, 0.0, 0.0, 0.0, 0.0, 0.0, 0.0, 0.0, 0.0, 0.0, 0.0, 0.0, 0.0, 0.0, 0.0, 0.0, 0.0, 0.0, 0.0, 0.0, 0.0, 0.0, 0.0, 0.0, 0.0, 0.0, 0.0, 0.0, 0.0, 0.0, 0.0, 0.0, 0.0, 0.0, 0.0, 0.0, 0.0, 0.0, 0.0, 0.0, 0.0, 0.0, 0.0, 0.0, 0.0, 0.0, 0.0, 0.0, 0.0, 0.0, 0.0, 0.0, 0.0, 0.0, 0.0, 0.0, 0.0, 0.0, 0.0, 0.0, 0.0, 0.0, 0.0, 0.0, 0.0, 0.0, 0.0, 0.0, 0.0, 0.0, 0.0, 0.0, 0.0, 0.0, 0.0, 0.0, 0.0, 0.0, 0.0, 0.0, 0.0, 0.0, 0.0, 0.0, 0.0, 0.0, 0.0, 0.0]
---
header: 
  seq: 6462
  stamp: 
    secs: 646
    nsecs: 300000000
  frame_id: "base_laser_link"
angle_min: -3.14159274101
angle_max: 3.14159274101
angle_increment: 0.0175019092858
time_increment: 0.0
scan_time: 0.0
range_min: 0.15000000596
range_max: 16.0
ranges: [3.549999952316284, 3.550543785095215, 3.552175998687744, 3.554898977279663, 3.5451979637145996, 3.563636302947998, 3.187559127807617, 2.851372003555298, 2.676189661026001, 2.6832187175750732, 2.6911115646362305, 2.699880361557007, 2.7095389366149902, 2.7201032638549805, 2.7315902709960938, 2.744018793106079, 2.7574093341827393, 2.771784543991089, 2.787168502807617, 2.783531904220581, 2.821070909500122, 2.839648485183716, 2.859354257583618, 2.8802237510681152, 2.9022958278656006, 2.925611734390259, 2.950216293334961, 2.9761576652526855, 3.0034873485565186, 3.0322611331939697, 3.0625386238098145, 3.09438419342041, 3.1176626682281494, 3.156045436859131, 3.1770193576812744, 3.22843599319458, 3.2615625858306885, 3.3004448413848877, 3.2941842079162598, 3.214833974838257, 3.151179552078247, 3.0926451683044434, 3.0602190494537354, 3.027702569961548, 3.0786280632019043, 3.1284356117248535, 3.1820032596588135, 3.2376363277435303, 3.2955129146575928, 3.359947443008423, 3.413215160369873, 3.516477346420288, 3.5861268043518066, 3.66755747795105, 3.7454888820648193, 3.8518903255462646, 3.962189197540283, 4.066118240356445, 4.163664817810059, 4.290487289428711, 4.423425197601318, 4.563201904296875, 4.5273284912109375, 4.482330799102783, 4.443685531616211, 4.407039642333984, 4.372321128845215, 4.3394646644592285, 4.308407783508301, 4.2790937423706055, 4.251469612121582, 4.225485801696777, 4.201096534729004, 4.17825984954834, 4.156936168670654, 4.13709020614624, 4.118688583374023, 4.101700305938721, 4.0860981941223145, 4.07185697555542, 4.058953762054443, 4.047367572784424, 4.03708028793335, 4.028076171875, 4.020340919494629, 4.013862609863281, 4.008630752563477, 4.004637718200684, 4.0018768310546875, 4.000344753265381, 4.000038146972656, 4.000957489013672, 4.003103256225586, 4.006479740142822, 4.011091232299805, 4.0169453620910645, 4.024050712585449, 4.032419204711914, 4.042062759399414, 4.05299711227417, 4.065239429473877, 4.078808784484863, 4.0937275886535645, 4.110019207000732, 4.127710819244385, 4.1468305587768555, 4.1674113273620605, 4.189486503601074, 4.213094711303711, 4.238275527954102, 4.265073776245117, 4.29353666305542, 4.323714733123779, 4.355664253234863, 4.389443874359131, 4.425117492675781, 4.462753772735596, 4.502426624298096, 4.544216156005859, 4.588206768035889, 4.634490966796875, 4.683167934417725, 4.734343528747559, 4.788132667541504, 4.844659328460693, 4.904056549072266, 4.966468334197998, 5.032050609588623, 5.100971698760986, 5.173413276672363, 5.249573707580566, 5.3296661376953125, 5.4139251708984375, 5.337525367736816, 5.232239246368408, 5.156432151794434, 5.069642066955566, 4.987226963043213, 4.908928394317627, 4.834508419036865, 4.763748645782471, 4.69644832611084, 4.632421970367432, 4.571499347686768, 4.513523101806641, 4.458347320556641, 4.405837535858154, 4.355868816375732, 4.30832576751709, 4.263101100921631, 4.220095634460449, 4.179215908050537, 4.140377044677734, 4.103498458862305, 4.068506717681885, 4.035332202911377, 4.003910541534424, 3.974182367324829, 3.946092367172241, 3.919588804244995, 3.8946239948272705, 3.8711533546447754, 3.8491358757019043, 3.828533411026001, 3.8093111515045166, 3.791436195373535, 3.7748794555664062, 3.759613037109375, 3.745612382888794, 3.7328548431396484, 3.7213196754455566, 3.710988998413086, 3.701846122741699, 3.6938769817352295, 3.6870691776275635, 3.6814117431640625, 3.676896333694458, 3.673515796661377, 3.671265125274658, 3.670140504837036, 3.670140504837036, 3.671265125274658, 3.673515796661377, 3.676896333694458, 3.6814117431640625, 3.6870691776275635, 3.6938769817352295, 3.701846122741699, 3.710988998413086, 3.7213196754455566, 3.7328548431396484, 3.745612382888794, 3.759613037109375, 3.7748794555664062, 3.791436195373535, 3.8093111515045166, 3.828533411026001, 3.8491358757019043, 3.8711533546447754, 3.8946239948272705, 3.919588804244995, 3.946092367172241, 3.974182367324829, 4.003910541534424, 4.035332202911377, 4.068506717681885, 4.103498458862305, 4.140377044677734, 4.179215908050537, 4.220095634460449, 4.263101100921631, 4.30832576751709, 4.355868816375732, 4.405837535858154, 4.458347320556641, 4.513523101806641, 4.571499347686768, 4.632421970367432, 4.69644832611084, 4.763748645782471, 4.834508419036865, 4.908928394317627, 4.987226963043213, 5.069642066955566, 5.156432151794434, 5.224981307983398, 5.3413214683532715, 5.440994739532471, 5.409611225128174, 5.407060623168945, 5.328615665435791, 5.254000663757324, 5.18301248550415, 5.115462779998779, 5.051177978515625, 4.989998817443848, 4.931776523590088, 4.876373767852783, 4.823662757873535, 4.773525714874268, 4.725852966308594, 4.680542469024658, 4.637499809265137, 4.5966362953186035, 4.557870864868164, 4.521127223968506, 4.486334323883057, 4.453426361083984, 4.422342777252197, 4.393025875091553, 4.365423679351807, 4.339487552642822, 4.315171241760254, 4.292433738708496, 4.271235942840576, 4.251542091369629, 4.2333197593688965, 4.21653938293457, 4.201173305511475, 4.187196731567383, 4.174586772918701, 4.163324356079102, 4.153391361236572, 4.144772529602051, 4.137453556060791, 4.1314239501953125, 4.126674175262451, 4.123196601867676, 4.120985984802246, 4.120039463043213, 4.120355129241943, 4.121933460235596, 4.124776840209961, 4.128889560699463, 4.134278297424316, 4.140951156616211, 4.148918628692627, 4.158193111419678, 4.168788433074951, 4.180722236633301, 4.194012641906738, 4.208681106567383, 4.2247514724731445, 4.242249011993408, 4.261202812194824, 4.281644344329834, 4.30360746383667, 4.327129364013672, 4.352250099182129, 4.379013538360596, 4.407466888427734, 4.437660217285156, 4.469648361206055, 4.503490924835205, 4.495180606842041, 4.356918811798096, 4.220245361328125, 4.116729259490967, 4.162909984588623, 4.217075347900391, 4.26254940032959, 4.308218955993652, 4.356226921081543, 4.406681537628174, 4.459701061248779, 4.515411853790283, 4.57395076751709, 4.635465621948242, 4.700117588043213, 4.7680792808532715, 4.839539527893066, 4.914702415466309, 4.993791103363037, 5.077046871185303, 5.023622035980225, 4.945307731628418, 4.863503932952881, 4.785804748535156, 4.71196985244751, 4.641778945922852, 4.575028896331787, 4.511534214019775, 4.451122283935547, 4.393634796142578, 4.338925838470459, 4.286859035491943, 4.23730993270874, 4.19016170501709, 4.1453070640563965, 4.1026458740234375, 4.0620856285095215, 4.0235395431518555, 3.9869282245635986, 3.952176570892334, 3.919215679168701, 3.8879811763763428, 3.8584132194519043, 3.830455780029297, 3.8040575981140137, 3.779170274734497, 3.755749464035034, 3.7337539196014404, 3.7131452560424805, 3.693887948989868, 3.675949811935425, 3.6593003273010254, 3.6439120769500732, 3.6297597885131836, 3.616820812225342, 3.605073928833008, 3.5945005416870117, 3.5850841999053955, 3.5768096446990967, 3.5696640014648438, 3.563636302947998, 3.5587172508239746, 3.554898977279663, 3.552175998687744, 3.550543785095215, 3.549999952316284]
intensities: [0.0, 0.0, 0.0, 0.0, 0.0, 0.0, 0.0, 0.0, 0.0, 0.0, 0.0, 0.0, 0.0, 0.0, 0.0, 0.0, 0.0, 0.0, 0.0, 0.0, 0.0, 0.0, 0.0, 0.0, 0.0, 0.0, 0.0, 0.0, 0.0, 0.0, 0.0, 0.0, 0.0, 0.0, 0.0, 0.0, 0.0, 0.0, 0.0, 0.0, 0.0, 0.0, 0.0, 0.0, 0.0, 0.0, 0.0, 0.0, 0.0, 0.0, 0.0, 0.0, 0.0, 0.0, 0.0, 0.0, 0.0, 0.0, 0.0, 0.0, 0.0, 0.0, 0.0, 0.0, 0.0, 0.0, 0.0, 0.0, 0.0, 0.0, 0.0, 0.0, 0.0, 0.0, 0.0, 0.0, 0.0, 0.0, 0.0, 0.0, 0.0, 0.0, 0.0, 0.0, 0.0, 0.0, 0.0, 0.0, 0.0, 0.0, 0.0, 0.0, 0.0, 0.0, 0.0, 0.0, 0.0, 0.0, 0.0, 0.0, 0.0, 0.0, 0.0, 0.0, 0.0, 0.0, 0.0, 0.0, 0.0, 0.0, 0.0, 0.0, 0.0, 0.0, 0.0, 0.0, 0.0, 0.0, 0.0, 0.0, 0.0, 0.0, 0.0, 0.0, 0.0, 0.0, 0.0, 0.0, 0.0, 0.0, 0.0, 0.0, 0.0, 0.0, 0.0, 0.0, 0.0, 0.0, 0.0, 0.0, 0.0, 0.0, 0.0, 0.0, 0.0, 0.0, 0.0, 0.0, 0.0, 0.0, 0.0, 0.0, 0.0, 0.0, 0.0, 0.0, 0.0, 0.0, 0.0, 0.0, 0.0, 0.0, 0.0, 0.0, 0.0, 0.0, 0.0, 0.0, 0.0, 0.0, 0.0, 0.0, 0.0, 0.0, 0.0, 0.0, 0.0, 0.0, 0.0, 0.0, 0.0, 0.0, 0.0, 0.0, 0.0, 0.0, 0.0, 0.0, 0.0, 0.0, 0.0, 0.0, 0.0, 0.0, 0.0, 0.0, 0.0, 0.0, 0.0, 0.0, 0.0, 0.0, 0.0, 0.0, 0.0, 0.0, 0.0, 0.0, 0.0, 0.0, 0.0, 0.0, 0.0, 0.0, 0.0, 0.0, 0.0, 0.0, 0.0, 0.0, 0.0, 0.0, 0.0, 0.0, 0.0, 0.0, 0.0, 0.0, 0.0, 0.0, 0.0, 0.0, 0.0, 0.0, 0.0, 0.0, 0.0, 0.0, 0.0, 0.0, 0.0, 0.0, 0.0, 0.0, 0.0, 0.0, 0.0, 0.0, 0.0, 0.0, 0.0, 0.0, 0.0, 0.0, 0.0, 0.0, 0.0, 0.0, 0.0, 0.0, 0.0, 0.0, 0.0, 0.0, 0.0, 0.0, 0.0, 0.0, 0.0, 0.0, 0.0, 0.0, 0.0, 0.0, 0.0, 0.0, 0.0, 0.0, 0.0, 0.0, 0.0, 0.0, 0.0, 0.0, 0.0, 0.0, 0.0, 0.0, 0.0, 0.0, 0.0, 0.0, 0.0, 0.0, 0.0, 0.0, 0.0, 0.0, 0.0, 0.0, 0.0, 0.0, 0.0, 0.0, 0.0, 0.0, 0.0, 0.0, 0.0, 0.0, 0.0, 0.0, 0.0, 0.0, 0.0, 0.0, 0.0, 0.0, 0.0, 0.0, 0.0, 0.0, 0.0, 0.0, 0.0, 0.0, 0.0, 0.0, 0.0, 0.0, 0.0, 0.0, 0.0, 0.0, 0.0, 0.0, 0.0, 0.0, 0.0, 0.0, 0.0, 0.0, 0.0, 0.0, 0.0, 0.0, 0.0, 0.0, 0.0, 0.0, 0.0, 0.0, 0.0, 0.0, 0.0, 0.0, 0.0, 0.0, 0.0, 0.0]
---
header: 
  seq: 6463
  stamp: 
    secs: 646
    nsecs: 400000000
  frame_id: "base_laser_link"
angle_min: -3.14159274101
angle_max: 3.14159274101
angle_increment: 0.0175019092858
time_increment: 0.0
scan_time: 0.0
range_min: 0.15000000596
range_max: 16.0
ranges: [3.549999952316284, 3.550543785095215, 3.552175998687744, 3.554898977279663, 3.5451979637145996, 3.563636302947998, 3.187559127807617, 2.851372003555298, 2.676189661026001, 2.6832187175750732, 2.6911115646362305, 2.699880361557007, 2.7095389366149902, 2.7201032638549805, 2.7315902709960938, 2.744018793106079, 2.7574093341827393, 2.771784543991089, 2.787168502807617, 2.783531904220581, 2.821070909500122, 2.839648485183716, 2.859354257583618, 2.8802237510681152, 2.9022958278656006, 2.925611734390259, 2.950216293334961, 2.9761576652526855, 3.0034873485565186, 3.0322611331939697, 3.0625386238098145, 3.09438419342041, 3.1176626682281494, 3.156045436859131, 3.1770193576812744, 3.22843599319458, 3.2615625858306885, 3.3004448413848877, 3.2941842079162598, 3.214833974838257, 3.151179552078247, 3.0926451683044434, 3.0602190494537354, 3.027702569961548, 3.0786280632019043, 3.1284356117248535, 3.1820032596588135, 3.2376363277435303, 3.2955129146575928, 3.359947443008423, 3.413215160369873, 3.516477346420288, 3.5861268043518066, 3.66755747795105, 3.7454888820648193, 3.8518903255462646, 3.962189197540283, 4.066118240356445, 4.163664817810059, 4.290487289428711, 4.423425197601318, 4.563201904296875, 4.5273284912109375, 4.482330799102783, 4.443685531616211, 4.407039642333984, 4.372321128845215, 4.3394646644592285, 4.308407783508301, 4.2790937423706055, 4.251469612121582, 4.225485801696777, 4.201096534729004, 4.17825984954834, 4.156936168670654, 4.13709020614624, 4.118688583374023, 4.101700305938721, 4.0860981941223145, 4.07185697555542, 4.058953762054443, 4.047367572784424, 4.03708028793335, 4.028076171875, 4.020340919494629, 4.013862609863281, 4.008630752563477, 4.004637718200684, 4.0018768310546875, 4.000344753265381, 4.000038146972656, 4.000957489013672, 4.003103256225586, 4.006479740142822, 4.011091232299805, 4.0169453620910645, 4.024050712585449, 4.032419204711914, 4.042062759399414, 4.05299711227417, 4.065239429473877, 4.078808784484863, 4.0937275886535645, 4.110019207000732, 4.127710819244385, 4.1468305587768555, 4.1674113273620605, 4.189486503601074, 4.213094711303711, 4.238275527954102, 4.265073776245117, 4.29353666305542, 4.323714733123779, 4.355664253234863, 4.389443874359131, 4.425117492675781, 4.462753772735596, 4.502426624298096, 4.544216156005859, 4.588206768035889, 4.634490966796875, 4.683167934417725, 4.734343528747559, 4.788132667541504, 4.844659328460693, 4.904056549072266, 4.966468334197998, 5.032050609588623, 5.100971698760986, 5.173413276672363, 5.249573707580566, 5.3296661376953125, 5.4139251708984375, 5.337525367736816, 5.232239246368408, 5.156432151794434, 5.069642066955566, 4.987226963043213, 4.908928394317627, 4.834508419036865, 4.763748645782471, 4.69644832611084, 4.632421970367432, 4.571499347686768, 4.513523101806641, 4.458347320556641, 4.405837535858154, 4.355868816375732, 4.30832576751709, 4.263101100921631, 4.220095634460449, 4.179215908050537, 4.140377044677734, 4.103498458862305, 4.068506717681885, 4.035332202911377, 4.003910541534424, 3.974182367324829, 3.946092367172241, 3.919588804244995, 3.8946239948272705, 3.8711533546447754, 3.8491358757019043, 3.828533411026001, 3.8093111515045166, 3.791436195373535, 3.7748794555664062, 3.759613037109375, 3.745612382888794, 3.7328548431396484, 3.7213196754455566, 3.710988998413086, 3.701846122741699, 3.6938769817352295, 3.6870691776275635, 3.6814117431640625, 3.676896333694458, 3.673515796661377, 3.671265125274658, 3.670140504837036, 3.670140504837036, 3.671265125274658, 3.673515796661377, 3.676896333694458, 3.6814117431640625, 3.6870691776275635, 3.6938769817352295, 3.701846122741699, 3.710988998413086, 3.7213196754455566, 3.7328548431396484, 3.745612382888794, 3.759613037109375, 3.7748794555664062, 3.791436195373535, 3.8093111515045166, 3.828533411026001, 3.8491358757019043, 3.8711533546447754, 3.8946239948272705, 3.919588804244995, 3.946092367172241, 3.974182367324829, 4.003910541534424, 4.035332202911377, 4.068506717681885, 4.103498458862305, 4.140377044677734, 4.179215908050537, 4.220095634460449, 4.263101100921631, 4.30832576751709, 4.355868816375732, 4.405837535858154, 4.458347320556641, 4.513523101806641, 4.571499347686768, 4.632421970367432, 4.69644832611084, 4.763748645782471, 4.834508419036865, 4.908928394317627, 4.987226963043213, 5.069642066955566, 5.156432151794434, 5.224981307983398, 5.3413214683532715, 5.440994739532471, 5.409611225128174, 5.407060623168945, 5.328615665435791, 5.254000663757324, 5.18301248550415, 5.115462779998779, 5.051177978515625, 4.989998817443848, 4.931776523590088, 4.876373767852783, 4.823662757873535, 4.773525714874268, 4.725852966308594, 4.680542469024658, 4.637499809265137, 4.5966362953186035, 4.557870864868164, 4.521127223968506, 4.486334323883057, 4.453426361083984, 4.422342777252197, 4.393025875091553, 4.365423679351807, 4.339487552642822, 4.315171241760254, 4.292433738708496, 4.271235942840576, 4.251542091369629, 4.2333197593688965, 4.21653938293457, 4.201173305511475, 4.187196731567383, 4.174586772918701, 4.163324356079102, 4.153391361236572, 4.144772529602051, 4.137453556060791, 4.1314239501953125, 4.126674175262451, 4.123196601867676, 4.120985984802246, 4.120039463043213, 4.120355129241943, 4.121933460235596, 4.124776840209961, 4.128889560699463, 4.134278297424316, 4.140951156616211, 4.148918628692627, 4.158193111419678, 4.168788433074951, 4.180722236633301, 4.194012641906738, 4.208681106567383, 4.2247514724731445, 4.242249011993408, 4.261202812194824, 4.281644344329834, 4.30360746383667, 4.327129364013672, 4.352250099182129, 4.379013538360596, 4.407466888427734, 4.437660217285156, 4.469648361206055, 4.503490924835205, 4.495180606842041, 4.356918811798096, 4.220245361328125, 4.116729259490967, 4.162909984588623, 4.217075347900391, 4.26254940032959, 4.308218955993652, 4.356226921081543, 4.406681537628174, 4.459701061248779, 4.515411853790283, 4.57395076751709, 4.635465621948242, 4.700117588043213, 4.7680792808532715, 4.839539527893066, 4.914702415466309, 4.993791103363037, 5.077046871185303, 5.023622035980225, 4.945307731628418, 4.863503932952881, 4.785804748535156, 4.71196985244751, 4.641778945922852, 4.575028896331787, 4.511534214019775, 4.451122283935547, 4.393634796142578, 4.338925838470459, 4.286859035491943, 4.23730993270874, 4.19016170501709, 4.1453070640563965, 4.1026458740234375, 4.0620856285095215, 4.0235395431518555, 3.9869282245635986, 3.952176570892334, 3.919215679168701, 3.8879811763763428, 3.8584132194519043, 3.830455780029297, 3.8040575981140137, 3.779170274734497, 3.755749464035034, 3.7337539196014404, 3.7131452560424805, 3.693887948989868, 3.675949811935425, 3.6593003273010254, 3.6439120769500732, 3.6297597885131836, 3.616820812225342, 3.605073928833008, 3.5945005416870117, 3.5850841999053955, 3.5768096446990967, 3.5696640014648438, 3.563636302947998, 3.5587172508239746, 3.554898977279663, 3.552175998687744, 3.550543785095215, 3.549999952316284]
intensities: [0.0, 0.0, 0.0, 0.0, 0.0, 0.0, 0.0, 0.0, 0.0, 0.0, 0.0, 0.0, 0.0, 0.0, 0.0, 0.0, 0.0, 0.0, 0.0, 0.0, 0.0, 0.0, 0.0, 0.0, 0.0, 0.0, 0.0, 0.0, 0.0, 0.0, 0.0, 0.0, 0.0, 0.0, 0.0, 0.0, 0.0, 0.0, 0.0, 0.0, 0.0, 0.0, 0.0, 0.0, 0.0, 0.0, 0.0, 0.0, 0.0, 0.0, 0.0, 0.0, 0.0, 0.0, 0.0, 0.0, 0.0, 0.0, 0.0, 0.0, 0.0, 0.0, 0.0, 0.0, 0.0, 0.0, 0.0, 0.0, 0.0, 0.0, 0.0, 0.0, 0.0, 0.0, 0.0, 0.0, 0.0, 0.0, 0.0, 0.0, 0.0, 0.0, 0.0, 0.0, 0.0, 0.0, 0.0, 0.0, 0.0, 0.0, 0.0, 0.0, 0.0, 0.0, 0.0, 0.0, 0.0, 0.0, 0.0, 0.0, 0.0, 0.0, 0.0, 0.0, 0.0, 0.0, 0.0, 0.0, 0.0, 0.0, 0.0, 0.0, 0.0, 0.0, 0.0, 0.0, 0.0, 0.0, 0.0, 0.0, 0.0, 0.0, 0.0, 0.0, 0.0, 0.0, 0.0, 0.0, 0.0, 0.0, 0.0, 0.0, 0.0, 0.0, 0.0, 0.0, 0.0, 0.0, 0.0, 0.0, 0.0, 0.0, 0.0, 0.0, 0.0, 0.0, 0.0, 0.0, 0.0, 0.0, 0.0, 0.0, 0.0, 0.0, 0.0, 0.0, 0.0, 0.0, 0.0, 0.0, 0.0, 0.0, 0.0, 0.0, 0.0, 0.0, 0.0, 0.0, 0.0, 0.0, 0.0, 0.0, 0.0, 0.0, 0.0, 0.0, 0.0, 0.0, 0.0, 0.0, 0.0, 0.0, 0.0, 0.0, 0.0, 0.0, 0.0, 0.0, 0.0, 0.0, 0.0, 0.0, 0.0, 0.0, 0.0, 0.0, 0.0, 0.0, 0.0, 0.0, 0.0, 0.0, 0.0, 0.0, 0.0, 0.0, 0.0, 0.0, 0.0, 0.0, 0.0, 0.0, 0.0, 0.0, 0.0, 0.0, 0.0, 0.0, 0.0, 0.0, 0.0, 0.0, 0.0, 0.0, 0.0, 0.0, 0.0, 0.0, 0.0, 0.0, 0.0, 0.0, 0.0, 0.0, 0.0, 0.0, 0.0, 0.0, 0.0, 0.0, 0.0, 0.0, 0.0, 0.0, 0.0, 0.0, 0.0, 0.0, 0.0, 0.0, 0.0, 0.0, 0.0, 0.0, 0.0, 0.0, 0.0, 0.0, 0.0, 0.0, 0.0, 0.0, 0.0, 0.0, 0.0, 0.0, 0.0, 0.0, 0.0, 0.0, 0.0, 0.0, 0.0, 0.0, 0.0, 0.0, 0.0, 0.0, 0.0, 0.0, 0.0, 0.0, 0.0, 0.0, 0.0, 0.0, 0.0, 0.0, 0.0, 0.0, 0.0, 0.0, 0.0, 0.0, 0.0, 0.0, 0.0, 0.0, 0.0, 0.0, 0.0, 0.0, 0.0, 0.0, 0.0, 0.0, 0.0, 0.0, 0.0, 0.0, 0.0, 0.0, 0.0, 0.0, 0.0, 0.0, 0.0, 0.0, 0.0, 0.0, 0.0, 0.0, 0.0, 0.0, 0.0, 0.0, 0.0, 0.0, 0.0, 0.0, 0.0, 0.0, 0.0, 0.0, 0.0, 0.0, 0.0, 0.0, 0.0, 0.0, 0.0, 0.0, 0.0, 0.0, 0.0, 0.0, 0.0, 0.0, 0.0, 0.0, 0.0, 0.0, 0.0, 0.0, 0.0, 0.0, 0.0, 0.0, 0.0, 0.0]
---
