header: 
  seq: 422
  stamp: 
    secs: 42
    nsecs: 300000000
  frame_id: "base_laser_link"
angle_min: -3.14159274101
angle_max: 3.14159274101
angle_increment: 0.0175019092858
time_increment: 0.0
scan_time: 0.0
range_min: 0.15000000596
range_max: 16.0
ranges: [2.069999933242798, 2.070317029953003, 2.0712687969207764, 2.0728566646575928, 2.075083017349243, 2.077951431274414, 2.08146595954895, 2.085632562637329, 2.0904574394226074, 2.0959482192993164, 2.1021134853363037, 2.1089630126953125, 2.1165077686309814, 2.1247599124908447, 2.133732795715332, 2.1434412002563477, 2.1539008617401123, 2.1651296615600586, 2.1771466732025146, 2.189972400665283, 2.2036287784576416, 2.2181406021118164, 2.2335333824157715, 2.249835252761841, 2.267076253890991, 2.2852892875671387, 2.304508686065674, 2.3247721195220947, 2.3461203575134277, 2.368596315383911, 2.392246961593628, 2.4171228408813477, 2.443277359008789, 2.4707694053649902, 2.499661445617676, 2.5300214290618896, 2.561922311782837, 2.5954430103302, 2.630669116973877, 2.6676931381225586, 2.7066147327423096, 2.7475430965423584, 2.7905962467193604, 2.835902452468872, 2.8836019039154053, 2.930382251739502, 2.9833407402038574, 3.0402894020080566, 3.0981857776641846, 3.158334970474243, 3.2260923385620117, 3.2924249172210693, 3.368962526321411, 3.4425454139709473, 3.5291435718536377, 3.611295223236084, 3.697725534439087, 3.801923990249634, 3.8995015621185303, 4.026109218597412, 4.1526689529418945, 4.270600318908691, 4.41902494430542, 4.5528998374938965, 4.721292018890381, 4.900439739227295, 5.097588062286377, 5.305190086364746, 5.550373077392578, 5.792292594909668, 6.072020053863525, 6.130873203277588, 6.165109157562256, 6.131596088409424, 6.100304126739502, 6.0711798667907715, 6.044175148010254, 6.019245147705078, 5.996349334716797, 5.975450038909912, 5.956514358520508, 5.939511775970459, 5.924415588378906, 5.9112019538879395, 5.899850368499756, 5.890343189239502, 5.882665634155273, 5.876805782318115, 5.8727545738220215, 5.8705058097839355, 5.87005615234375, 5.871405124664307, 5.87455415725708, 5.879508972167969, 5.8862762451171875, 5.894867420196533, 5.905294895172119, 5.917574882507324, 5.931726932525635, 5.947772979736328, 5.965738773345947, 5.985651969909668, 6.007545471191406, 6.031453609466553, 6.05741548538208, 6.085474014282227, 6.115675926208496, 6.148071765899658, 6.182716369628906, 6.219669342041016, 6.258995532989502, 6.300764560699463, 6.3450517654418945, 6.391937255859375, 6.441508769989014, 6.493859767913818, 6.549091339111328, 6.607311248779297, 6.668636798858643, 6.733193397521973, 6.8011155128479, 6.708637714385986, 6.5413641929626465, 6.473138809204102, 6.55225133895874, 6.6327362060546875, 6.717148780822754, 6.805848598480225, 6.899064064025879, 6.997041702270508, 7.100048065185547, 7.208373546600342, 7.322333812713623, 7.442270755767822, 7.3394365310668945, 7.235865592956543, 7.114075183868408, 6.998425006866455, 6.888551235198975, 6.784119606018066, 6.684824466705322, 6.590383529663086, 6.500537395477295, 6.415046691894531, 6.333690166473389, 6.256263732910156, 6.1825785636901855, 6.112459182739258, 6.045743465423584, 5.98228120803833, 5.921932220458984, 5.864567279815674, 5.810065746307373, 5.758315563201904, 5.709212303161621, 5.662659168243408, 5.618566513061523, 5.576849937438965, 5.5374321937561035, 5.500240325927734, 5.465208053588867, 5.432272434234619, 4.457446098327637, 4.433587551116943, 4.411327362060547, 4.390627861022949, 4.359145164489746, 4.353775501251221, 4.337562084197998, 4.322788238525391, 4.309430122375488, 4.29746675491333, 4.286879062652588, 4.277650356292725, 4.269766807556152, 4.2632155418396, 4.257986068725586, 4.2540717124938965, 4.25146484375, 4.250162601470947, 4.250162601470947, 4.25146484375, 4.2540717124938965, 4.257986068725586, 3.8218472003936768, 3.8277204036712646, 3.8347878456115723, 3.8430609703063965, 3.852552652359009, 3.8632774353027344, 3.8752524852752686, 3.8884966373443604, 3.903031587600708, 3.9188802242279053, 3.9360687732696533, 3.954625368118286, 3.974581003189087, 3.995969295501709, 4.018826961517334, 4.0431928634643555, 4.069109916687012, 4.096624374389648, 4.125786304473877, 4.1566481590271, 4.189268589019775, 4.223708629608154, 4.247768402099609, 4.277679920196533, 4.317391872406006, 4.366389751434326, 4.401030540466309, 4.279383182525635, 4.161892890930176, 4.0480732917785645, 3.937483310699463, 3.8543150424957275, 3.7493174076080322, 3.671684503555298, 3.596544027328491, 3.523641586303711, 3.45274019241333, 3.383617877960205, 3.3160650730133057, 3.249882221221924, 3.18487811088562, 3.147737503051758, 3.095214366912842, 3.045332908630371, 2.9979372024536133, 2.952885150909424, 2.9100451469421387, 2.8692965507507324, 2.830528497695923, 2.7936384677886963, 2.7585318088531494, 2.725120782852173, 2.693324565887451, 2.6630680561065674, 2.634281873703003, 2.606901168823242, 2.5808663368225098, 2.556121587753296, 2.5326151847839355, 2.51029896736145, 2.489128589630127, 2.469062089920044, 2.450061082839966, 2.4320895671844482, 2.415114164352417, 2.399103879928589, 2.3840301036834717, 2.369865655899048, 2.356586217880249, 2.3441689014434814, 2.332592248916626, 2.3218374252319336, 2.3118858337402344, 2.3027217388153076, 2.29433012008667, 2.2866971492767334, 2.279810905456543, 2.273660182952881, 2.268235683441162, 2.26352858543396, 2.2595317363739014, 2.2562389373779297, 2.2536447048187256, 2.2517457008361816, 2.2505385875701904, 2.250021457672119, 2.2501938343048096, 2.2510557174682617, 2.25260853767395, 2.254854679107666, 2.2577977180480957, 2.261441946029663, 2.2657928466796875, 2.270857810974121, 2.276644229888916, 2.2831614017486572, 2.290419578552246, 2.2984302043914795, 2.307206392288208, 2.3167622089385986, 2.327113389968872, 2.3382766246795654, 2.350271224975586, 2.36311674118042, 2.376835823059082, 2.391451597213745, 2.4069902896881104, 2.4234793186187744, 2.440948963165283, 2.459430694580078, 2.478959798812866, 2.499573230743408, 2.521311044692993, 2.5442166328430176, 2.568336009979248, 2.593719005584717, 2.62041974067688, 2.6484954357147217, 2.6780083179473877, 2.7090256214141846, 2.74161958694458, 2.7758679389953613, 2.811854839324951, 2.8496716022491455, 2.889416456222534, 2.9311962127685547, 2.9751267433166504, 3.0213334560394287, 3.0426650047302246, 2.9824182987213135, 2.94926118850708, 2.9107747077941895, 2.844414234161377, 2.8104124069213867, 2.7475430965423584, 2.7066147327423096, 2.6676931381225586, 2.630669116973877, 2.5954430103302, 2.561922311782837, 2.5300214290618896, 2.499661445617676, 2.4707694053649902, 2.443277359008789, 2.4171228408813477, 2.392246961593628, 2.368596315383911, 2.3461203575134277, 2.3247721195220947, 2.304508686065674, 2.2852892875671387, 2.267076253890991, 2.249835252761841, 2.2335333824157715, 2.2181406021118164, 2.2036287784576416, 2.189972400665283, 2.1771466732025146, 2.1651296615600586, 2.1539008617401123, 2.1434412002563477, 2.133732795715332, 2.1247599124908447, 2.1165077686309814, 2.1089630126953125, 2.1021134853363037, 2.0959482192993164, 2.0904574394226074, 2.085632562637329, 2.08146595954895, 2.077951431274414, 2.075083017349243, 2.0728566646575928, 2.0712687969207764, 2.070317029953003, 2.069999933242798]
intensities: [0.0, 0.0, 0.0, 0.0, 0.0, 0.0, 0.0, 0.0, 0.0, 0.0, 0.0, 0.0, 0.0, 0.0, 0.0, 0.0, 0.0, 0.0, 0.0, 0.0, 0.0, 0.0, 0.0, 0.0, 0.0, 0.0, 0.0, 0.0, 0.0, 0.0, 0.0, 0.0, 0.0, 0.0, 0.0, 0.0, 0.0, 0.0, 0.0, 0.0, 0.0, 0.0, 0.0, 0.0, 0.0, 0.0, 0.0, 0.0, 0.0, 0.0, 0.0, 0.0, 0.0, 0.0, 0.0, 0.0, 0.0, 0.0, 0.0, 0.0, 0.0, 0.0, 0.0, 0.0, 0.0, 0.0, 0.0, 0.0, 0.0, 0.0, 0.0, 0.0, 0.0, 0.0, 0.0, 0.0, 0.0, 0.0, 0.0, 0.0, 0.0, 0.0, 0.0, 0.0, 0.0, 0.0, 0.0, 0.0, 0.0, 0.0, 0.0, 0.0, 0.0, 0.0, 0.0, 0.0, 0.0, 0.0, 0.0, 0.0, 0.0, 0.0, 0.0, 0.0, 0.0, 0.0, 0.0, 0.0, 0.0, 0.0, 0.0, 0.0, 0.0, 0.0, 0.0, 0.0, 0.0, 0.0, 0.0, 0.0, 0.0, 0.0, 0.0, 0.0, 0.0, 0.0, 0.0, 0.0, 0.0, 0.0, 0.0, 0.0, 0.0, 0.0, 0.0, 0.0, 0.0, 0.0, 0.0, 0.0, 0.0, 0.0, 0.0, 0.0, 0.0, 0.0, 0.0, 0.0, 0.0, 0.0, 0.0, 0.0, 0.0, 0.0, 0.0, 0.0, 0.0, 0.0, 0.0, 0.0, 0.0, 0.0, 0.0, 0.0, 0.0, 0.0, 0.0, 0.0, 0.0, 0.0, 0.0, 0.0, 0.0, 0.0, 0.0, 0.0, 0.0, 0.0, 0.0, 0.0, 0.0, 0.0, 0.0, 0.0, 0.0, 0.0, 0.0, 0.0, 0.0, 0.0, 0.0, 0.0, 0.0, 0.0, 0.0, 0.0, 0.0, 0.0, 0.0, 0.0, 0.0, 0.0, 0.0, 0.0, 0.0, 0.0, 0.0, 0.0, 0.0, 0.0, 0.0, 0.0, 0.0, 0.0, 0.0, 0.0, 0.0, 0.0, 0.0, 0.0, 0.0, 0.0, 0.0, 0.0, 0.0, 0.0, 0.0, 0.0, 0.0, 0.0, 0.0, 0.0, 0.0, 0.0, 0.0, 0.0, 0.0, 0.0, 0.0, 0.0, 0.0, 0.0, 0.0, 0.0, 0.0, 0.0, 0.0, 0.0, 0.0, 0.0, 0.0, 0.0, 0.0, 0.0, 0.0, 0.0, 0.0, 0.0, 0.0, 0.0, 0.0, 0.0, 0.0, 0.0, 0.0, 0.0, 0.0, 0.0, 0.0, 0.0, 0.0, 0.0, 0.0, 0.0, 0.0, 0.0, 0.0, 0.0, 0.0, 0.0, 0.0, 0.0, 0.0, 0.0, 0.0, 0.0, 0.0, 0.0, 0.0, 0.0, 0.0, 0.0, 0.0, 0.0, 0.0, 0.0, 0.0, 0.0, 0.0, 0.0, 0.0, 0.0, 0.0, 0.0, 0.0, 0.0, 0.0, 0.0, 0.0, 0.0, 0.0, 0.0, 0.0, 0.0, 0.0, 0.0, 0.0, 0.0, 0.0, 0.0, 0.0, 0.0, 0.0, 0.0, 0.0, 0.0, 0.0, 0.0, 0.0, 0.0, 0.0, 0.0, 0.0, 0.0, 0.0, 0.0, 0.0, 0.0, 0.0, 0.0, 0.0, 0.0, 0.0, 0.0, 0.0, 0.0, 0.0, 0.0, 0.0, 0.0, 0.0, 0.0, 0.0, 0.0, 0.0, 0.0, 0.0, 0.0, 0.0, 0.0]
---
header: 
  seq: 423
  stamp: 
    secs: 42
    nsecs: 400000000
  frame_id: "base_laser_link"
angle_min: -3.14159274101
angle_max: 3.14159274101
angle_increment: 0.0175019092858
time_increment: 0.0
scan_time: 0.0
range_min: 0.15000000596
range_max: 16.0
ranges: [2.069999933242798, 2.070317029953003, 2.0712687969207764, 2.0728566646575928, 2.075083017349243, 2.077951431274414, 2.08146595954895, 2.085632562637329, 2.0904574394226074, 2.0959482192993164, 2.1021134853363037, 2.1089630126953125, 2.1165077686309814, 2.1247599124908447, 2.133732795715332, 2.1434412002563477, 2.1539008617401123, 2.1651296615600586, 2.1771466732025146, 2.189972400665283, 2.2036287784576416, 2.2181406021118164, 2.2335333824157715, 2.249835252761841, 2.267076253890991, 2.2852892875671387, 2.304508686065674, 2.3247721195220947, 2.3461203575134277, 2.368596315383911, 2.392246961593628, 2.4171228408813477, 2.443277359008789, 2.4707694053649902, 2.499661445617676, 2.5300214290618896, 2.561922311782837, 2.5954430103302, 2.630669116973877, 2.6676931381225586, 2.7066147327423096, 2.7475430965423584, 2.7905962467193604, 2.835902452468872, 2.8836019039154053, 2.930382251739502, 2.9833407402038574, 3.0402894020080566, 3.0981857776641846, 3.158334970474243, 3.2260923385620117, 3.2924249172210693, 3.368962526321411, 3.4425454139709473, 3.5291435718536377, 3.611295223236084, 3.697725534439087, 3.801923990249634, 3.8995015621185303, 4.026109218597412, 4.1526689529418945, 4.270600318908691, 4.41902494430542, 4.5528998374938965, 4.721292018890381, 4.900439739227295, 5.097588062286377, 5.305190086364746, 5.550373077392578, 5.792292594909668, 6.072020053863525, 6.130873203277588, 6.165109157562256, 6.131596088409424, 6.100304126739502, 6.0711798667907715, 6.044175148010254, 6.019245147705078, 5.996349334716797, 5.975450038909912, 5.956514358520508, 5.939511775970459, 5.924415588378906, 5.9112019538879395, 5.899850368499756, 5.890343189239502, 5.882665634155273, 5.876805782318115, 5.8727545738220215, 5.8705058097839355, 5.87005615234375, 5.871405124664307, 5.87455415725708, 5.879508972167969, 5.8862762451171875, 5.894867420196533, 5.905294895172119, 5.917574882507324, 5.931726932525635, 5.947772979736328, 5.965738773345947, 5.985651969909668, 6.007545471191406, 6.031453609466553, 6.05741548538208, 6.085474014282227, 6.115675926208496, 6.148071765899658, 6.182716369628906, 6.219669342041016, 6.258995532989502, 6.300764560699463, 6.3450517654418945, 6.391937255859375, 6.441508769989014, 6.493859767913818, 6.549091339111328, 6.607311248779297, 6.668636798858643, 6.733193397521973, 6.8011155128479, 6.708637714385986, 6.5413641929626465, 6.473138809204102, 6.55225133895874, 6.6327362060546875, 6.717148780822754, 6.805848598480225, 6.899064064025879, 6.997041702270508, 7.100048065185547, 7.208373546600342, 7.322333812713623, 7.442270755767822, 7.3394365310668945, 7.235865592956543, 7.114075183868408, 6.998425006866455, 6.888551235198975, 6.784119606018066, 6.684824466705322, 6.590383529663086, 6.500537395477295, 6.415046691894531, 6.333690166473389, 6.256263732910156, 6.1825785636901855, 6.112459182739258, 6.045743465423584, 5.98228120803833, 5.921932220458984, 5.864567279815674, 5.810065746307373, 5.758315563201904, 5.709212303161621, 5.662659168243408, 5.618566513061523, 5.576849937438965, 5.5374321937561035, 5.500240325927734, 5.465208053588867, 5.432272434234619, 4.457446098327637, 4.433587551116943, 4.411327362060547, 4.390627861022949, 4.359145164489746, 4.353775501251221, 4.337562084197998, 4.322788238525391, 4.309430122375488, 4.29746675491333, 4.286879062652588, 4.277650356292725, 4.269766807556152, 4.2632155418396, 4.257986068725586, 4.2540717124938965, 4.25146484375, 4.250162601470947, 4.250162601470947, 4.25146484375, 4.2540717124938965, 4.257986068725586, 3.8218472003936768, 3.8277204036712646, 3.8347878456115723, 3.8430609703063965, 3.852552652359009, 3.8632774353027344, 3.8752524852752686, 3.8884966373443604, 3.903031587600708, 3.9188802242279053, 3.9360687732696533, 3.954625368118286, 3.974581003189087, 3.995969295501709, 4.018826961517334, 4.0431928634643555, 4.069109916687012, 4.096624374389648, 4.125786304473877, 4.1566481590271, 4.189268589019775, 4.223708629608154, 4.247768402099609, 4.277679920196533, 4.317391872406006, 4.366389751434326, 4.401030540466309, 4.279383182525635, 4.161892890930176, 4.0480732917785645, 3.937483310699463, 3.8543150424957275, 3.7493174076080322, 3.671684503555298, 3.596544027328491, 3.523641586303711, 3.45274019241333, 3.383617877960205, 3.3160650730133057, 3.249882221221924, 3.18487811088562, 3.147737503051758, 3.095214366912842, 3.045332908630371, 2.9979372024536133, 2.952885150909424, 2.9100451469421387, 2.8692965507507324, 2.830528497695923, 2.7936384677886963, 2.7585318088531494, 2.725120782852173, 2.693324565887451, 2.6630680561065674, 2.634281873703003, 2.606901168823242, 2.5808663368225098, 2.556121587753296, 2.5326151847839355, 2.51029896736145, 2.489128589630127, 2.469062089920044, 2.450061082839966, 2.4320895671844482, 2.415114164352417, 2.399103879928589, 2.3840301036834717, 2.369865655899048, 2.356586217880249, 2.3441689014434814, 2.332592248916626, 2.3218374252319336, 2.3118858337402344, 2.3027217388153076, 2.29433012008667, 2.2866971492767334, 2.279810905456543, 2.273660182952881, 2.268235683441162, 2.26352858543396, 2.2595317363739014, 2.2562389373779297, 2.2536447048187256, 2.2517457008361816, 2.2505385875701904, 2.250021457672119, 2.2501938343048096, 2.2510557174682617, 2.25260853767395, 2.254854679107666, 2.2577977180480957, 2.261441946029663, 2.2657928466796875, 2.270857810974121, 2.276644229888916, 2.2831614017486572, 2.290419578552246, 2.2984302043914795, 2.307206392288208, 2.3167622089385986, 2.327113389968872, 2.3382766246795654, 2.350271224975586, 2.36311674118042, 2.376835823059082, 2.391451597213745, 2.4069902896881104, 2.4234793186187744, 2.440948963165283, 2.459430694580078, 2.478959798812866, 2.499573230743408, 2.521311044692993, 2.5442166328430176, 2.568336009979248, 2.593719005584717, 2.62041974067688, 2.6484954357147217, 2.6780083179473877, 2.7090256214141846, 2.74161958694458, 2.7758679389953613, 2.811854839324951, 2.8496716022491455, 2.889416456222534, 2.9311962127685547, 2.9751267433166504, 3.0213334560394287, 3.0426650047302246, 2.9824182987213135, 2.94926118850708, 2.9107747077941895, 2.844414234161377, 2.8104124069213867, 2.7475430965423584, 2.7066147327423096, 2.6676931381225586, 2.630669116973877, 2.5954430103302, 2.561922311782837, 2.5300214290618896, 2.499661445617676, 2.4707694053649902, 2.443277359008789, 2.4171228408813477, 2.392246961593628, 2.368596315383911, 2.3461203575134277, 2.3247721195220947, 2.304508686065674, 2.2852892875671387, 2.267076253890991, 2.249835252761841, 2.2335333824157715, 2.2181406021118164, 2.2036287784576416, 2.189972400665283, 2.1771466732025146, 2.1651296615600586, 2.1539008617401123, 2.1434412002563477, 2.133732795715332, 2.1247599124908447, 2.1165077686309814, 2.1089630126953125, 2.1021134853363037, 2.0959482192993164, 2.0904574394226074, 2.085632562637329, 2.08146595954895, 2.077951431274414, 2.075083017349243, 2.0728566646575928, 2.0712687969207764, 2.070317029953003, 2.069999933242798]
intensities: [0.0, 0.0, 0.0, 0.0, 0.0, 0.0, 0.0, 0.0, 0.0, 0.0, 0.0, 0.0, 0.0, 0.0, 0.0, 0.0, 0.0, 0.0, 0.0, 0.0, 0.0, 0.0, 0.0, 0.0, 0.0, 0.0, 0.0, 0.0, 0.0, 0.0, 0.0, 0.0, 0.0, 0.0, 0.0, 0.0, 0.0, 0.0, 0.0, 0.0, 0.0, 0.0, 0.0, 0.0, 0.0, 0.0, 0.0, 0.0, 0.0, 0.0, 0.0, 0.0, 0.0, 0.0, 0.0, 0.0, 0.0, 0.0, 0.0, 0.0, 0.0, 0.0, 0.0, 0.0, 0.0, 0.0, 0.0, 0.0, 0.0, 0.0, 0.0, 0.0, 0.0, 0.0, 0.0, 0.0, 0.0, 0.0, 0.0, 0.0, 0.0, 0.0, 0.0, 0.0, 0.0, 0.0, 0.0, 0.0, 0.0, 0.0, 0.0, 0.0, 0.0, 0.0, 0.0, 0.0, 0.0, 0.0, 0.0, 0.0, 0.0, 0.0, 0.0, 0.0, 0.0, 0.0, 0.0, 0.0, 0.0, 0.0, 0.0, 0.0, 0.0, 0.0, 0.0, 0.0, 0.0, 0.0, 0.0, 0.0, 0.0, 0.0, 0.0, 0.0, 0.0, 0.0, 0.0, 0.0, 0.0, 0.0, 0.0, 0.0, 0.0, 0.0, 0.0, 0.0, 0.0, 0.0, 0.0, 0.0, 0.0, 0.0, 0.0, 0.0, 0.0, 0.0, 0.0, 0.0, 0.0, 0.0, 0.0, 0.0, 0.0, 0.0, 0.0, 0.0, 0.0, 0.0, 0.0, 0.0, 0.0, 0.0, 0.0, 0.0, 0.0, 0.0, 0.0, 0.0, 0.0, 0.0, 0.0, 0.0, 0.0, 0.0, 0.0, 0.0, 0.0, 0.0, 0.0, 0.0, 0.0, 0.0, 0.0, 0.0, 0.0, 0.0, 0.0, 0.0, 0.0, 0.0, 0.0, 0.0, 0.0, 0.0, 0.0, 0.0, 0.0, 0.0, 0.0, 0.0, 0.0, 0.0, 0.0, 0.0, 0.0, 0.0, 0.0, 0.0, 0.0, 0.0, 0.0, 0.0, 0.0, 0.0, 0.0, 0.0, 0.0, 0.0, 0.0, 0.0, 0.0, 0.0, 0.0, 0.0, 0.0, 0.0, 0.0, 0.0, 0.0, 0.0, 0.0, 0.0, 0.0, 0.0, 0.0, 0.0, 0.0, 0.0, 0.0, 0.0, 0.0, 0.0, 0.0, 0.0, 0.0, 0.0, 0.0, 0.0, 0.0, 0.0, 0.0, 0.0, 0.0, 0.0, 0.0, 0.0, 0.0, 0.0, 0.0, 0.0, 0.0, 0.0, 0.0, 0.0, 0.0, 0.0, 0.0, 0.0, 0.0, 0.0, 0.0, 0.0, 0.0, 0.0, 0.0, 0.0, 0.0, 0.0, 0.0, 0.0, 0.0, 0.0, 0.0, 0.0, 0.0, 0.0, 0.0, 0.0, 0.0, 0.0, 0.0, 0.0, 0.0, 0.0, 0.0, 0.0, 0.0, 0.0, 0.0, 0.0, 0.0, 0.0, 0.0, 0.0, 0.0, 0.0, 0.0, 0.0, 0.0, 0.0, 0.0, 0.0, 0.0, 0.0, 0.0, 0.0, 0.0, 0.0, 0.0, 0.0, 0.0, 0.0, 0.0, 0.0, 0.0, 0.0, 0.0, 0.0, 0.0, 0.0, 0.0, 0.0, 0.0, 0.0, 0.0, 0.0, 0.0, 0.0, 0.0, 0.0, 0.0, 0.0, 0.0, 0.0, 0.0, 0.0, 0.0, 0.0, 0.0, 0.0, 0.0, 0.0, 0.0, 0.0, 0.0, 0.0, 0.0, 0.0, 0.0, 0.0]
---
header: 
  seq: 424
  stamp: 
    secs: 42
    nsecs: 500000000
  frame_id: "base_laser_link"
angle_min: -3.14159274101
angle_max: 3.14159274101
angle_increment: 0.0175019092858
time_increment: 0.0
scan_time: 0.0
range_min: 0.15000000596
range_max: 16.0
ranges: [2.069999933242798, 2.070317029953003, 2.0712687969207764, 2.0728566646575928, 2.075083017349243, 2.077951431274414, 2.08146595954895, 2.085632562637329, 2.0904574394226074, 2.0959482192993164, 2.1021134853363037, 2.1089630126953125, 2.1165077686309814, 2.1247599124908447, 2.133732795715332, 2.1434412002563477, 2.1539008617401123, 2.1651296615600586, 2.1771466732025146, 2.189972400665283, 2.2036287784576416, 2.2181406021118164, 2.2335333824157715, 2.249835252761841, 2.267076253890991, 2.2852892875671387, 2.304508686065674, 2.3247721195220947, 2.3461203575134277, 2.368596315383911, 2.392246961593628, 2.4171228408813477, 2.443277359008789, 2.4707694053649902, 2.499661445617676, 2.5300214290618896, 2.561922311782837, 2.5954430103302, 2.630669116973877, 2.6676931381225586, 2.7066147327423096, 2.7475430965423584, 2.7905962467193604, 2.835902452468872, 2.8836019039154053, 2.930382251739502, 2.9833407402038574, 3.0402894020080566, 3.0981857776641846, 3.158334970474243, 3.2260923385620117, 3.2924249172210693, 3.368962526321411, 3.4425454139709473, 3.5291435718536377, 3.611295223236084, 3.697725534439087, 3.801923990249634, 3.8995015621185303, 4.026109218597412, 4.1526689529418945, 4.270600318908691, 4.41902494430542, 4.5528998374938965, 4.721292018890381, 4.900439739227295, 5.097588062286377, 5.305190086364746, 5.550373077392578, 5.792292594909668, 6.072020053863525, 6.130873203277588, 6.165109157562256, 6.131596088409424, 6.100304126739502, 6.0711798667907715, 6.044175148010254, 6.019245147705078, 5.996349334716797, 5.975450038909912, 5.956514358520508, 5.939511775970459, 5.924415588378906, 5.9112019538879395, 5.899850368499756, 5.890343189239502, 5.882665634155273, 5.876805782318115, 5.8727545738220215, 5.8705058097839355, 5.87005615234375, 5.871405124664307, 5.87455415725708, 5.879508972167969, 5.8862762451171875, 5.894867420196533, 5.905294895172119, 5.917574882507324, 5.931726932525635, 5.947772979736328, 5.965738773345947, 5.985651969909668, 6.007545471191406, 6.031453609466553, 6.05741548538208, 6.085474014282227, 6.115675926208496, 6.148071765899658, 6.182716369628906, 6.219669342041016, 6.258995532989502, 6.300764560699463, 6.3450517654418945, 6.391937255859375, 6.441508769989014, 6.493859767913818, 6.549091339111328, 6.607311248779297, 6.668636798858643, 6.733193397521973, 6.8011155128479, 6.708637714385986, 6.5413641929626465, 6.473138809204102, 6.55225133895874, 6.6327362060546875, 6.717148780822754, 6.805848598480225, 6.899064064025879, 6.997041702270508, 7.100048065185547, 7.208373546600342, 7.322333812713623, 7.442270755767822, 7.3394365310668945, 7.235865592956543, 7.114075183868408, 6.998425006866455, 6.888551235198975, 6.784119606018066, 6.684824466705322, 6.590383529663086, 6.500537395477295, 6.415046691894531, 6.333690166473389, 6.256263732910156, 6.1825785636901855, 6.112459182739258, 6.045743465423584, 5.98228120803833, 5.921932220458984, 5.864567279815674, 5.810065746307373, 5.758315563201904, 5.709212303161621, 5.662659168243408, 5.618566513061523, 5.576849937438965, 5.5374321937561035, 5.500240325927734, 5.465208053588867, 5.432272434234619, 4.457446098327637, 4.433587551116943, 4.411327362060547, 4.390627861022949, 4.359145164489746, 4.353775501251221, 4.337562084197998, 4.322788238525391, 4.309430122375488, 4.29746675491333, 4.286879062652588, 4.277650356292725, 4.269766807556152, 4.2632155418396, 4.257986068725586, 4.2540717124938965, 4.25146484375, 4.250162601470947, 4.250162601470947, 4.25146484375, 4.2540717124938965, 4.257986068725586, 3.8218472003936768, 3.8277204036712646, 3.8347878456115723, 3.8430609703063965, 3.852552652359009, 3.8632774353027344, 3.8752524852752686, 3.8884966373443604, 3.903031587600708, 3.9188802242279053, 3.9360687732696533, 3.954625368118286, 3.974581003189087, 3.995969295501709, 4.018826961517334, 4.0431928634643555, 4.069109916687012, 4.096624374389648, 4.125786304473877, 4.1566481590271, 4.189268589019775, 4.223708629608154, 4.247768402099609, 4.277679920196533, 4.317391872406006, 4.366389751434326, 4.401030540466309, 4.279383182525635, 4.161892890930176, 4.0480732917785645, 3.937483310699463, 3.8543150424957275, 3.7493174076080322, 3.671684503555298, 3.596544027328491, 3.523641586303711, 3.45274019241333, 3.383617877960205, 3.3160650730133057, 3.249882221221924, 3.18487811088562, 3.147737503051758, 3.095214366912842, 3.045332908630371, 2.9979372024536133, 2.952885150909424, 2.9100451469421387, 2.8692965507507324, 2.830528497695923, 2.7936384677886963, 2.7585318088531494, 2.725120782852173, 2.693324565887451, 2.6630680561065674, 2.634281873703003, 2.606901168823242, 2.5808663368225098, 2.556121587753296, 2.5326151847839355, 2.51029896736145, 2.489128589630127, 2.469062089920044, 2.450061082839966, 2.4320895671844482, 2.415114164352417, 2.399103879928589, 2.3840301036834717, 2.369865655899048, 2.356586217880249, 2.3441689014434814, 2.332592248916626, 2.3218374252319336, 2.3118858337402344, 2.3027217388153076, 2.29433012008667, 2.2866971492767334, 2.279810905456543, 2.273660182952881, 2.268235683441162, 2.26352858543396, 2.2595317363739014, 2.2562389373779297, 2.2536447048187256, 2.2517457008361816, 2.2505385875701904, 2.250021457672119, 2.2501938343048096, 2.2510557174682617, 2.25260853767395, 2.254854679107666, 2.2577977180480957, 2.261441946029663, 2.2657928466796875, 2.270857810974121, 2.276644229888916, 2.2831614017486572, 2.290419578552246, 2.2984302043914795, 2.307206392288208, 2.3167622089385986, 2.327113389968872, 2.3382766246795654, 2.350271224975586, 2.36311674118042, 2.376835823059082, 2.391451597213745, 2.4069902896881104, 2.4234793186187744, 2.440948963165283, 2.459430694580078, 2.478959798812866, 2.499573230743408, 2.521311044692993, 2.5442166328430176, 2.568336009979248, 2.593719005584717, 2.62041974067688, 2.6484954357147217, 2.6780083179473877, 2.7090256214141846, 2.74161958694458, 2.7758679389953613, 2.811854839324951, 2.8496716022491455, 2.889416456222534, 2.9311962127685547, 2.9751267433166504, 3.0213334560394287, 3.0426650047302246, 2.9824182987213135, 2.94926118850708, 2.9107747077941895, 2.844414234161377, 2.8104124069213867, 2.7475430965423584, 2.7066147327423096, 2.6676931381225586, 2.630669116973877, 2.5954430103302, 2.561922311782837, 2.5300214290618896, 2.499661445617676, 2.4707694053649902, 2.443277359008789, 2.4171228408813477, 2.392246961593628, 2.368596315383911, 2.3461203575134277, 2.3247721195220947, 2.304508686065674, 2.2852892875671387, 2.267076253890991, 2.249835252761841, 2.2335333824157715, 2.2181406021118164, 2.2036287784576416, 2.189972400665283, 2.1771466732025146, 2.1651296615600586, 2.1539008617401123, 2.1434412002563477, 2.133732795715332, 2.1247599124908447, 2.1165077686309814, 2.1089630126953125, 2.1021134853363037, 2.0959482192993164, 2.0904574394226074, 2.085632562637329, 2.08146595954895, 2.077951431274414, 2.075083017349243, 2.0728566646575928, 2.0712687969207764, 2.070317029953003, 2.069999933242798]
intensities: [0.0, 0.0, 0.0, 0.0, 0.0, 0.0, 0.0, 0.0, 0.0, 0.0, 0.0, 0.0, 0.0, 0.0, 0.0, 0.0, 0.0, 0.0, 0.0, 0.0, 0.0, 0.0, 0.0, 0.0, 0.0, 0.0, 0.0, 0.0, 0.0, 0.0, 0.0, 0.0, 0.0, 0.0, 0.0, 0.0, 0.0, 0.0, 0.0, 0.0, 0.0, 0.0, 0.0, 0.0, 0.0, 0.0, 0.0, 0.0, 0.0, 0.0, 0.0, 0.0, 0.0, 0.0, 0.0, 0.0, 0.0, 0.0, 0.0, 0.0, 0.0, 0.0, 0.0, 0.0, 0.0, 0.0, 0.0, 0.0, 0.0, 0.0, 0.0, 0.0, 0.0, 0.0, 0.0, 0.0, 0.0, 0.0, 0.0, 0.0, 0.0, 0.0, 0.0, 0.0, 0.0, 0.0, 0.0, 0.0, 0.0, 0.0, 0.0, 0.0, 0.0, 0.0, 0.0, 0.0, 0.0, 0.0, 0.0, 0.0, 0.0, 0.0, 0.0, 0.0, 0.0, 0.0, 0.0, 0.0, 0.0, 0.0, 0.0, 0.0, 0.0, 0.0, 0.0, 0.0, 0.0, 0.0, 0.0, 0.0, 0.0, 0.0, 0.0, 0.0, 0.0, 0.0, 0.0, 0.0, 0.0, 0.0, 0.0, 0.0, 0.0, 0.0, 0.0, 0.0, 0.0, 0.0, 0.0, 0.0, 0.0, 0.0, 0.0, 0.0, 0.0, 0.0, 0.0, 0.0, 0.0, 0.0, 0.0, 0.0, 0.0, 0.0, 0.0, 0.0, 0.0, 0.0, 0.0, 0.0, 0.0, 0.0, 0.0, 0.0, 0.0, 0.0, 0.0, 0.0, 0.0, 0.0, 0.0, 0.0, 0.0, 0.0, 0.0, 0.0, 0.0, 0.0, 0.0, 0.0, 0.0, 0.0, 0.0, 0.0, 0.0, 0.0, 0.0, 0.0, 0.0, 0.0, 0.0, 0.0, 0.0, 0.0, 0.0, 0.0, 0.0, 0.0, 0.0, 0.0, 0.0, 0.0, 0.0, 0.0, 0.0, 0.0, 0.0, 0.0, 0.0, 0.0, 0.0, 0.0, 0.0, 0.0, 0.0, 0.0, 0.0, 0.0, 0.0, 0.0, 0.0, 0.0, 0.0, 0.0, 0.0, 0.0, 0.0, 0.0, 0.0, 0.0, 0.0, 0.0, 0.0, 0.0, 0.0, 0.0, 0.0, 0.0, 0.0, 0.0, 0.0, 0.0, 0.0, 0.0, 0.0, 0.0, 0.0, 0.0, 0.0, 0.0, 0.0, 0.0, 0.0, 0.0, 0.0, 0.0, 0.0, 0.0, 0.0, 0.0, 0.0, 0.0, 0.0, 0.0, 0.0, 0.0, 0.0, 0.0, 0.0, 0.0, 0.0, 0.0, 0.0, 0.0, 0.0, 0.0, 0.0, 0.0, 0.0, 0.0, 0.0, 0.0, 0.0, 0.0, 0.0, 0.0, 0.0, 0.0, 0.0, 0.0, 0.0, 0.0, 0.0, 0.0, 0.0, 0.0, 0.0, 0.0, 0.0, 0.0, 0.0, 0.0, 0.0, 0.0, 0.0, 0.0, 0.0, 0.0, 0.0, 0.0, 0.0, 0.0, 0.0, 0.0, 0.0, 0.0, 0.0, 0.0, 0.0, 0.0, 0.0, 0.0, 0.0, 0.0, 0.0, 0.0, 0.0, 0.0, 0.0, 0.0, 0.0, 0.0, 0.0, 0.0, 0.0, 0.0, 0.0, 0.0, 0.0, 0.0, 0.0, 0.0, 0.0, 0.0, 0.0, 0.0, 0.0, 0.0, 0.0, 0.0, 0.0, 0.0, 0.0, 0.0, 0.0, 0.0, 0.0, 0.0, 0.0, 0.0]
---
header: 
  seq: 425
  stamp: 
    secs: 42
    nsecs: 600000000
  frame_id: "base_laser_link"
angle_min: -3.14159274101
angle_max: 3.14159274101
angle_increment: 0.0175019092858
time_increment: 0.0
scan_time: 0.0
range_min: 0.15000000596
range_max: 16.0
ranges: [2.069999933242798, 2.070317029953003, 2.0712687969207764, 2.0728566646575928, 2.075083017349243, 2.077951431274414, 2.08146595954895, 2.085632562637329, 2.0904574394226074, 2.0959482192993164, 2.1021134853363037, 2.1089630126953125, 2.1165077686309814, 2.1247599124908447, 2.133732795715332, 2.1434412002563477, 2.1539008617401123, 2.1651296615600586, 2.1771466732025146, 2.189972400665283, 2.2036287784576416, 2.2181406021118164, 2.2335333824157715, 2.249835252761841, 2.267076253890991, 2.2852892875671387, 2.304508686065674, 2.3247721195220947, 2.3461203575134277, 2.368596315383911, 2.392246961593628, 2.4171228408813477, 2.443277359008789, 2.4707694053649902, 2.499661445617676, 2.5300214290618896, 2.561922311782837, 2.5954430103302, 2.630669116973877, 2.6676931381225586, 2.7066147327423096, 2.7475430965423584, 2.7905962467193604, 2.835902452468872, 2.8836019039154053, 2.930382251739502, 2.9833407402038574, 3.0402894020080566, 3.0981857776641846, 3.158334970474243, 3.2260923385620117, 3.2924249172210693, 3.368962526321411, 3.4425454139709473, 3.5291435718536377, 3.611295223236084, 3.697725534439087, 3.801923990249634, 3.8995015621185303, 4.026109218597412, 4.1526689529418945, 4.270600318908691, 4.41902494430542, 4.5528998374938965, 4.721292018890381, 4.900439739227295, 5.097588062286377, 5.305190086364746, 5.550373077392578, 5.792292594909668, 6.072020053863525, 6.130873203277588, 6.165109157562256, 6.131596088409424, 6.100304126739502, 6.0711798667907715, 6.044175148010254, 6.019245147705078, 5.996349334716797, 5.975450038909912, 5.956514358520508, 5.939511775970459, 5.924415588378906, 5.9112019538879395, 5.899850368499756, 5.890343189239502, 5.882665634155273, 5.876805782318115, 5.8727545738220215, 5.8705058097839355, 5.87005615234375, 5.871405124664307, 5.87455415725708, 5.879508972167969, 5.8862762451171875, 5.894867420196533, 5.905294895172119, 5.917574882507324, 5.931726932525635, 5.947772979736328, 5.965738773345947, 5.985651969909668, 6.007545471191406, 6.031453609466553, 6.05741548538208, 6.085474014282227, 6.115675926208496, 6.148071765899658, 6.182716369628906, 6.219669342041016, 6.258995532989502, 6.300764560699463, 6.3450517654418945, 6.391937255859375, 6.441508769989014, 6.493859767913818, 6.549091339111328, 6.607311248779297, 6.668636798858643, 6.733193397521973, 6.8011155128479, 6.708637714385986, 6.5413641929626465, 6.473138809204102, 6.55225133895874, 6.6327362060546875, 6.717148780822754, 6.805848598480225, 6.899064064025879, 6.997041702270508, 7.100048065185547, 7.208373546600342, 7.322333812713623, 7.442270755767822, 7.3394365310668945, 7.235865592956543, 7.114075183868408, 6.998425006866455, 6.888551235198975, 6.784119606018066, 6.684824466705322, 6.590383529663086, 6.500537395477295, 6.415046691894531, 6.333690166473389, 6.256263732910156, 6.1825785636901855, 6.112459182739258, 6.045743465423584, 5.98228120803833, 5.921932220458984, 5.864567279815674, 5.810065746307373, 5.758315563201904, 5.709212303161621, 5.662659168243408, 5.618566513061523, 5.576849937438965, 5.5374321937561035, 5.500240325927734, 5.465208053588867, 5.432272434234619, 4.457446098327637, 4.433587551116943, 4.411327362060547, 4.390627861022949, 4.359145164489746, 4.353775501251221, 4.337562084197998, 4.322788238525391, 4.309430122375488, 4.29746675491333, 4.286879062652588, 4.277650356292725, 4.269766807556152, 4.2632155418396, 4.257986068725586, 4.2540717124938965, 4.25146484375, 4.250162601470947, 4.250162601470947, 4.25146484375, 4.2540717124938965, 4.257986068725586, 3.8218472003936768, 3.8277204036712646, 3.8347878456115723, 3.8430609703063965, 3.852552652359009, 3.8632774353027344, 3.8752524852752686, 3.8884966373443604, 3.903031587600708, 3.9188802242279053, 3.9360687732696533, 3.954625368118286, 3.974581003189087, 3.995969295501709, 4.018826961517334, 4.0431928634643555, 4.069109916687012, 4.096624374389648, 4.125786304473877, 4.1566481590271, 4.189268589019775, 4.223708629608154, 4.247768402099609, 4.277679920196533, 4.317391872406006, 4.366389751434326, 4.401030540466309, 4.279383182525635, 4.161892890930176, 4.0480732917785645, 3.937483310699463, 3.8543150424957275, 3.7493174076080322, 3.671684503555298, 3.596544027328491, 3.523641586303711, 3.45274019241333, 3.383617877960205, 3.3160650730133057, 3.249882221221924, 3.18487811088562, 3.147737503051758, 3.095214366912842, 3.045332908630371, 2.9979372024536133, 2.952885150909424, 2.9100451469421387, 2.8692965507507324, 2.830528497695923, 2.7936384677886963, 2.7585318088531494, 2.725120782852173, 2.693324565887451, 2.6630680561065674, 2.634281873703003, 2.606901168823242, 2.5808663368225098, 2.556121587753296, 2.5326151847839355, 2.51029896736145, 2.489128589630127, 2.469062089920044, 2.450061082839966, 2.4320895671844482, 2.415114164352417, 2.399103879928589, 2.3840301036834717, 2.369865655899048, 2.356586217880249, 2.3441689014434814, 2.332592248916626, 2.3218374252319336, 2.3118858337402344, 2.3027217388153076, 2.29433012008667, 2.2866971492767334, 2.279810905456543, 2.273660182952881, 2.268235683441162, 2.26352858543396, 2.2595317363739014, 2.2562389373779297, 2.2536447048187256, 2.2517457008361816, 2.2505385875701904, 2.250021457672119, 2.2501938343048096, 2.2510557174682617, 2.25260853767395, 2.254854679107666, 2.2577977180480957, 2.261441946029663, 2.2657928466796875, 2.270857810974121, 2.276644229888916, 2.2831614017486572, 2.290419578552246, 2.2984302043914795, 2.307206392288208, 2.3167622089385986, 2.327113389968872, 2.3382766246795654, 2.350271224975586, 2.36311674118042, 2.376835823059082, 2.391451597213745, 2.4069902896881104, 2.4234793186187744, 2.440948963165283, 2.459430694580078, 2.478959798812866, 2.499573230743408, 2.521311044692993, 2.5442166328430176, 2.568336009979248, 2.593719005584717, 2.62041974067688, 2.6484954357147217, 2.6780083179473877, 2.7090256214141846, 2.74161958694458, 2.7758679389953613, 2.811854839324951, 2.8496716022491455, 2.889416456222534, 2.9311962127685547, 2.9751267433166504, 3.0213334560394287, 3.0426650047302246, 2.9824182987213135, 2.94926118850708, 2.9107747077941895, 2.844414234161377, 2.8104124069213867, 2.7475430965423584, 2.7066147327423096, 2.6676931381225586, 2.630669116973877, 2.5954430103302, 2.561922311782837, 2.5300214290618896, 2.499661445617676, 2.4707694053649902, 2.443277359008789, 2.4171228408813477, 2.392246961593628, 2.368596315383911, 2.3461203575134277, 2.3247721195220947, 2.304508686065674, 2.2852892875671387, 2.267076253890991, 2.249835252761841, 2.2335333824157715, 2.2181406021118164, 2.2036287784576416, 2.189972400665283, 2.1771466732025146, 2.1651296615600586, 2.1539008617401123, 2.1434412002563477, 2.133732795715332, 2.1247599124908447, 2.1165077686309814, 2.1089630126953125, 2.1021134853363037, 2.0959482192993164, 2.0904574394226074, 2.085632562637329, 2.08146595954895, 2.077951431274414, 2.075083017349243, 2.0728566646575928, 2.0712687969207764, 2.070317029953003, 2.069999933242798]
intensities: [0.0, 0.0, 0.0, 0.0, 0.0, 0.0, 0.0, 0.0, 0.0, 0.0, 0.0, 0.0, 0.0, 0.0, 0.0, 0.0, 0.0, 0.0, 0.0, 0.0, 0.0, 0.0, 0.0, 0.0, 0.0, 0.0, 0.0, 0.0, 0.0, 0.0, 0.0, 0.0, 0.0, 0.0, 0.0, 0.0, 0.0, 0.0, 0.0, 0.0, 0.0, 0.0, 0.0, 0.0, 0.0, 0.0, 0.0, 0.0, 0.0, 0.0, 0.0, 0.0, 0.0, 0.0, 0.0, 0.0, 0.0, 0.0, 0.0, 0.0, 0.0, 0.0, 0.0, 0.0, 0.0, 0.0, 0.0, 0.0, 0.0, 0.0, 0.0, 0.0, 0.0, 0.0, 0.0, 0.0, 0.0, 0.0, 0.0, 0.0, 0.0, 0.0, 0.0, 0.0, 0.0, 0.0, 0.0, 0.0, 0.0, 0.0, 0.0, 0.0, 0.0, 0.0, 0.0, 0.0, 0.0, 0.0, 0.0, 0.0, 0.0, 0.0, 0.0, 0.0, 0.0, 0.0, 0.0, 0.0, 0.0, 0.0, 0.0, 0.0, 0.0, 0.0, 0.0, 0.0, 0.0, 0.0, 0.0, 0.0, 0.0, 0.0, 0.0, 0.0, 0.0, 0.0, 0.0, 0.0, 0.0, 0.0, 0.0, 0.0, 0.0, 0.0, 0.0, 0.0, 0.0, 0.0, 0.0, 0.0, 0.0, 0.0, 0.0, 0.0, 0.0, 0.0, 0.0, 0.0, 0.0, 0.0, 0.0, 0.0, 0.0, 0.0, 0.0, 0.0, 0.0, 0.0, 0.0, 0.0, 0.0, 0.0, 0.0, 0.0, 0.0, 0.0, 0.0, 0.0, 0.0, 0.0, 0.0, 0.0, 0.0, 0.0, 0.0, 0.0, 0.0, 0.0, 0.0, 0.0, 0.0, 0.0, 0.0, 0.0, 0.0, 0.0, 0.0, 0.0, 0.0, 0.0, 0.0, 0.0, 0.0, 0.0, 0.0, 0.0, 0.0, 0.0, 0.0, 0.0, 0.0, 0.0, 0.0, 0.0, 0.0, 0.0, 0.0, 0.0, 0.0, 0.0, 0.0, 0.0, 0.0, 0.0, 0.0, 0.0, 0.0, 0.0, 0.0, 0.0, 0.0, 0.0, 0.0, 0.0, 0.0, 0.0, 0.0, 0.0, 0.0, 0.0, 0.0, 0.0, 0.0, 0.0, 0.0, 0.0, 0.0, 0.0, 0.0, 0.0, 0.0, 0.0, 0.0, 0.0, 0.0, 0.0, 0.0, 0.0, 0.0, 0.0, 0.0, 0.0, 0.0, 0.0, 0.0, 0.0, 0.0, 0.0, 0.0, 0.0, 0.0, 0.0, 0.0, 0.0, 0.0, 0.0, 0.0, 0.0, 0.0, 0.0, 0.0, 0.0, 0.0, 0.0, 0.0, 0.0, 0.0, 0.0, 0.0, 0.0, 0.0, 0.0, 0.0, 0.0, 0.0, 0.0, 0.0, 0.0, 0.0, 0.0, 0.0, 0.0, 0.0, 0.0, 0.0, 0.0, 0.0, 0.0, 0.0, 0.0, 0.0, 0.0, 0.0, 0.0, 0.0, 0.0, 0.0, 0.0, 0.0, 0.0, 0.0, 0.0, 0.0, 0.0, 0.0, 0.0, 0.0, 0.0, 0.0, 0.0, 0.0, 0.0, 0.0, 0.0, 0.0, 0.0, 0.0, 0.0, 0.0, 0.0, 0.0, 0.0, 0.0, 0.0, 0.0, 0.0, 0.0, 0.0, 0.0, 0.0, 0.0, 0.0, 0.0, 0.0, 0.0, 0.0, 0.0, 0.0, 0.0, 0.0, 0.0, 0.0, 0.0, 0.0, 0.0, 0.0, 0.0, 0.0, 0.0, 0.0]
---
header: 
  seq: 426
  stamp: 
    secs: 42
    nsecs: 700000000
  frame_id: "base_laser_link"
angle_min: -3.14159274101
angle_max: 3.14159274101
angle_increment: 0.0175019092858
time_increment: 0.0
scan_time: 0.0
range_min: 0.15000000596
range_max: 16.0
ranges: [2.069999933242798, 2.070317029953003, 2.0712687969207764, 2.0728566646575928, 2.075083017349243, 2.077951431274414, 2.08146595954895, 2.085632562637329, 2.0904574394226074, 2.0959482192993164, 2.1021134853363037, 2.1089630126953125, 2.1165077686309814, 2.1247599124908447, 2.133732795715332, 2.1434412002563477, 2.1539008617401123, 2.1651296615600586, 2.1771466732025146, 2.189972400665283, 2.2036287784576416, 2.2181406021118164, 2.2335333824157715, 2.249835252761841, 2.267076253890991, 2.2852892875671387, 2.304508686065674, 2.3247721195220947, 2.3461203575134277, 2.368596315383911, 2.392246961593628, 2.4171228408813477, 2.443277359008789, 2.4707694053649902, 2.499661445617676, 2.5300214290618896, 2.561922311782837, 2.5954430103302, 2.630669116973877, 2.6676931381225586, 2.7066147327423096, 2.7475430965423584, 2.7905962467193604, 2.835902452468872, 2.8836019039154053, 2.930382251739502, 2.9833407402038574, 3.0402894020080566, 3.0981857776641846, 3.158334970474243, 3.2260923385620117, 3.2924249172210693, 3.368962526321411, 3.4425454139709473, 3.5291435718536377, 3.611295223236084, 3.697725534439087, 3.801923990249634, 3.8995015621185303, 4.026109218597412, 4.1526689529418945, 4.270600318908691, 4.41902494430542, 4.5528998374938965, 4.721292018890381, 4.900439739227295, 5.097588062286377, 5.305190086364746, 5.550373077392578, 5.792292594909668, 6.072020053863525, 6.130873203277588, 6.165109157562256, 6.131596088409424, 6.100304126739502, 6.0711798667907715, 6.044175148010254, 6.019245147705078, 5.996349334716797, 5.975450038909912, 5.956514358520508, 5.939511775970459, 5.924415588378906, 5.9112019538879395, 5.899850368499756, 5.890343189239502, 5.882665634155273, 5.876805782318115, 5.8727545738220215, 5.8705058097839355, 5.87005615234375, 5.871405124664307, 5.87455415725708, 5.879508972167969, 5.8862762451171875, 5.894867420196533, 5.905294895172119, 5.917574882507324, 5.931726932525635, 5.947772979736328, 5.965738773345947, 5.985651969909668, 6.007545471191406, 6.031453609466553, 6.05741548538208, 6.085474014282227, 6.115675926208496, 6.148071765899658, 6.182716369628906, 6.219669342041016, 6.258995532989502, 6.300764560699463, 6.3450517654418945, 6.391937255859375, 6.441508769989014, 6.493859767913818, 6.549091339111328, 6.607311248779297, 6.668636798858643, 6.733193397521973, 6.8011155128479, 6.708637714385986, 6.5413641929626465, 6.473138809204102, 6.55225133895874, 6.6327362060546875, 6.717148780822754, 6.805848598480225, 6.899064064025879, 6.997041702270508, 7.100048065185547, 7.208373546600342, 7.322333812713623, 7.442270755767822, 7.3394365310668945, 7.235865592956543, 7.114075183868408, 6.998425006866455, 6.888551235198975, 6.784119606018066, 6.684824466705322, 6.590383529663086, 6.500537395477295, 6.415046691894531, 6.333690166473389, 6.256263732910156, 6.1825785636901855, 6.112459182739258, 6.045743465423584, 5.98228120803833, 5.921932220458984, 5.864567279815674, 5.810065746307373, 5.758315563201904, 5.709212303161621, 5.662659168243408, 5.618566513061523, 5.576849937438965, 5.5374321937561035, 5.500240325927734, 5.465208053588867, 5.432272434234619, 4.457446098327637, 4.433587551116943, 4.411327362060547, 4.390627861022949, 4.359145164489746, 4.353775501251221, 4.337562084197998, 4.322788238525391, 4.309430122375488, 4.29746675491333, 4.286879062652588, 4.277650356292725, 4.269766807556152, 4.2632155418396, 4.257986068725586, 4.2540717124938965, 4.25146484375, 4.250162601470947, 4.250162601470947, 4.25146484375, 4.2540717124938965, 4.257986068725586, 3.8218472003936768, 3.8277204036712646, 3.8347878456115723, 3.8430609703063965, 3.852552652359009, 3.8632774353027344, 3.8752524852752686, 3.8884966373443604, 3.903031587600708, 3.9188802242279053, 3.9360687732696533, 3.954625368118286, 3.974581003189087, 3.995969295501709, 4.018826961517334, 4.0431928634643555, 4.069109916687012, 4.096624374389648, 4.125786304473877, 4.1566481590271, 4.189268589019775, 4.223708629608154, 4.247768402099609, 4.277679920196533, 4.317391872406006, 4.366389751434326, 4.401030540466309, 4.279383182525635, 4.161892890930176, 4.0480732917785645, 3.937483310699463, 3.8543150424957275, 3.7493174076080322, 3.671684503555298, 3.596544027328491, 3.523641586303711, 3.45274019241333, 3.383617877960205, 3.3160650730133057, 3.249882221221924, 3.18487811088562, 3.147737503051758, 3.095214366912842, 3.045332908630371, 2.9979372024536133, 2.952885150909424, 2.9100451469421387, 2.8692965507507324, 2.830528497695923, 2.7936384677886963, 2.7585318088531494, 2.725120782852173, 2.693324565887451, 2.6630680561065674, 2.634281873703003, 2.606901168823242, 2.5808663368225098, 2.556121587753296, 2.5326151847839355, 2.51029896736145, 2.489128589630127, 2.469062089920044, 2.450061082839966, 2.4320895671844482, 2.415114164352417, 2.399103879928589, 2.3840301036834717, 2.369865655899048, 2.356586217880249, 2.3441689014434814, 2.332592248916626, 2.3218374252319336, 2.3118858337402344, 2.3027217388153076, 2.29433012008667, 2.2866971492767334, 2.279810905456543, 2.273660182952881, 2.268235683441162, 2.26352858543396, 2.2595317363739014, 2.2562389373779297, 2.2536447048187256, 2.2517457008361816, 2.2505385875701904, 2.250021457672119, 2.2501938343048096, 2.2510557174682617, 2.25260853767395, 2.254854679107666, 2.2577977180480957, 2.261441946029663, 2.2657928466796875, 2.270857810974121, 2.276644229888916, 2.2831614017486572, 2.290419578552246, 2.2984302043914795, 2.307206392288208, 2.3167622089385986, 2.327113389968872, 2.3382766246795654, 2.350271224975586, 2.36311674118042, 2.376835823059082, 2.391451597213745, 2.4069902896881104, 2.4234793186187744, 2.440948963165283, 2.459430694580078, 2.478959798812866, 2.499573230743408, 2.521311044692993, 2.5442166328430176, 2.568336009979248, 2.593719005584717, 2.62041974067688, 2.6484954357147217, 2.6780083179473877, 2.7090256214141846, 2.74161958694458, 2.7758679389953613, 2.811854839324951, 2.8496716022491455, 2.889416456222534, 2.9311962127685547, 2.9751267433166504, 3.0213334560394287, 3.0426650047302246, 2.9824182987213135, 2.94926118850708, 2.9107747077941895, 2.844414234161377, 2.8104124069213867, 2.7475430965423584, 2.7066147327423096, 2.6676931381225586, 2.630669116973877, 2.5954430103302, 2.561922311782837, 2.5300214290618896, 2.499661445617676, 2.4707694053649902, 2.443277359008789, 2.4171228408813477, 2.392246961593628, 2.368596315383911, 2.3461203575134277, 2.3247721195220947, 2.304508686065674, 2.2852892875671387, 2.267076253890991, 2.249835252761841, 2.2335333824157715, 2.2181406021118164, 2.2036287784576416, 2.189972400665283, 2.1771466732025146, 2.1651296615600586, 2.1539008617401123, 2.1434412002563477, 2.133732795715332, 2.1247599124908447, 2.1165077686309814, 2.1089630126953125, 2.1021134853363037, 2.0959482192993164, 2.0904574394226074, 2.085632562637329, 2.08146595954895, 2.077951431274414, 2.075083017349243, 2.0728566646575928, 2.0712687969207764, 2.070317029953003, 2.069999933242798]
intensities: [0.0, 0.0, 0.0, 0.0, 0.0, 0.0, 0.0, 0.0, 0.0, 0.0, 0.0, 0.0, 0.0, 0.0, 0.0, 0.0, 0.0, 0.0, 0.0, 0.0, 0.0, 0.0, 0.0, 0.0, 0.0, 0.0, 0.0, 0.0, 0.0, 0.0, 0.0, 0.0, 0.0, 0.0, 0.0, 0.0, 0.0, 0.0, 0.0, 0.0, 0.0, 0.0, 0.0, 0.0, 0.0, 0.0, 0.0, 0.0, 0.0, 0.0, 0.0, 0.0, 0.0, 0.0, 0.0, 0.0, 0.0, 0.0, 0.0, 0.0, 0.0, 0.0, 0.0, 0.0, 0.0, 0.0, 0.0, 0.0, 0.0, 0.0, 0.0, 0.0, 0.0, 0.0, 0.0, 0.0, 0.0, 0.0, 0.0, 0.0, 0.0, 0.0, 0.0, 0.0, 0.0, 0.0, 0.0, 0.0, 0.0, 0.0, 0.0, 0.0, 0.0, 0.0, 0.0, 0.0, 0.0, 0.0, 0.0, 0.0, 0.0, 0.0, 0.0, 0.0, 0.0, 0.0, 0.0, 0.0, 0.0, 0.0, 0.0, 0.0, 0.0, 0.0, 0.0, 0.0, 0.0, 0.0, 0.0, 0.0, 0.0, 0.0, 0.0, 0.0, 0.0, 0.0, 0.0, 0.0, 0.0, 0.0, 0.0, 0.0, 0.0, 0.0, 0.0, 0.0, 0.0, 0.0, 0.0, 0.0, 0.0, 0.0, 0.0, 0.0, 0.0, 0.0, 0.0, 0.0, 0.0, 0.0, 0.0, 0.0, 0.0, 0.0, 0.0, 0.0, 0.0, 0.0, 0.0, 0.0, 0.0, 0.0, 0.0, 0.0, 0.0, 0.0, 0.0, 0.0, 0.0, 0.0, 0.0, 0.0, 0.0, 0.0, 0.0, 0.0, 0.0, 0.0, 0.0, 0.0, 0.0, 0.0, 0.0, 0.0, 0.0, 0.0, 0.0, 0.0, 0.0, 0.0, 0.0, 0.0, 0.0, 0.0, 0.0, 0.0, 0.0, 0.0, 0.0, 0.0, 0.0, 0.0, 0.0, 0.0, 0.0, 0.0, 0.0, 0.0, 0.0, 0.0, 0.0, 0.0, 0.0, 0.0, 0.0, 0.0, 0.0, 0.0, 0.0, 0.0, 0.0, 0.0, 0.0, 0.0, 0.0, 0.0, 0.0, 0.0, 0.0, 0.0, 0.0, 0.0, 0.0, 0.0, 0.0, 0.0, 0.0, 0.0, 0.0, 0.0, 0.0, 0.0, 0.0, 0.0, 0.0, 0.0, 0.0, 0.0, 0.0, 0.0, 0.0, 0.0, 0.0, 0.0, 0.0, 0.0, 0.0, 0.0, 0.0, 0.0, 0.0, 0.0, 0.0, 0.0, 0.0, 0.0, 0.0, 0.0, 0.0, 0.0, 0.0, 0.0, 0.0, 0.0, 0.0, 0.0, 0.0, 0.0, 0.0, 0.0, 0.0, 0.0, 0.0, 0.0, 0.0, 0.0, 0.0, 0.0, 0.0, 0.0, 0.0, 0.0, 0.0, 0.0, 0.0, 0.0, 0.0, 0.0, 0.0, 0.0, 0.0, 0.0, 0.0, 0.0, 0.0, 0.0, 0.0, 0.0, 0.0, 0.0, 0.0, 0.0, 0.0, 0.0, 0.0, 0.0, 0.0, 0.0, 0.0, 0.0, 0.0, 0.0, 0.0, 0.0, 0.0, 0.0, 0.0, 0.0, 0.0, 0.0, 0.0, 0.0, 0.0, 0.0, 0.0, 0.0, 0.0, 0.0, 0.0, 0.0, 0.0, 0.0, 0.0, 0.0, 0.0, 0.0, 0.0, 0.0, 0.0, 0.0, 0.0, 0.0, 0.0, 0.0, 0.0, 0.0, 0.0, 0.0, 0.0, 0.0]
---
header: 
  seq: 427
  stamp: 
    secs: 42
    nsecs: 800000000
  frame_id: "base_laser_link"
angle_min: -3.14159274101
angle_max: 3.14159274101
angle_increment: 0.0175019092858
time_increment: 0.0
scan_time: 0.0
range_min: 0.15000000596
range_max: 16.0
ranges: [2.069999933242798, 2.070317029953003, 2.0712687969207764, 2.0728566646575928, 2.075083017349243, 2.077951431274414, 2.08146595954895, 2.085632562637329, 2.0904574394226074, 2.0959482192993164, 2.1021134853363037, 2.1089630126953125, 2.1165077686309814, 2.1247599124908447, 2.133732795715332, 2.1434412002563477, 2.1539008617401123, 2.1651296615600586, 2.1771466732025146, 2.189972400665283, 2.2036287784576416, 2.2181406021118164, 2.2335333824157715, 2.249835252761841, 2.267076253890991, 2.2852892875671387, 2.304508686065674, 2.3247721195220947, 2.3461203575134277, 2.368596315383911, 2.392246961593628, 2.4171228408813477, 2.443277359008789, 2.4707694053649902, 2.499661445617676, 2.5300214290618896, 2.561922311782837, 2.5954430103302, 2.630669116973877, 2.6676931381225586, 2.7066147327423096, 2.7475430965423584, 2.7905962467193604, 2.835902452468872, 2.8836019039154053, 2.930382251739502, 2.9833407402038574, 3.0402894020080566, 3.0981857776641846, 3.158334970474243, 3.2260923385620117, 3.2924249172210693, 3.368962526321411, 3.4425454139709473, 3.5291435718536377, 3.611295223236084, 3.697725534439087, 3.801923990249634, 3.8995015621185303, 4.026109218597412, 4.1526689529418945, 4.270600318908691, 4.41902494430542, 4.5528998374938965, 4.721292018890381, 4.900439739227295, 5.097588062286377, 5.305190086364746, 5.550373077392578, 5.792292594909668, 6.072020053863525, 6.130873203277588, 6.165109157562256, 6.131596088409424, 6.100304126739502, 6.0711798667907715, 6.044175148010254, 6.019245147705078, 5.996349334716797, 5.975450038909912, 5.956514358520508, 5.939511775970459, 5.924415588378906, 5.9112019538879395, 5.899850368499756, 5.890343189239502, 5.882665634155273, 5.876805782318115, 5.8727545738220215, 5.8705058097839355, 5.87005615234375, 5.871405124664307, 5.87455415725708, 5.879508972167969, 5.8862762451171875, 5.894867420196533, 5.905294895172119, 5.917574882507324, 5.931726932525635, 5.947772979736328, 5.965738773345947, 5.985651969909668, 6.007545471191406, 6.031453609466553, 6.05741548538208, 6.085474014282227, 6.115675926208496, 6.148071765899658, 6.182716369628906, 6.219669342041016, 6.258995532989502, 6.300764560699463, 6.3450517654418945, 6.391937255859375, 6.441508769989014, 6.493859767913818, 6.549091339111328, 6.607311248779297, 6.668636798858643, 6.733193397521973, 6.8011155128479, 6.708637714385986, 6.5413641929626465, 6.473138809204102, 6.55225133895874, 6.6327362060546875, 6.717148780822754, 6.805848598480225, 6.899064064025879, 6.997041702270508, 7.100048065185547, 7.208373546600342, 7.322333812713623, 7.442270755767822, 7.3394365310668945, 7.235865592956543, 7.114075183868408, 6.998425006866455, 6.888551235198975, 6.784119606018066, 6.684824466705322, 6.590383529663086, 6.500537395477295, 6.415046691894531, 6.333690166473389, 6.256263732910156, 6.1825785636901855, 6.112459182739258, 6.045743465423584, 5.98228120803833, 5.921932220458984, 5.864567279815674, 5.810065746307373, 5.758315563201904, 5.709212303161621, 5.662659168243408, 5.618566513061523, 5.576849937438965, 5.5374321937561035, 5.500240325927734, 5.465208053588867, 5.432272434234619, 4.457446098327637, 4.433587551116943, 4.411327362060547, 4.390627861022949, 4.359145164489746, 4.353775501251221, 4.337562084197998, 4.322788238525391, 4.309430122375488, 4.29746675491333, 4.286879062652588, 4.277650356292725, 4.269766807556152, 4.2632155418396, 4.257986068725586, 4.2540717124938965, 4.25146484375, 4.250162601470947, 4.250162601470947, 4.25146484375, 4.2540717124938965, 4.257986068725586, 3.8218472003936768, 3.8277204036712646, 3.8347878456115723, 3.8430609703063965, 3.852552652359009, 3.8632774353027344, 3.8752524852752686, 3.8884966373443604, 3.903031587600708, 3.9188802242279053, 3.9360687732696533, 3.954625368118286, 3.974581003189087, 3.995969295501709, 4.018826961517334, 4.0431928634643555, 4.069109916687012, 4.096624374389648, 4.125786304473877, 4.1566481590271, 4.189268589019775, 4.223708629608154, 4.247768402099609, 4.277679920196533, 4.317391872406006, 4.366389751434326, 4.401030540466309, 4.279383182525635, 4.161892890930176, 4.0480732917785645, 3.937483310699463, 3.8543150424957275, 3.7493174076080322, 3.671684503555298, 3.596544027328491, 3.523641586303711, 3.45274019241333, 3.383617877960205, 3.3160650730133057, 3.249882221221924, 3.18487811088562, 3.147737503051758, 3.095214366912842, 3.045332908630371, 2.9979372024536133, 2.952885150909424, 2.9100451469421387, 2.8692965507507324, 2.830528497695923, 2.7936384677886963, 2.7585318088531494, 2.725120782852173, 2.693324565887451, 2.6630680561065674, 2.634281873703003, 2.606901168823242, 2.5808663368225098, 2.556121587753296, 2.5326151847839355, 2.51029896736145, 2.489128589630127, 2.469062089920044, 2.450061082839966, 2.4320895671844482, 2.415114164352417, 2.399103879928589, 2.3840301036834717, 2.369865655899048, 2.356586217880249, 2.3441689014434814, 2.332592248916626, 2.3218374252319336, 2.3118858337402344, 2.3027217388153076, 2.29433012008667, 2.2866971492767334, 2.279810905456543, 2.273660182952881, 2.268235683441162, 2.26352858543396, 2.2595317363739014, 2.2562389373779297, 2.2536447048187256, 2.2517457008361816, 2.2505385875701904, 2.250021457672119, 2.2501938343048096, 2.2510557174682617, 2.25260853767395, 2.254854679107666, 2.2577977180480957, 2.261441946029663, 2.2657928466796875, 2.270857810974121, 2.276644229888916, 2.2831614017486572, 2.290419578552246, 2.2984302043914795, 2.307206392288208, 2.3167622089385986, 2.327113389968872, 2.3382766246795654, 2.350271224975586, 2.36311674118042, 2.376835823059082, 2.391451597213745, 2.4069902896881104, 2.4234793186187744, 2.440948963165283, 2.459430694580078, 2.478959798812866, 2.499573230743408, 2.521311044692993, 2.5442166328430176, 2.568336009979248, 2.593719005584717, 2.62041974067688, 2.6484954357147217, 2.6780083179473877, 2.7090256214141846, 2.74161958694458, 2.7758679389953613, 2.811854839324951, 2.8496716022491455, 2.889416456222534, 2.9311962127685547, 2.9751267433166504, 3.0213334560394287, 3.0426650047302246, 2.9824182987213135, 2.94926118850708, 2.9107747077941895, 2.844414234161377, 2.8104124069213867, 2.7475430965423584, 2.7066147327423096, 2.6676931381225586, 2.630669116973877, 2.5954430103302, 2.561922311782837, 2.5300214290618896, 2.499661445617676, 2.4707694053649902, 2.443277359008789, 2.4171228408813477, 2.392246961593628, 2.368596315383911, 2.3461203575134277, 2.3247721195220947, 2.304508686065674, 2.2852892875671387, 2.267076253890991, 2.249835252761841, 2.2335333824157715, 2.2181406021118164, 2.2036287784576416, 2.189972400665283, 2.1771466732025146, 2.1651296615600586, 2.1539008617401123, 2.1434412002563477, 2.133732795715332, 2.1247599124908447, 2.1165077686309814, 2.1089630126953125, 2.1021134853363037, 2.0959482192993164, 2.0904574394226074, 2.085632562637329, 2.08146595954895, 2.077951431274414, 2.075083017349243, 2.0728566646575928, 2.0712687969207764, 2.070317029953003, 2.069999933242798]
intensities: [0.0, 0.0, 0.0, 0.0, 0.0, 0.0, 0.0, 0.0, 0.0, 0.0, 0.0, 0.0, 0.0, 0.0, 0.0, 0.0, 0.0, 0.0, 0.0, 0.0, 0.0, 0.0, 0.0, 0.0, 0.0, 0.0, 0.0, 0.0, 0.0, 0.0, 0.0, 0.0, 0.0, 0.0, 0.0, 0.0, 0.0, 0.0, 0.0, 0.0, 0.0, 0.0, 0.0, 0.0, 0.0, 0.0, 0.0, 0.0, 0.0, 0.0, 0.0, 0.0, 0.0, 0.0, 0.0, 0.0, 0.0, 0.0, 0.0, 0.0, 0.0, 0.0, 0.0, 0.0, 0.0, 0.0, 0.0, 0.0, 0.0, 0.0, 0.0, 0.0, 0.0, 0.0, 0.0, 0.0, 0.0, 0.0, 0.0, 0.0, 0.0, 0.0, 0.0, 0.0, 0.0, 0.0, 0.0, 0.0, 0.0, 0.0, 0.0, 0.0, 0.0, 0.0, 0.0, 0.0, 0.0, 0.0, 0.0, 0.0, 0.0, 0.0, 0.0, 0.0, 0.0, 0.0, 0.0, 0.0, 0.0, 0.0, 0.0, 0.0, 0.0, 0.0, 0.0, 0.0, 0.0, 0.0, 0.0, 0.0, 0.0, 0.0, 0.0, 0.0, 0.0, 0.0, 0.0, 0.0, 0.0, 0.0, 0.0, 0.0, 0.0, 0.0, 0.0, 0.0, 0.0, 0.0, 0.0, 0.0, 0.0, 0.0, 0.0, 0.0, 0.0, 0.0, 0.0, 0.0, 0.0, 0.0, 0.0, 0.0, 0.0, 0.0, 0.0, 0.0, 0.0, 0.0, 0.0, 0.0, 0.0, 0.0, 0.0, 0.0, 0.0, 0.0, 0.0, 0.0, 0.0, 0.0, 0.0, 0.0, 0.0, 0.0, 0.0, 0.0, 0.0, 0.0, 0.0, 0.0, 0.0, 0.0, 0.0, 0.0, 0.0, 0.0, 0.0, 0.0, 0.0, 0.0, 0.0, 0.0, 0.0, 0.0, 0.0, 0.0, 0.0, 0.0, 0.0, 0.0, 0.0, 0.0, 0.0, 0.0, 0.0, 0.0, 0.0, 0.0, 0.0, 0.0, 0.0, 0.0, 0.0, 0.0, 0.0, 0.0, 0.0, 0.0, 0.0, 0.0, 0.0, 0.0, 0.0, 0.0, 0.0, 0.0, 0.0, 0.0, 0.0, 0.0, 0.0, 0.0, 0.0, 0.0, 0.0, 0.0, 0.0, 0.0, 0.0, 0.0, 0.0, 0.0, 0.0, 0.0, 0.0, 0.0, 0.0, 0.0, 0.0, 0.0, 0.0, 0.0, 0.0, 0.0, 0.0, 0.0, 0.0, 0.0, 0.0, 0.0, 0.0, 0.0, 0.0, 0.0, 0.0, 0.0, 0.0, 0.0, 0.0, 0.0, 0.0, 0.0, 0.0, 0.0, 0.0, 0.0, 0.0, 0.0, 0.0, 0.0, 0.0, 0.0, 0.0, 0.0, 0.0, 0.0, 0.0, 0.0, 0.0, 0.0, 0.0, 0.0, 0.0, 0.0, 0.0, 0.0, 0.0, 0.0, 0.0, 0.0, 0.0, 0.0, 0.0, 0.0, 0.0, 0.0, 0.0, 0.0, 0.0, 0.0, 0.0, 0.0, 0.0, 0.0, 0.0, 0.0, 0.0, 0.0, 0.0, 0.0, 0.0, 0.0, 0.0, 0.0, 0.0, 0.0, 0.0, 0.0, 0.0, 0.0, 0.0, 0.0, 0.0, 0.0, 0.0, 0.0, 0.0, 0.0, 0.0, 0.0, 0.0, 0.0, 0.0, 0.0, 0.0, 0.0, 0.0, 0.0, 0.0, 0.0, 0.0, 0.0, 0.0, 0.0, 0.0, 0.0, 0.0, 0.0, 0.0, 0.0]
---
header: 
  seq: 428
  stamp: 
    secs: 42
    nsecs: 900000000
  frame_id: "base_laser_link"
angle_min: -3.14159274101
angle_max: 3.14159274101
angle_increment: 0.0175019092858
time_increment: 0.0
scan_time: 0.0
range_min: 0.15000000596
range_max: 16.0
ranges: [2.069999933242798, 2.070317029953003, 2.0712687969207764, 2.0728566646575928, 2.075083017349243, 2.077951431274414, 2.08146595954895, 2.085632562637329, 2.0904574394226074, 2.0959482192993164, 2.1021134853363037, 2.1089630126953125, 2.1165077686309814, 2.1247599124908447, 2.133732795715332, 2.1434412002563477, 2.1539008617401123, 2.1651296615600586, 2.1771466732025146, 2.189972400665283, 2.2036287784576416, 2.2181406021118164, 2.2335333824157715, 2.249835252761841, 2.267076253890991, 2.2852892875671387, 2.304508686065674, 2.3247721195220947, 2.3461203575134277, 2.368596315383911, 2.392246961593628, 2.4171228408813477, 2.443277359008789, 2.4707694053649902, 2.499661445617676, 2.5300214290618896, 2.561922311782837, 2.5954430103302, 2.630669116973877, 2.6676931381225586, 2.7066147327423096, 2.7475430965423584, 2.7905962467193604, 2.835902452468872, 2.8836019039154053, 2.930382251739502, 2.9833407402038574, 3.0402894020080566, 3.0981857776641846, 3.158334970474243, 3.2260923385620117, 3.2924249172210693, 3.368962526321411, 3.4425454139709473, 3.5291435718536377, 3.611295223236084, 3.697725534439087, 3.801923990249634, 3.8995015621185303, 4.026109218597412, 4.1526689529418945, 4.270600318908691, 4.41902494430542, 4.5528998374938965, 4.721292018890381, 4.900439739227295, 5.097588062286377, 5.305190086364746, 5.550373077392578, 5.792292594909668, 6.072020053863525, 6.130873203277588, 6.165109157562256, 6.131596088409424, 6.100304126739502, 6.0711798667907715, 6.044175148010254, 6.019245147705078, 5.996349334716797, 5.975450038909912, 5.956514358520508, 5.939511775970459, 5.924415588378906, 5.9112019538879395, 5.899850368499756, 5.890343189239502, 5.882665634155273, 5.876805782318115, 5.8727545738220215, 5.8705058097839355, 5.87005615234375, 5.871405124664307, 5.87455415725708, 5.879508972167969, 5.8862762451171875, 5.894867420196533, 5.905294895172119, 5.917574882507324, 5.931726932525635, 5.947772979736328, 5.965738773345947, 5.985651969909668, 6.007545471191406, 6.031453609466553, 6.05741548538208, 6.085474014282227, 6.115675926208496, 6.148071765899658, 6.182716369628906, 6.219669342041016, 6.258995532989502, 6.300764560699463, 6.3450517654418945, 6.391937255859375, 6.441508769989014, 6.493859767913818, 6.549091339111328, 6.607311248779297, 6.668636798858643, 6.733193397521973, 6.8011155128479, 6.708637714385986, 6.5413641929626465, 6.473138809204102, 6.55225133895874, 6.6327362060546875, 6.717148780822754, 6.805848598480225, 6.899064064025879, 6.997041702270508, 7.100048065185547, 7.208373546600342, 7.322333812713623, 7.442270755767822, 7.3394365310668945, 7.235865592956543, 7.114075183868408, 6.998425006866455, 6.888551235198975, 6.784119606018066, 6.684824466705322, 6.590383529663086, 6.500537395477295, 6.415046691894531, 6.333690166473389, 6.256263732910156, 6.1825785636901855, 6.112459182739258, 6.045743465423584, 5.98228120803833, 5.921932220458984, 5.864567279815674, 5.810065746307373, 5.758315563201904, 5.709212303161621, 5.662659168243408, 5.618566513061523, 5.576849937438965, 5.5374321937561035, 5.500240325927734, 5.465208053588867, 5.432272434234619, 4.457446098327637, 4.433587551116943, 4.411327362060547, 4.390627861022949, 4.359145164489746, 4.353775501251221, 4.337562084197998, 4.322788238525391, 4.309430122375488, 4.29746675491333, 4.286879062652588, 4.277650356292725, 4.269766807556152, 4.2632155418396, 4.257986068725586, 4.2540717124938965, 4.25146484375, 4.250162601470947, 4.250162601470947, 4.25146484375, 4.2540717124938965, 4.257986068725586, 3.8218472003936768, 3.8277204036712646, 3.8347878456115723, 3.8430609703063965, 3.852552652359009, 3.8632774353027344, 3.8752524852752686, 3.8884966373443604, 3.903031587600708, 3.9188802242279053, 3.9360687732696533, 3.954625368118286, 3.974581003189087, 3.995969295501709, 4.018826961517334, 4.0431928634643555, 4.069109916687012, 4.096624374389648, 4.125786304473877, 4.1566481590271, 4.189268589019775, 4.223708629608154, 4.247768402099609, 4.277679920196533, 4.317391872406006, 4.366389751434326, 4.401030540466309, 4.279383182525635, 4.161892890930176, 4.0480732917785645, 3.937483310699463, 3.8543150424957275, 3.7493174076080322, 3.671684503555298, 3.596544027328491, 3.523641586303711, 3.45274019241333, 3.383617877960205, 3.3160650730133057, 3.249882221221924, 3.18487811088562, 3.147737503051758, 3.095214366912842, 3.045332908630371, 2.9979372024536133, 2.952885150909424, 2.9100451469421387, 2.8692965507507324, 2.830528497695923, 2.7936384677886963, 2.7585318088531494, 2.725120782852173, 2.693324565887451, 2.6630680561065674, 2.634281873703003, 2.606901168823242, 2.5808663368225098, 2.556121587753296, 2.5326151847839355, 2.51029896736145, 2.489128589630127, 2.469062089920044, 2.450061082839966, 2.4320895671844482, 2.415114164352417, 2.399103879928589, 2.3840301036834717, 2.369865655899048, 2.356586217880249, 2.3441689014434814, 2.332592248916626, 2.3218374252319336, 2.3118858337402344, 2.3027217388153076, 2.29433012008667, 2.2866971492767334, 2.279810905456543, 2.273660182952881, 2.268235683441162, 2.26352858543396, 2.2595317363739014, 2.2562389373779297, 2.2536447048187256, 2.2517457008361816, 2.2505385875701904, 2.250021457672119, 2.2501938343048096, 2.2510557174682617, 2.25260853767395, 2.254854679107666, 2.2577977180480957, 2.261441946029663, 2.2657928466796875, 2.270857810974121, 2.276644229888916, 2.2831614017486572, 2.290419578552246, 2.2984302043914795, 2.307206392288208, 2.3167622089385986, 2.327113389968872, 2.3382766246795654, 2.350271224975586, 2.36311674118042, 2.376835823059082, 2.391451597213745, 2.4069902896881104, 2.4234793186187744, 2.440948963165283, 2.459430694580078, 2.478959798812866, 2.499573230743408, 2.521311044692993, 2.5442166328430176, 2.568336009979248, 2.593719005584717, 2.62041974067688, 2.6484954357147217, 2.6780083179473877, 2.7090256214141846, 2.74161958694458, 2.7758679389953613, 2.811854839324951, 2.8496716022491455, 2.889416456222534, 2.9311962127685547, 2.9751267433166504, 3.0213334560394287, 3.0426650047302246, 2.9824182987213135, 2.94926118850708, 2.9107747077941895, 2.844414234161377, 2.8104124069213867, 2.7475430965423584, 2.7066147327423096, 2.6676931381225586, 2.630669116973877, 2.5954430103302, 2.561922311782837, 2.5300214290618896, 2.499661445617676, 2.4707694053649902, 2.443277359008789, 2.4171228408813477, 2.392246961593628, 2.368596315383911, 2.3461203575134277, 2.3247721195220947, 2.304508686065674, 2.2852892875671387, 2.267076253890991, 2.249835252761841, 2.2335333824157715, 2.2181406021118164, 2.2036287784576416, 2.189972400665283, 2.1771466732025146, 2.1651296615600586, 2.1539008617401123, 2.1434412002563477, 2.133732795715332, 2.1247599124908447, 2.1165077686309814, 2.1089630126953125, 2.1021134853363037, 2.0959482192993164, 2.0904574394226074, 2.085632562637329, 2.08146595954895, 2.077951431274414, 2.075083017349243, 2.0728566646575928, 2.0712687969207764, 2.070317029953003, 2.069999933242798]
intensities: [0.0, 0.0, 0.0, 0.0, 0.0, 0.0, 0.0, 0.0, 0.0, 0.0, 0.0, 0.0, 0.0, 0.0, 0.0, 0.0, 0.0, 0.0, 0.0, 0.0, 0.0, 0.0, 0.0, 0.0, 0.0, 0.0, 0.0, 0.0, 0.0, 0.0, 0.0, 0.0, 0.0, 0.0, 0.0, 0.0, 0.0, 0.0, 0.0, 0.0, 0.0, 0.0, 0.0, 0.0, 0.0, 0.0, 0.0, 0.0, 0.0, 0.0, 0.0, 0.0, 0.0, 0.0, 0.0, 0.0, 0.0, 0.0, 0.0, 0.0, 0.0, 0.0, 0.0, 0.0, 0.0, 0.0, 0.0, 0.0, 0.0, 0.0, 0.0, 0.0, 0.0, 0.0, 0.0, 0.0, 0.0, 0.0, 0.0, 0.0, 0.0, 0.0, 0.0, 0.0, 0.0, 0.0, 0.0, 0.0, 0.0, 0.0, 0.0, 0.0, 0.0, 0.0, 0.0, 0.0, 0.0, 0.0, 0.0, 0.0, 0.0, 0.0, 0.0, 0.0, 0.0, 0.0, 0.0, 0.0, 0.0, 0.0, 0.0, 0.0, 0.0, 0.0, 0.0, 0.0, 0.0, 0.0, 0.0, 0.0, 0.0, 0.0, 0.0, 0.0, 0.0, 0.0, 0.0, 0.0, 0.0, 0.0, 0.0, 0.0, 0.0, 0.0, 0.0, 0.0, 0.0, 0.0, 0.0, 0.0, 0.0, 0.0, 0.0, 0.0, 0.0, 0.0, 0.0, 0.0, 0.0, 0.0, 0.0, 0.0, 0.0, 0.0, 0.0, 0.0, 0.0, 0.0, 0.0, 0.0, 0.0, 0.0, 0.0, 0.0, 0.0, 0.0, 0.0, 0.0, 0.0, 0.0, 0.0, 0.0, 0.0, 0.0, 0.0, 0.0, 0.0, 0.0, 0.0, 0.0, 0.0, 0.0, 0.0, 0.0, 0.0, 0.0, 0.0, 0.0, 0.0, 0.0, 0.0, 0.0, 0.0, 0.0, 0.0, 0.0, 0.0, 0.0, 0.0, 0.0, 0.0, 0.0, 0.0, 0.0, 0.0, 0.0, 0.0, 0.0, 0.0, 0.0, 0.0, 0.0, 0.0, 0.0, 0.0, 0.0, 0.0, 0.0, 0.0, 0.0, 0.0, 0.0, 0.0, 0.0, 0.0, 0.0, 0.0, 0.0, 0.0, 0.0, 0.0, 0.0, 0.0, 0.0, 0.0, 0.0, 0.0, 0.0, 0.0, 0.0, 0.0, 0.0, 0.0, 0.0, 0.0, 0.0, 0.0, 0.0, 0.0, 0.0, 0.0, 0.0, 0.0, 0.0, 0.0, 0.0, 0.0, 0.0, 0.0, 0.0, 0.0, 0.0, 0.0, 0.0, 0.0, 0.0, 0.0, 0.0, 0.0, 0.0, 0.0, 0.0, 0.0, 0.0, 0.0, 0.0, 0.0, 0.0, 0.0, 0.0, 0.0, 0.0, 0.0, 0.0, 0.0, 0.0, 0.0, 0.0, 0.0, 0.0, 0.0, 0.0, 0.0, 0.0, 0.0, 0.0, 0.0, 0.0, 0.0, 0.0, 0.0, 0.0, 0.0, 0.0, 0.0, 0.0, 0.0, 0.0, 0.0, 0.0, 0.0, 0.0, 0.0, 0.0, 0.0, 0.0, 0.0, 0.0, 0.0, 0.0, 0.0, 0.0, 0.0, 0.0, 0.0, 0.0, 0.0, 0.0, 0.0, 0.0, 0.0, 0.0, 0.0, 0.0, 0.0, 0.0, 0.0, 0.0, 0.0, 0.0, 0.0, 0.0, 0.0, 0.0, 0.0, 0.0, 0.0, 0.0, 0.0, 0.0, 0.0, 0.0, 0.0, 0.0, 0.0, 0.0, 0.0, 0.0, 0.0, 0.0]
---
header: 
  seq: 429
  stamp: 
    secs: 43
    nsecs:         0
  frame_id: "base_laser_link"
angle_min: -3.14159274101
angle_max: 3.14159274101
angle_increment: 0.0175019092858
time_increment: 0.0
scan_time: 0.0
range_min: 0.15000000596
range_max: 16.0
ranges: [2.069999933242798, 2.070317029953003, 2.0712687969207764, 2.0728566646575928, 2.075083017349243, 2.077951431274414, 2.08146595954895, 2.085632562637329, 2.0904574394226074, 2.0959482192993164, 2.1021134853363037, 2.1089630126953125, 2.1165077686309814, 2.1247599124908447, 2.133732795715332, 2.1434412002563477, 2.1539008617401123, 2.1651296615600586, 2.1771466732025146, 2.189972400665283, 2.2036287784576416, 2.2181406021118164, 2.2335333824157715, 2.249835252761841, 2.267076253890991, 2.2852892875671387, 2.304508686065674, 2.3247721195220947, 2.3461203575134277, 2.368596315383911, 2.392246961593628, 2.4171228408813477, 2.443277359008789, 2.4707694053649902, 2.499661445617676, 2.5300214290618896, 2.561922311782837, 2.5954430103302, 2.630669116973877, 2.6676931381225586, 2.7066147327423096, 2.7475430965423584, 2.7905962467193604, 2.835902452468872, 2.8836019039154053, 2.930382251739502, 2.9833407402038574, 3.0402894020080566, 3.0981857776641846, 3.158334970474243, 3.2260923385620117, 3.2924249172210693, 3.368962526321411, 3.4425454139709473, 3.5291435718536377, 3.611295223236084, 3.697725534439087, 3.801923990249634, 3.8995015621185303, 4.026109218597412, 4.1526689529418945, 4.270600318908691, 4.41902494430542, 4.5528998374938965, 4.721292018890381, 4.900439739227295, 5.097588062286377, 5.305190086364746, 5.550373077392578, 5.792292594909668, 6.072020053863525, 6.130873203277588, 6.165109157562256, 6.131596088409424, 6.100304126739502, 6.0711798667907715, 6.044175148010254, 6.019245147705078, 5.996349334716797, 5.975450038909912, 5.956514358520508, 5.939511775970459, 5.924415588378906, 5.9112019538879395, 5.899850368499756, 5.890343189239502, 5.882665634155273, 5.876805782318115, 5.8727545738220215, 5.8705058097839355, 5.87005615234375, 5.871405124664307, 5.87455415725708, 5.879508972167969, 5.8862762451171875, 5.894867420196533, 5.905294895172119, 5.917574882507324, 5.931726932525635, 5.947772979736328, 5.965738773345947, 5.985651969909668, 6.007545471191406, 6.031453609466553, 6.05741548538208, 6.085474014282227, 6.115675926208496, 6.148071765899658, 6.182716369628906, 6.219669342041016, 6.258995532989502, 6.300764560699463, 6.3450517654418945, 6.391937255859375, 6.441508769989014, 6.493859767913818, 6.549091339111328, 6.607311248779297, 6.668636798858643, 6.733193397521973, 6.8011155128479, 6.708637714385986, 6.5413641929626465, 6.473138809204102, 6.55225133895874, 6.6327362060546875, 6.717148780822754, 6.805848598480225, 6.899064064025879, 6.997041702270508, 7.100048065185547, 7.208373546600342, 7.322333812713623, 7.442270755767822, 7.3394365310668945, 7.235865592956543, 7.114075183868408, 6.998425006866455, 6.888551235198975, 6.784119606018066, 6.684824466705322, 6.590383529663086, 6.500537395477295, 6.415046691894531, 6.333690166473389, 6.256263732910156, 6.1825785636901855, 6.112459182739258, 6.045743465423584, 5.98228120803833, 5.921932220458984, 5.864567279815674, 5.810065746307373, 5.758315563201904, 5.709212303161621, 5.662659168243408, 5.618566513061523, 5.576849937438965, 5.5374321937561035, 5.500240325927734, 5.465208053588867, 5.432272434234619, 4.457446098327637, 4.433587551116943, 4.411327362060547, 4.390627861022949, 4.359145164489746, 4.353775501251221, 4.337562084197998, 4.322788238525391, 4.309430122375488, 4.29746675491333, 4.286879062652588, 4.277650356292725, 4.269766807556152, 4.2632155418396, 4.257986068725586, 4.2540717124938965, 4.25146484375, 4.250162601470947, 4.250162601470947, 4.25146484375, 4.2540717124938965, 4.257986068725586, 3.8218472003936768, 3.8277204036712646, 3.8347878456115723, 3.8430609703063965, 3.852552652359009, 3.8632774353027344, 3.8752524852752686, 3.8884966373443604, 3.903031587600708, 3.9188802242279053, 3.9360687732696533, 3.954625368118286, 3.974581003189087, 3.995969295501709, 4.018826961517334, 4.0431928634643555, 4.069109916687012, 4.096624374389648, 4.125786304473877, 4.1566481590271, 4.189268589019775, 4.223708629608154, 4.247768402099609, 4.277679920196533, 4.317391872406006, 4.366389751434326, 4.401030540466309, 4.279383182525635, 4.161892890930176, 4.0480732917785645, 3.937483310699463, 3.8543150424957275, 3.7493174076080322, 3.671684503555298, 3.596544027328491, 3.523641586303711, 3.45274019241333, 3.383617877960205, 3.3160650730133057, 3.249882221221924, 3.18487811088562, 3.147737503051758, 3.095214366912842, 3.045332908630371, 2.9979372024536133, 2.952885150909424, 2.9100451469421387, 2.8692965507507324, 2.830528497695923, 2.7936384677886963, 2.7585318088531494, 2.725120782852173, 2.693324565887451, 2.6630680561065674, 2.634281873703003, 2.606901168823242, 2.5808663368225098, 2.556121587753296, 2.5326151847839355, 2.51029896736145, 2.489128589630127, 2.469062089920044, 2.450061082839966, 2.4320895671844482, 2.415114164352417, 2.399103879928589, 2.3840301036834717, 2.369865655899048, 2.356586217880249, 2.3441689014434814, 2.332592248916626, 2.3218374252319336, 2.3118858337402344, 2.3027217388153076, 2.29433012008667, 2.2866971492767334, 2.279810905456543, 2.273660182952881, 2.268235683441162, 2.26352858543396, 2.2595317363739014, 2.2562389373779297, 2.2536447048187256, 2.2517457008361816, 2.2505385875701904, 2.250021457672119, 2.2501938343048096, 2.2510557174682617, 2.25260853767395, 2.254854679107666, 2.2577977180480957, 2.261441946029663, 2.2657928466796875, 2.270857810974121, 2.276644229888916, 2.2831614017486572, 2.290419578552246, 2.2984302043914795, 2.307206392288208, 2.3167622089385986, 2.327113389968872, 2.3382766246795654, 2.350271224975586, 2.36311674118042, 2.376835823059082, 2.391451597213745, 2.4069902896881104, 2.4234793186187744, 2.440948963165283, 2.459430694580078, 2.478959798812866, 2.499573230743408, 2.521311044692993, 2.5442166328430176, 2.568336009979248, 2.593719005584717, 2.62041974067688, 2.6484954357147217, 2.6780083179473877, 2.7090256214141846, 2.74161958694458, 2.7758679389953613, 2.811854839324951, 2.8496716022491455, 2.889416456222534, 2.9311962127685547, 2.9751267433166504, 3.0213334560394287, 3.0426650047302246, 2.9824182987213135, 2.94926118850708, 2.9107747077941895, 2.844414234161377, 2.8104124069213867, 2.7475430965423584, 2.7066147327423096, 2.6676931381225586, 2.630669116973877, 2.5954430103302, 2.561922311782837, 2.5300214290618896, 2.499661445617676, 2.4707694053649902, 2.443277359008789, 2.4171228408813477, 2.392246961593628, 2.368596315383911, 2.3461203575134277, 2.3247721195220947, 2.304508686065674, 2.2852892875671387, 2.267076253890991, 2.249835252761841, 2.2335333824157715, 2.2181406021118164, 2.2036287784576416, 2.189972400665283, 2.1771466732025146, 2.1651296615600586, 2.1539008617401123, 2.1434412002563477, 2.133732795715332, 2.1247599124908447, 2.1165077686309814, 2.1089630126953125, 2.1021134853363037, 2.0959482192993164, 2.0904574394226074, 2.085632562637329, 2.08146595954895, 2.077951431274414, 2.075083017349243, 2.0728566646575928, 2.0712687969207764, 2.070317029953003, 2.069999933242798]
intensities: [0.0, 0.0, 0.0, 0.0, 0.0, 0.0, 0.0, 0.0, 0.0, 0.0, 0.0, 0.0, 0.0, 0.0, 0.0, 0.0, 0.0, 0.0, 0.0, 0.0, 0.0, 0.0, 0.0, 0.0, 0.0, 0.0, 0.0, 0.0, 0.0, 0.0, 0.0, 0.0, 0.0, 0.0, 0.0, 0.0, 0.0, 0.0, 0.0, 0.0, 0.0, 0.0, 0.0, 0.0, 0.0, 0.0, 0.0, 0.0, 0.0, 0.0, 0.0, 0.0, 0.0, 0.0, 0.0, 0.0, 0.0, 0.0, 0.0, 0.0, 0.0, 0.0, 0.0, 0.0, 0.0, 0.0, 0.0, 0.0, 0.0, 0.0, 0.0, 0.0, 0.0, 0.0, 0.0, 0.0, 0.0, 0.0, 0.0, 0.0, 0.0, 0.0, 0.0, 0.0, 0.0, 0.0, 0.0, 0.0, 0.0, 0.0, 0.0, 0.0, 0.0, 0.0, 0.0, 0.0, 0.0, 0.0, 0.0, 0.0, 0.0, 0.0, 0.0, 0.0, 0.0, 0.0, 0.0, 0.0, 0.0, 0.0, 0.0, 0.0, 0.0, 0.0, 0.0, 0.0, 0.0, 0.0, 0.0, 0.0, 0.0, 0.0, 0.0, 0.0, 0.0, 0.0, 0.0, 0.0, 0.0, 0.0, 0.0, 0.0, 0.0, 0.0, 0.0, 0.0, 0.0, 0.0, 0.0, 0.0, 0.0, 0.0, 0.0, 0.0, 0.0, 0.0, 0.0, 0.0, 0.0, 0.0, 0.0, 0.0, 0.0, 0.0, 0.0, 0.0, 0.0, 0.0, 0.0, 0.0, 0.0, 0.0, 0.0, 0.0, 0.0, 0.0, 0.0, 0.0, 0.0, 0.0, 0.0, 0.0, 0.0, 0.0, 0.0, 0.0, 0.0, 0.0, 0.0, 0.0, 0.0, 0.0, 0.0, 0.0, 0.0, 0.0, 0.0, 0.0, 0.0, 0.0, 0.0, 0.0, 0.0, 0.0, 0.0, 0.0, 0.0, 0.0, 0.0, 0.0, 0.0, 0.0, 0.0, 0.0, 0.0, 0.0, 0.0, 0.0, 0.0, 0.0, 0.0, 0.0, 0.0, 0.0, 0.0, 0.0, 0.0, 0.0, 0.0, 0.0, 0.0, 0.0, 0.0, 0.0, 0.0, 0.0, 0.0, 0.0, 0.0, 0.0, 0.0, 0.0, 0.0, 0.0, 0.0, 0.0, 0.0, 0.0, 0.0, 0.0, 0.0, 0.0, 0.0, 0.0, 0.0, 0.0, 0.0, 0.0, 0.0, 0.0, 0.0, 0.0, 0.0, 0.0, 0.0, 0.0, 0.0, 0.0, 0.0, 0.0, 0.0, 0.0, 0.0, 0.0, 0.0, 0.0, 0.0, 0.0, 0.0, 0.0, 0.0, 0.0, 0.0, 0.0, 0.0, 0.0, 0.0, 0.0, 0.0, 0.0, 0.0, 0.0, 0.0, 0.0, 0.0, 0.0, 0.0, 0.0, 0.0, 0.0, 0.0, 0.0, 0.0, 0.0, 0.0, 0.0, 0.0, 0.0, 0.0, 0.0, 0.0, 0.0, 0.0, 0.0, 0.0, 0.0, 0.0, 0.0, 0.0, 0.0, 0.0, 0.0, 0.0, 0.0, 0.0, 0.0, 0.0, 0.0, 0.0, 0.0, 0.0, 0.0, 0.0, 0.0, 0.0, 0.0, 0.0, 0.0, 0.0, 0.0, 0.0, 0.0, 0.0, 0.0, 0.0, 0.0, 0.0, 0.0, 0.0, 0.0, 0.0, 0.0, 0.0, 0.0, 0.0, 0.0, 0.0, 0.0, 0.0, 0.0, 0.0, 0.0, 0.0, 0.0, 0.0, 0.0, 0.0, 0.0, 0.0, 0.0]
---
header: 
  seq: 430
  stamp: 
    secs: 43
    nsecs: 100000000
  frame_id: "base_laser_link"
angle_min: -3.14159274101
angle_max: 3.14159274101
angle_increment: 0.0175019092858
time_increment: 0.0
scan_time: 0.0
range_min: 0.15000000596
range_max: 16.0
ranges: [2.069999933242798, 2.070317029953003, 2.0712687969207764, 2.0728566646575928, 2.075083017349243, 2.077951431274414, 2.08146595954895, 2.085632562637329, 2.0904574394226074, 2.0959482192993164, 2.1021134853363037, 2.1089630126953125, 2.1165077686309814, 2.1247599124908447, 2.133732795715332, 2.1434412002563477, 2.1539008617401123, 2.1651296615600586, 2.1771466732025146, 2.189972400665283, 2.2036287784576416, 2.2181406021118164, 2.2335333824157715, 2.249835252761841, 2.267076253890991, 2.2852892875671387, 2.304508686065674, 2.3247721195220947, 2.3461203575134277, 2.368596315383911, 2.392246961593628, 2.4171228408813477, 2.443277359008789, 2.4707694053649902, 2.499661445617676, 2.5300214290618896, 2.561922311782837, 2.5954430103302, 2.630669116973877, 2.6676931381225586, 2.7066147327423096, 2.7475430965423584, 2.7905962467193604, 2.835902452468872, 2.8836019039154053, 2.930382251739502, 2.9833407402038574, 3.0402894020080566, 3.0981857776641846, 3.158334970474243, 3.2260923385620117, 3.2924249172210693, 3.368962526321411, 3.4425454139709473, 3.5291435718536377, 3.611295223236084, 3.697725534439087, 3.801923990249634, 3.8995015621185303, 4.026109218597412, 4.1526689529418945, 4.270600318908691, 4.41902494430542, 4.5528998374938965, 4.721292018890381, 4.900439739227295, 5.097588062286377, 5.305190086364746, 5.550373077392578, 5.792292594909668, 6.072020053863525, 6.130873203277588, 6.165109157562256, 6.131596088409424, 6.100304126739502, 6.0711798667907715, 6.044175148010254, 6.019245147705078, 5.996349334716797, 5.975450038909912, 5.956514358520508, 5.939511775970459, 5.924415588378906, 5.9112019538879395, 5.899850368499756, 5.890343189239502, 5.882665634155273, 5.876805782318115, 5.8727545738220215, 5.8705058097839355, 5.87005615234375, 5.871405124664307, 5.87455415725708, 5.879508972167969, 5.8862762451171875, 5.894867420196533, 5.905294895172119, 5.917574882507324, 5.931726932525635, 5.947772979736328, 5.965738773345947, 5.985651969909668, 6.007545471191406, 6.031453609466553, 6.05741548538208, 6.085474014282227, 6.115675926208496, 6.148071765899658, 6.182716369628906, 6.219669342041016, 6.258995532989502, 6.300764560699463, 6.3450517654418945, 6.391937255859375, 6.441508769989014, 6.493859767913818, 6.549091339111328, 6.607311248779297, 6.668636798858643, 6.733193397521973, 6.8011155128479, 6.708637714385986, 6.5413641929626465, 6.473138809204102, 6.55225133895874, 6.6327362060546875, 6.717148780822754, 6.805848598480225, 6.899064064025879, 6.997041702270508, 7.100048065185547, 7.208373546600342, 7.322333812713623, 7.442270755767822, 7.3394365310668945, 7.235865592956543, 7.114075183868408, 6.998425006866455, 6.888551235198975, 6.784119606018066, 6.684824466705322, 6.590383529663086, 6.500537395477295, 6.415046691894531, 6.333690166473389, 6.256263732910156, 6.1825785636901855, 6.112459182739258, 6.045743465423584, 5.98228120803833, 5.921932220458984, 5.864567279815674, 5.810065746307373, 5.758315563201904, 5.709212303161621, 5.662659168243408, 5.618566513061523, 5.576849937438965, 5.5374321937561035, 5.500240325927734, 5.465208053588867, 5.432272434234619, 4.457446098327637, 4.433587551116943, 4.411327362060547, 4.390627861022949, 4.359145164489746, 4.353775501251221, 4.337562084197998, 4.322788238525391, 4.309430122375488, 4.29746675491333, 4.286879062652588, 4.277650356292725, 4.269766807556152, 4.2632155418396, 4.257986068725586, 4.2540717124938965, 4.25146484375, 4.250162601470947, 4.250162601470947, 4.25146484375, 4.2540717124938965, 4.257986068725586, 3.8218472003936768, 3.8277204036712646, 3.8347878456115723, 3.8430609703063965, 3.852552652359009, 3.8632774353027344, 3.8752524852752686, 3.8884966373443604, 3.903031587600708, 3.9188802242279053, 3.9360687732696533, 3.954625368118286, 3.974581003189087, 3.995969295501709, 4.018826961517334, 4.0431928634643555, 4.069109916687012, 4.096624374389648, 4.125786304473877, 4.1566481590271, 4.189268589019775, 4.223708629608154, 4.247768402099609, 4.277679920196533, 4.317391872406006, 4.366389751434326, 4.401030540466309, 4.279383182525635, 4.161892890930176, 4.0480732917785645, 3.937483310699463, 3.8543150424957275, 3.7493174076080322, 3.671684503555298, 3.596544027328491, 3.523641586303711, 3.45274019241333, 3.383617877960205, 3.3160650730133057, 3.249882221221924, 3.18487811088562, 3.147737503051758, 3.095214366912842, 3.045332908630371, 2.9979372024536133, 2.952885150909424, 2.9100451469421387, 2.8692965507507324, 2.830528497695923, 2.7936384677886963, 2.7585318088531494, 2.725120782852173, 2.693324565887451, 2.6630680561065674, 2.634281873703003, 2.606901168823242, 2.5808663368225098, 2.556121587753296, 2.5326151847839355, 2.51029896736145, 2.489128589630127, 2.469062089920044, 2.450061082839966, 2.4320895671844482, 2.415114164352417, 2.399103879928589, 2.3840301036834717, 2.369865655899048, 2.356586217880249, 2.3441689014434814, 2.332592248916626, 2.3218374252319336, 2.3118858337402344, 2.3027217388153076, 2.29433012008667, 2.2866971492767334, 2.279810905456543, 2.273660182952881, 2.268235683441162, 2.26352858543396, 2.2595317363739014, 2.2562389373779297, 2.2536447048187256, 2.2517457008361816, 2.2505385875701904, 2.250021457672119, 2.2501938343048096, 2.2510557174682617, 2.25260853767395, 2.254854679107666, 2.2577977180480957, 2.261441946029663, 2.2657928466796875, 2.270857810974121, 2.276644229888916, 2.2831614017486572, 2.290419578552246, 2.2984302043914795, 2.307206392288208, 2.3167622089385986, 2.327113389968872, 2.3382766246795654, 2.350271224975586, 2.36311674118042, 2.376835823059082, 2.391451597213745, 2.4069902896881104, 2.4234793186187744, 2.440948963165283, 2.459430694580078, 2.478959798812866, 2.499573230743408, 2.521311044692993, 2.5442166328430176, 2.568336009979248, 2.593719005584717, 2.62041974067688, 2.6484954357147217, 2.6780083179473877, 2.7090256214141846, 2.74161958694458, 2.7758679389953613, 2.811854839324951, 2.8496716022491455, 2.889416456222534, 2.9311962127685547, 2.9751267433166504, 3.0213334560394287, 3.0426650047302246, 2.9824182987213135, 2.94926118850708, 2.9107747077941895, 2.844414234161377, 2.8104124069213867, 2.7475430965423584, 2.7066147327423096, 2.6676931381225586, 2.630669116973877, 2.5954430103302, 2.561922311782837, 2.5300214290618896, 2.499661445617676, 2.4707694053649902, 2.443277359008789, 2.4171228408813477, 2.392246961593628, 2.368596315383911, 2.3461203575134277, 2.3247721195220947, 2.304508686065674, 2.2852892875671387, 2.267076253890991, 2.249835252761841, 2.2335333824157715, 2.2181406021118164, 2.2036287784576416, 2.189972400665283, 2.1771466732025146, 2.1651296615600586, 2.1539008617401123, 2.1434412002563477, 2.133732795715332, 2.1247599124908447, 2.1165077686309814, 2.1089630126953125, 2.1021134853363037, 2.0959482192993164, 2.0904574394226074, 2.085632562637329, 2.08146595954895, 2.077951431274414, 2.075083017349243, 2.0728566646575928, 2.0712687969207764, 2.070317029953003, 2.069999933242798]
intensities: [0.0, 0.0, 0.0, 0.0, 0.0, 0.0, 0.0, 0.0, 0.0, 0.0, 0.0, 0.0, 0.0, 0.0, 0.0, 0.0, 0.0, 0.0, 0.0, 0.0, 0.0, 0.0, 0.0, 0.0, 0.0, 0.0, 0.0, 0.0, 0.0, 0.0, 0.0, 0.0, 0.0, 0.0, 0.0, 0.0, 0.0, 0.0, 0.0, 0.0, 0.0, 0.0, 0.0, 0.0, 0.0, 0.0, 0.0, 0.0, 0.0, 0.0, 0.0, 0.0, 0.0, 0.0, 0.0, 0.0, 0.0, 0.0, 0.0, 0.0, 0.0, 0.0, 0.0, 0.0, 0.0, 0.0, 0.0, 0.0, 0.0, 0.0, 0.0, 0.0, 0.0, 0.0, 0.0, 0.0, 0.0, 0.0, 0.0, 0.0, 0.0, 0.0, 0.0, 0.0, 0.0, 0.0, 0.0, 0.0, 0.0, 0.0, 0.0, 0.0, 0.0, 0.0, 0.0, 0.0, 0.0, 0.0, 0.0, 0.0, 0.0, 0.0, 0.0, 0.0, 0.0, 0.0, 0.0, 0.0, 0.0, 0.0, 0.0, 0.0, 0.0, 0.0, 0.0, 0.0, 0.0, 0.0, 0.0, 0.0, 0.0, 0.0, 0.0, 0.0, 0.0, 0.0, 0.0, 0.0, 0.0, 0.0, 0.0, 0.0, 0.0, 0.0, 0.0, 0.0, 0.0, 0.0, 0.0, 0.0, 0.0, 0.0, 0.0, 0.0, 0.0, 0.0, 0.0, 0.0, 0.0, 0.0, 0.0, 0.0, 0.0, 0.0, 0.0, 0.0, 0.0, 0.0, 0.0, 0.0, 0.0, 0.0, 0.0, 0.0, 0.0, 0.0, 0.0, 0.0, 0.0, 0.0, 0.0, 0.0, 0.0, 0.0, 0.0, 0.0, 0.0, 0.0, 0.0, 0.0, 0.0, 0.0, 0.0, 0.0, 0.0, 0.0, 0.0, 0.0, 0.0, 0.0, 0.0, 0.0, 0.0, 0.0, 0.0, 0.0, 0.0, 0.0, 0.0, 0.0, 0.0, 0.0, 0.0, 0.0, 0.0, 0.0, 0.0, 0.0, 0.0, 0.0, 0.0, 0.0, 0.0, 0.0, 0.0, 0.0, 0.0, 0.0, 0.0, 0.0, 0.0, 0.0, 0.0, 0.0, 0.0, 0.0, 0.0, 0.0, 0.0, 0.0, 0.0, 0.0, 0.0, 0.0, 0.0, 0.0, 0.0, 0.0, 0.0, 0.0, 0.0, 0.0, 0.0, 0.0, 0.0, 0.0, 0.0, 0.0, 0.0, 0.0, 0.0, 0.0, 0.0, 0.0, 0.0, 0.0, 0.0, 0.0, 0.0, 0.0, 0.0, 0.0, 0.0, 0.0, 0.0, 0.0, 0.0, 0.0, 0.0, 0.0, 0.0, 0.0, 0.0, 0.0, 0.0, 0.0, 0.0, 0.0, 0.0, 0.0, 0.0, 0.0, 0.0, 0.0, 0.0, 0.0, 0.0, 0.0, 0.0, 0.0, 0.0, 0.0, 0.0, 0.0, 0.0, 0.0, 0.0, 0.0, 0.0, 0.0, 0.0, 0.0, 0.0, 0.0, 0.0, 0.0, 0.0, 0.0, 0.0, 0.0, 0.0, 0.0, 0.0, 0.0, 0.0, 0.0, 0.0, 0.0, 0.0, 0.0, 0.0, 0.0, 0.0, 0.0, 0.0, 0.0, 0.0, 0.0, 0.0, 0.0, 0.0, 0.0, 0.0, 0.0, 0.0, 0.0, 0.0, 0.0, 0.0, 0.0, 0.0, 0.0, 0.0, 0.0, 0.0, 0.0, 0.0, 0.0, 0.0, 0.0, 0.0, 0.0, 0.0, 0.0, 0.0, 0.0, 0.0, 0.0, 0.0, 0.0]
---
header: 
  seq: 431
  stamp: 
    secs: 43
    nsecs: 200000000
  frame_id: "base_laser_link"
angle_min: -3.14159274101
angle_max: 3.14159274101
angle_increment: 0.0175019092858
time_increment: 0.0
scan_time: 0.0
range_min: 0.15000000596
range_max: 16.0
ranges: [2.069999933242798, 2.070317029953003, 2.0712687969207764, 2.0728566646575928, 2.075083017349243, 2.077951431274414, 2.08146595954895, 2.085632562637329, 2.0904574394226074, 2.0959482192993164, 2.1021134853363037, 2.1089630126953125, 2.1165077686309814, 2.1247599124908447, 2.133732795715332, 2.1434412002563477, 2.1539008617401123, 2.1651296615600586, 2.1771466732025146, 2.189972400665283, 2.2036287784576416, 2.2181406021118164, 2.2335333824157715, 2.249835252761841, 2.267076253890991, 2.2852892875671387, 2.304508686065674, 2.3247721195220947, 2.3461203575134277, 2.368596315383911, 2.392246961593628, 2.4171228408813477, 2.443277359008789, 2.4707694053649902, 2.499661445617676, 2.5300214290618896, 2.561922311782837, 2.5954430103302, 2.630669116973877, 2.6676931381225586, 2.7066147327423096, 2.7475430965423584, 2.7905962467193604, 2.835902452468872, 2.8836019039154053, 2.930382251739502, 2.9833407402038574, 3.0402894020080566, 3.0981857776641846, 3.158334970474243, 3.2260923385620117, 3.2924249172210693, 3.368962526321411, 3.4425454139709473, 3.5291435718536377, 3.611295223236084, 3.697725534439087, 3.801923990249634, 3.8995015621185303, 4.026109218597412, 4.1526689529418945, 4.270600318908691, 4.41902494430542, 4.5528998374938965, 4.721292018890381, 4.900439739227295, 5.097588062286377, 5.305190086364746, 5.550373077392578, 5.792292594909668, 6.072020053863525, 6.130873203277588, 6.165109157562256, 6.131596088409424, 6.100304126739502, 6.0711798667907715, 6.044175148010254, 6.019245147705078, 5.996349334716797, 5.975450038909912, 5.956514358520508, 5.939511775970459, 5.924415588378906, 5.9112019538879395, 5.899850368499756, 5.890343189239502, 5.882665634155273, 5.876805782318115, 5.8727545738220215, 5.8705058097839355, 5.87005615234375, 5.871405124664307, 5.87455415725708, 5.879508972167969, 5.8862762451171875, 5.894867420196533, 5.905294895172119, 5.917574882507324, 5.931726932525635, 5.947772979736328, 5.965738773345947, 5.985651969909668, 6.007545471191406, 6.031453609466553, 6.05741548538208, 6.085474014282227, 6.115675926208496, 6.148071765899658, 6.182716369628906, 6.219669342041016, 6.258995532989502, 6.300764560699463, 6.3450517654418945, 6.391937255859375, 6.441508769989014, 6.493859767913818, 6.549091339111328, 6.607311248779297, 6.668636798858643, 6.733193397521973, 6.8011155128479, 6.708637714385986, 6.5413641929626465, 6.473138809204102, 6.55225133895874, 6.6327362060546875, 6.717148780822754, 6.805848598480225, 6.899064064025879, 6.997041702270508, 7.100048065185547, 7.208373546600342, 7.322333812713623, 7.442270755767822, 7.3394365310668945, 7.235865592956543, 7.114075183868408, 6.998425006866455, 6.888551235198975, 6.784119606018066, 6.684824466705322, 6.590383529663086, 6.500537395477295, 6.415046691894531, 6.333690166473389, 6.256263732910156, 6.1825785636901855, 6.112459182739258, 6.045743465423584, 5.98228120803833, 5.921932220458984, 5.864567279815674, 5.810065746307373, 5.758315563201904, 5.709212303161621, 5.662659168243408, 5.618566513061523, 5.576849937438965, 5.5374321937561035, 5.500240325927734, 5.465208053588867, 5.432272434234619, 4.457446098327637, 4.433587551116943, 4.411327362060547, 4.390627861022949, 4.359145164489746, 4.353775501251221, 4.337562084197998, 4.322788238525391, 4.309430122375488, 4.29746675491333, 4.286879062652588, 4.277650356292725, 4.269766807556152, 4.2632155418396, 4.257986068725586, 4.2540717124938965, 4.25146484375, 4.250162601470947, 4.250162601470947, 4.25146484375, 4.2540717124938965, 4.257986068725586, 3.8218472003936768, 3.8277204036712646, 3.8347878456115723, 3.8430609703063965, 3.852552652359009, 3.8632774353027344, 3.8752524852752686, 3.8884966373443604, 3.903031587600708, 3.9188802242279053, 3.9360687732696533, 3.954625368118286, 3.974581003189087, 3.995969295501709, 4.018826961517334, 4.0431928634643555, 4.069109916687012, 4.096624374389648, 4.125786304473877, 4.1566481590271, 4.189268589019775, 4.223708629608154, 4.247768402099609, 4.277679920196533, 4.317391872406006, 4.366389751434326, 4.401030540466309, 4.279383182525635, 4.161892890930176, 4.0480732917785645, 3.937483310699463, 3.8543150424957275, 3.7493174076080322, 3.671684503555298, 3.596544027328491, 3.523641586303711, 3.45274019241333, 3.383617877960205, 3.3160650730133057, 3.249882221221924, 3.18487811088562, 3.147737503051758, 3.095214366912842, 3.045332908630371, 2.9979372024536133, 2.952885150909424, 2.9100451469421387, 2.8692965507507324, 2.830528497695923, 2.7936384677886963, 2.7585318088531494, 2.725120782852173, 2.693324565887451, 2.6630680561065674, 2.634281873703003, 2.606901168823242, 2.5808663368225098, 2.556121587753296, 2.5326151847839355, 2.51029896736145, 2.489128589630127, 2.469062089920044, 2.450061082839966, 2.4320895671844482, 2.415114164352417, 2.399103879928589, 2.3840301036834717, 2.369865655899048, 2.356586217880249, 2.3441689014434814, 2.332592248916626, 2.3218374252319336, 2.3118858337402344, 2.3027217388153076, 2.29433012008667, 2.2866971492767334, 2.279810905456543, 2.273660182952881, 2.268235683441162, 2.26352858543396, 2.2595317363739014, 2.2562389373779297, 2.2536447048187256, 2.2517457008361816, 2.2505385875701904, 2.250021457672119, 2.2501938343048096, 2.2510557174682617, 2.25260853767395, 2.254854679107666, 2.2577977180480957, 2.261441946029663, 2.2657928466796875, 2.270857810974121, 2.276644229888916, 2.2831614017486572, 2.290419578552246, 2.2984302043914795, 2.307206392288208, 2.3167622089385986, 2.327113389968872, 2.3382766246795654, 2.350271224975586, 2.36311674118042, 2.376835823059082, 2.391451597213745, 2.4069902896881104, 2.4234793186187744, 2.440948963165283, 2.459430694580078, 2.478959798812866, 2.499573230743408, 2.521311044692993, 2.5442166328430176, 2.568336009979248, 2.593719005584717, 2.62041974067688, 2.6484954357147217, 2.6780083179473877, 2.7090256214141846, 2.74161958694458, 2.7758679389953613, 2.811854839324951, 2.8496716022491455, 2.889416456222534, 2.9311962127685547, 2.9751267433166504, 3.0213334560394287, 3.0426650047302246, 2.9824182987213135, 2.94926118850708, 2.9107747077941895, 2.844414234161377, 2.8104124069213867, 2.7475430965423584, 2.7066147327423096, 2.6676931381225586, 2.630669116973877, 2.5954430103302, 2.561922311782837, 2.5300214290618896, 2.499661445617676, 2.4707694053649902, 2.443277359008789, 2.4171228408813477, 2.392246961593628, 2.368596315383911, 2.3461203575134277, 2.3247721195220947, 2.304508686065674, 2.2852892875671387, 2.267076253890991, 2.249835252761841, 2.2335333824157715, 2.2181406021118164, 2.2036287784576416, 2.189972400665283, 2.1771466732025146, 2.1651296615600586, 2.1539008617401123, 2.1434412002563477, 2.133732795715332, 2.1247599124908447, 2.1165077686309814, 2.1089630126953125, 2.1021134853363037, 2.0959482192993164, 2.0904574394226074, 2.085632562637329, 2.08146595954895, 2.077951431274414, 2.075083017349243, 2.0728566646575928, 2.0712687969207764, 2.070317029953003, 2.069999933242798]
intensities: [0.0, 0.0, 0.0, 0.0, 0.0, 0.0, 0.0, 0.0, 0.0, 0.0, 0.0, 0.0, 0.0, 0.0, 0.0, 0.0, 0.0, 0.0, 0.0, 0.0, 0.0, 0.0, 0.0, 0.0, 0.0, 0.0, 0.0, 0.0, 0.0, 0.0, 0.0, 0.0, 0.0, 0.0, 0.0, 0.0, 0.0, 0.0, 0.0, 0.0, 0.0, 0.0, 0.0, 0.0, 0.0, 0.0, 0.0, 0.0, 0.0, 0.0, 0.0, 0.0, 0.0, 0.0, 0.0, 0.0, 0.0, 0.0, 0.0, 0.0, 0.0, 0.0, 0.0, 0.0, 0.0, 0.0, 0.0, 0.0, 0.0, 0.0, 0.0, 0.0, 0.0, 0.0, 0.0, 0.0, 0.0, 0.0, 0.0, 0.0, 0.0, 0.0, 0.0, 0.0, 0.0, 0.0, 0.0, 0.0, 0.0, 0.0, 0.0, 0.0, 0.0, 0.0, 0.0, 0.0, 0.0, 0.0, 0.0, 0.0, 0.0, 0.0, 0.0, 0.0, 0.0, 0.0, 0.0, 0.0, 0.0, 0.0, 0.0, 0.0, 0.0, 0.0, 0.0, 0.0, 0.0, 0.0, 0.0, 0.0, 0.0, 0.0, 0.0, 0.0, 0.0, 0.0, 0.0, 0.0, 0.0, 0.0, 0.0, 0.0, 0.0, 0.0, 0.0, 0.0, 0.0, 0.0, 0.0, 0.0, 0.0, 0.0, 0.0, 0.0, 0.0, 0.0, 0.0, 0.0, 0.0, 0.0, 0.0, 0.0, 0.0, 0.0, 0.0, 0.0, 0.0, 0.0, 0.0, 0.0, 0.0, 0.0, 0.0, 0.0, 0.0, 0.0, 0.0, 0.0, 0.0, 0.0, 0.0, 0.0, 0.0, 0.0, 0.0, 0.0, 0.0, 0.0, 0.0, 0.0, 0.0, 0.0, 0.0, 0.0, 0.0, 0.0, 0.0, 0.0, 0.0, 0.0, 0.0, 0.0, 0.0, 0.0, 0.0, 0.0, 0.0, 0.0, 0.0, 0.0, 0.0, 0.0, 0.0, 0.0, 0.0, 0.0, 0.0, 0.0, 0.0, 0.0, 0.0, 0.0, 0.0, 0.0, 0.0, 0.0, 0.0, 0.0, 0.0, 0.0, 0.0, 0.0, 0.0, 0.0, 0.0, 0.0, 0.0, 0.0, 0.0, 0.0, 0.0, 0.0, 0.0, 0.0, 0.0, 0.0, 0.0, 0.0, 0.0, 0.0, 0.0, 0.0, 0.0, 0.0, 0.0, 0.0, 0.0, 0.0, 0.0, 0.0, 0.0, 0.0, 0.0, 0.0, 0.0, 0.0, 0.0, 0.0, 0.0, 0.0, 0.0, 0.0, 0.0, 0.0, 0.0, 0.0, 0.0, 0.0, 0.0, 0.0, 0.0, 0.0, 0.0, 0.0, 0.0, 0.0, 0.0, 0.0, 0.0, 0.0, 0.0, 0.0, 0.0, 0.0, 0.0, 0.0, 0.0, 0.0, 0.0, 0.0, 0.0, 0.0, 0.0, 0.0, 0.0, 0.0, 0.0, 0.0, 0.0, 0.0, 0.0, 0.0, 0.0, 0.0, 0.0, 0.0, 0.0, 0.0, 0.0, 0.0, 0.0, 0.0, 0.0, 0.0, 0.0, 0.0, 0.0, 0.0, 0.0, 0.0, 0.0, 0.0, 0.0, 0.0, 0.0, 0.0, 0.0, 0.0, 0.0, 0.0, 0.0, 0.0, 0.0, 0.0, 0.0, 0.0, 0.0, 0.0, 0.0, 0.0, 0.0, 0.0, 0.0, 0.0, 0.0, 0.0, 0.0, 0.0, 0.0, 0.0, 0.0, 0.0, 0.0, 0.0, 0.0, 0.0, 0.0, 0.0, 0.0, 0.0]
---
