header: 
  seq: 424
  stamp: 
    secs: 42
    nsecs: 500000000
  frame_id: "base_laser_link"
angle_min: -3.14159274101
angle_max: 3.14159274101
angle_increment: 0.0175019092858
time_increment: 0.0
scan_time: 0.0
range_min: 0.15000000596
range_max: 16.0
ranges: [5.070000171661377, 5.070776462554932, 5.073107719421387, 5.076996803283691, 5.082449436187744, 5.089475154876709, 5.09808349609375, 5.108288764953613, 5.120106220245361, 5.133554458618164, 5.148654937744141, 5.165431499481201, 5.183910369873047, 5.204122066497803, 5.226099014282227, 5.249877452850342, 5.275496482849121, 5.302999019622803, 5.332431793212891, 5.363845348358154, 5.397294044494629, 5.432837009429932, 5.470538139343262, 5.5104660987854, 5.552694320678711, 5.597302436828613, 5.644376277923584, 5.694007396697998, 5.7462944984436035, 5.801344871520996, 5.859272003173828, 5.920198917388916, 5.984259128570557, 6.0515947341918945, 6.122359275817871, 6.196719169616699, 6.274853229522705, 6.356955051422119, 6.443233489990234, 6.533914566040039, 6.629244804382324, 6.729489803314209, 6.8349385261535645, 6.945906162261963, 7.062735080718994, 7.182335376739502, 7.312045574188232, 7.449943542480469, 7.593277454376221, 7.735329627990723, 7.647165298461914, 7.538166522979736, 7.434476852416992, 7.335816860198975, 7.241930961608887, 7.152580738067627, 7.067546844482422, 6.986626148223877, 6.909630298614502, 6.836383819580078, 6.766725063323975, 6.700503349304199, 6.63757848739624, 6.577820777893066, 6.521108627319336, 6.467330455780029, 6.416381359100342, 6.368164539337158, 6.3225884437561035, 6.279570579528809, 6.239031791687012, 6.200900554656982, 6.165109157562256, 6.131596088409424, 6.100304126739502, 6.0711798667907715, 6.044175148010254, 6.019245147705078, 5.996349334716797, 5.975450038909912, 5.956514358520508, 5.939511775970459, 5.924415588378906, 5.9112019538879395, 5.899850368499756, 5.890343189239502, 5.882665634155273, 5.876805782318115, 5.8727545738220215, 5.8705058097839355, 5.87005615234375, 5.871405124664307, 5.87455415725708, 5.879508972167969, 5.8862762451171875, 5.432918548583984, 5.44252872467041, 5.4538469314575195, 5.46688985824585, 5.481678485870361, 5.498236179351807, 5.516589164733887, 5.536766529083252, 5.558801174163818, 5.582728862762451, 5.608588695526123, 5.636423587799072, 5.666280746459961, 5.6982102394104, 5.730264186859131, 5.7522053718566895, 5.807008266448975, 5.641982555389404, 5.40504789352417, 5.1985182762146, 5.010589122772217, 4.832856178283691, 4.664089202880859, 4.506515026092529, 4.377310276031494, 4.231468200683594, 4.122780799865723, 4.012529373168945, 3.8935258388519287, 3.797802448272705, 3.7110021114349365, 3.6147491931915283, 3.521254777908325, 3.4412107467651367, 3.374242067337036, 3.301193952560425, 1.8774358034133911, 1.8412190675735474, 1.8042752742767334, 1.7707147598266602, 1.7562780380249023, 1.7157524824142456, 1.6986467838287354, 1.6719783544540405, 1.6466310024261475, 1.622530221939087, 1.5996077060699463, 1.5778003931045532, 1.557050108909607, 1.5373034477233887, 1.5185105800628662, 1.5006258487701416, 1.4836065769195557, 1.4674134254455566, 1.452009916305542, 1.4373621940612793, 1.4234386682510376, 1.410210132598877, 1.3976494073867798, 1.3857311010360718, 1.374431848526001, 1.36372971534729, 1.3536043167114258, 1.3440369367599487, 1.3350098133087158, 1.3265068531036377, 1.3185126781463623, 1.3110135793685913, 1.2935644388198853, 1.2870696783065796, 1.281030297279358, 1.2754360437393188, 1.270277976989746, 1.265547513961792, 1.2612370252609253, 1.257339596748352, 1.2538491487503052, 1.2507600784301758, 1.2480674982070923, 1.2457672357559204, 1.2438557147979736, 1.2423300743103027, 1.2411879301071167, 1.2404274940490723, 1.2400474548339844, 1.2400474548339844, 1.2404274940490723, 1.2411879301071167, 1.2423300743103027, 1.2438557147979736, 1.2457672357559204, 1.2480674982070923, 1.2507600784301758, 1.2538491487503052, 1.257339596748352, 1.2612370252609253, 1.265547513961792, 1.270277976989746, 1.234292984008789, 1.1570595502853394, 1.0794777870178223, 1.0223331451416016, 0.9649059772491455, 0.9071367383003235, 0.8701884746551514, 0.8544062972068787, 0.8601836562156677, 0.8663067817687988, 0.8727869987487793, 0.8796364068984985, 0.8868679404258728, 0.8944956064224243, 0.9025344848632812, 0.9110007882118225, 0.919911801815033, 0.9292863607406616, 0.9391446113586426, 0.9495081901550293, 0.9604005217552185, 0.9718468189239502, 0.9838742017745972, 0.9965121150016785, 1.0097922086715698, 1.0237488746643066, 1.0384193658828735, 1.0538438558578491, 1.070066213607788, 1.0871340036392212, 1.105099081993103, 1.1240179538726807, 1.1191954612731934, 1.1555466651916504, 1.181442141532898, 1.2215381860733032, 1.2321124076843262, 1.2485294342041016, 1.2860260009765625, 1.3057067394256592, 1.343792200088501, 1.3916263580322266, 1.4061378240585327, 1.445043921470642, 1.4976189136505127, 1.5378367900848389, 1.5946613550186157, 1.6367889642715454, 1.698793649673462, 1.7435691356658936, 1.8114537000656128, 1.8602962493896484, 1.9538072347640991, 2.026322841644287, 2.1096789836883545, 2.209418296813965, 2.304800271987915, 2.3840301036834717, 2.3755762577056885, 2.3699440956115723, 2.3495819568634033, 2.3370683193206787, 2.332206964492798, 2.3256003856658936, 2.3129382133483887, 2.29433012008667, 2.2866971492767334, 2.279810905456543, 2.273660182952881, 2.268235683441162, 2.26352858543396, 2.2595317363739014, 2.2562389373779297, 2.2536447048187256, 2.2517457008361816, 2.2505385875701904, 2.250021457672119, 2.2501938343048096, 2.2510557174682617, 2.25260853767395, 2.254854679107666, 2.2577977180480957, 2.261441946029663, 2.2657928466796875, 2.270857810974121, 2.276644229888916, 2.2831614017486572, 2.290419578552246, 2.2984302043914795, 2.307206392288208, 2.3167622089385986, 2.327113389968872, 2.3382766246795654, 2.350271224975586, 2.36311674118042, 2.376835823059082, 2.391451597213745, 2.4069902896881104, 2.4234793186187744, 2.440948963165283, 2.459430694580078, 2.478959798812866, 2.499573230743408, 2.521311044692993, 2.5442166328430176, 2.568336009979248, 2.593719005584717, 2.62041974067688, 2.6484954357147217, 2.6780083179473877, 2.7090256214141846, 2.74161958694458, 2.7758679389953613, 2.811854839324951, 2.8496716022491455, 2.889416456222534, 2.9311962127685547, 2.9751267433166504, 3.0213334560394287, 3.069953441619873, 3.1211354732513428, 3.175041913986206, 3.2198445796966553, 3.2883946895599365, 3.334134340286255, 3.406899929046631, 3.486262559890747, 3.5637099742889404, 3.6249351501464844, 3.7084808349609375, 3.803987979888916, 3.894538640975952, 4.000088214874268, 4.0991997718811035, 4.226251125335693, 4.349638938903809, 4.464413642883301, 4.608113765716553, 4.755270957946777, 4.914253234863281, 5.103654384613037, 5.28288459777832, 5.493677616119385, 5.520612716674805, 5.487697124481201, 5.445387840270996, 5.403865337371826, 5.3639984130859375, 5.332431793212891, 5.302999019622803, 5.275496482849121, 5.249877452850342, 5.226099014282227, 5.204122066497803, 5.183910369873047, 5.165431499481201, 5.148654937744141, 5.133554458618164, 5.120106220245361, 5.108288764953613, 5.09808349609375, 5.089475154876709, 5.082449436187744, 5.076996803283691, 5.073107719421387, 5.070776462554932, 5.070000171661377]
intensities: [0.0, 0.0, 0.0, 0.0, 0.0, 0.0, 0.0, 0.0, 0.0, 0.0, 0.0, 0.0, 0.0, 0.0, 0.0, 0.0, 0.0, 0.0, 0.0, 0.0, 0.0, 0.0, 0.0, 0.0, 0.0, 0.0, 0.0, 0.0, 0.0, 0.0, 0.0, 0.0, 0.0, 0.0, 0.0, 0.0, 0.0, 0.0, 0.0, 0.0, 0.0, 0.0, 0.0, 0.0, 0.0, 0.0, 0.0, 0.0, 0.0, 0.0, 0.0, 0.0, 0.0, 0.0, 0.0, 0.0, 0.0, 0.0, 0.0, 0.0, 0.0, 0.0, 0.0, 0.0, 0.0, 0.0, 0.0, 0.0, 0.0, 0.0, 0.0, 0.0, 0.0, 0.0, 0.0, 0.0, 0.0, 0.0, 0.0, 0.0, 0.0, 0.0, 0.0, 0.0, 0.0, 0.0, 0.0, 0.0, 0.0, 0.0, 0.0, 0.0, 0.0, 0.0, 0.0, 0.0, 0.0, 0.0, 0.0, 0.0, 0.0, 0.0, 0.0, 0.0, 0.0, 0.0, 0.0, 0.0, 0.0, 0.0, 0.0, 0.0, 0.0, 0.0, 0.0, 0.0, 0.0, 0.0, 0.0, 0.0, 0.0, 0.0, 0.0, 0.0, 0.0, 0.0, 0.0, 0.0, 0.0, 0.0, 0.0, 0.0, 0.0, 0.0, 0.0, 0.0, 0.0, 0.0, 0.0, 0.0, 0.0, 0.0, 0.0, 0.0, 0.0, 0.0, 0.0, 0.0, 0.0, 0.0, 0.0, 0.0, 0.0, 0.0, 0.0, 0.0, 0.0, 0.0, 0.0, 0.0, 0.0, 0.0, 0.0, 0.0, 0.0, 0.0, 0.0, 0.0, 0.0, 0.0, 0.0, 0.0, 0.0, 0.0, 0.0, 0.0, 0.0, 0.0, 0.0, 0.0, 0.0, 0.0, 0.0, 0.0, 0.0, 0.0, 0.0, 0.0, 0.0, 0.0, 0.0, 0.0, 0.0, 0.0, 0.0, 0.0, 0.0, 0.0, 0.0, 0.0, 0.0, 0.0, 0.0, 0.0, 0.0, 0.0, 0.0, 0.0, 0.0, 0.0, 0.0, 0.0, 0.0, 0.0, 0.0, 0.0, 0.0, 0.0, 0.0, 0.0, 0.0, 0.0, 0.0, 0.0, 0.0, 0.0, 0.0, 0.0, 0.0, 0.0, 0.0, 0.0, 0.0, 0.0, 0.0, 0.0, 0.0, 0.0, 0.0, 0.0, 0.0, 0.0, 0.0, 0.0, 0.0, 0.0, 0.0, 0.0, 0.0, 0.0, 0.0, 0.0, 0.0, 0.0, 0.0, 0.0, 0.0, 0.0, 0.0, 0.0, 0.0, 0.0, 0.0, 0.0, 0.0, 0.0, 0.0, 0.0, 0.0, 0.0, 0.0, 0.0, 0.0, 0.0, 0.0, 0.0, 0.0, 0.0, 0.0, 0.0, 0.0, 0.0, 0.0, 0.0, 0.0, 0.0, 0.0, 0.0, 0.0, 0.0, 0.0, 0.0, 0.0, 0.0, 0.0, 0.0, 0.0, 0.0, 0.0, 0.0, 0.0, 0.0, 0.0, 0.0, 0.0, 0.0, 0.0, 0.0, 0.0, 0.0, 0.0, 0.0, 0.0, 0.0, 0.0, 0.0, 0.0, 0.0, 0.0, 0.0, 0.0, 0.0, 0.0, 0.0, 0.0, 0.0, 0.0, 0.0, 0.0, 0.0, 0.0, 0.0, 0.0, 0.0, 0.0, 0.0, 0.0, 0.0, 0.0, 0.0, 0.0, 0.0, 0.0, 0.0, 0.0, 0.0, 0.0, 0.0, 0.0, 0.0, 0.0, 0.0, 0.0, 0.0, 0.0, 0.0, 0.0, 0.0, 0.0, 0.0]
---
header: 
  seq: 425
  stamp: 
    secs: 42
    nsecs: 600000000
  frame_id: "base_laser_link"
angle_min: -3.14159274101
angle_max: 3.14159274101
angle_increment: 0.0175019092858
time_increment: 0.0
scan_time: 0.0
range_min: 0.15000000596
range_max: 16.0
ranges: [5.070000171661377, 5.070776462554932, 5.073107719421387, 5.076996803283691, 5.082449436187744, 5.089475154876709, 5.09808349609375, 5.108288764953613, 5.120106220245361, 5.133554458618164, 5.148654937744141, 5.165431499481201, 5.183910369873047, 5.204122066497803, 5.226099014282227, 5.249877452850342, 5.275496482849121, 5.302999019622803, 5.332431793212891, 5.363845348358154, 5.397294044494629, 5.432837009429932, 5.470538139343262, 5.5104660987854, 5.552694320678711, 5.597302436828613, 5.644376277923584, 5.694007396697998, 5.7462944984436035, 5.801344871520996, 5.859272003173828, 5.920198917388916, 5.984259128570557, 6.0515947341918945, 6.122359275817871, 6.196719169616699, 6.274853229522705, 6.356955051422119, 6.443233489990234, 6.533914566040039, 6.629244804382324, 6.729489803314209, 6.8349385261535645, 6.945906162261963, 7.062735080718994, 7.182335376739502, 7.312045574188232, 7.449943542480469, 7.593277454376221, 7.735329627990723, 7.647165298461914, 7.538166522979736, 7.434476852416992, 7.335816860198975, 7.241930961608887, 7.152580738067627, 7.067546844482422, 6.986626148223877, 6.909630298614502, 6.836383819580078, 6.766725063323975, 6.700503349304199, 6.63757848739624, 6.577820777893066, 6.521108627319336, 6.467330455780029, 6.416381359100342, 6.368164539337158, 6.3225884437561035, 6.279570579528809, 6.239031791687012, 6.200900554656982, 6.165109157562256, 6.131596088409424, 6.100304126739502, 6.0711798667907715, 6.044175148010254, 6.019245147705078, 5.996349334716797, 5.975450038909912, 5.956514358520508, 5.939511775970459, 5.924415588378906, 5.9112019538879395, 5.899850368499756, 5.890343189239502, 5.882665634155273, 5.876805782318115, 5.8727545738220215, 5.8705058097839355, 5.87005615234375, 5.871405124664307, 5.87455415725708, 5.879508972167969, 5.8862762451171875, 5.432918548583984, 5.44252872467041, 5.4538469314575195, 5.46688985824585, 5.481678485870361, 5.498236179351807, 5.516589164733887, 5.536766529083252, 5.558801174163818, 5.582728862762451, 5.608588695526123, 5.636423587799072, 5.666280746459961, 5.6982102394104, 5.730264186859131, 5.7522053718566895, 5.807008266448975, 5.641982555389404, 5.40504789352417, 5.1985182762146, 5.010589122772217, 4.832856178283691, 4.664089202880859, 4.506515026092529, 4.377310276031494, 4.231468200683594, 4.122780799865723, 4.012529373168945, 3.8935258388519287, 3.797802448272705, 3.7110021114349365, 3.6147491931915283, 3.521254777908325, 3.4412107467651367, 3.374242067337036, 3.301193952560425, 1.8774358034133911, 1.8412190675735474, 1.8042752742767334, 1.7707147598266602, 1.7562780380249023, 1.7157524824142456, 1.6986467838287354, 1.6719783544540405, 1.6466310024261475, 1.622530221939087, 1.5996077060699463, 1.5778003931045532, 1.557050108909607, 1.5373034477233887, 1.5185105800628662, 1.5006258487701416, 1.4836065769195557, 1.4674134254455566, 1.452009916305542, 1.4373621940612793, 1.4234386682510376, 1.410210132598877, 1.3976494073867798, 1.3857311010360718, 1.374431848526001, 1.36372971534729, 1.3536043167114258, 1.3440369367599487, 1.3350098133087158, 1.3265068531036377, 1.3185126781463623, 1.3110135793685913, 1.2935644388198853, 1.2870696783065796, 1.281030297279358, 1.2754360437393188, 1.270277976989746, 1.265547513961792, 1.2612370252609253, 1.257339596748352, 1.2538491487503052, 1.2507600784301758, 1.2480674982070923, 1.2457672357559204, 1.2438557147979736, 1.2423300743103027, 1.2411879301071167, 1.2404274940490723, 1.2400474548339844, 1.2400474548339844, 1.2404274940490723, 1.2411879301071167, 1.2423300743103027, 1.2438557147979736, 1.2457672357559204, 1.2480674982070923, 1.2507600784301758, 1.2538491487503052, 1.257339596748352, 1.2612370252609253, 1.265547513961792, 1.270277976989746, 1.234292984008789, 1.1570595502853394, 1.0794777870178223, 1.0223331451416016, 0.9649059772491455, 0.9071367383003235, 0.8701884746551514, 0.8544062972068787, 0.8601836562156677, 0.8663067817687988, 0.8727869987487793, 0.8796364068984985, 0.8868679404258728, 0.8944956064224243, 0.9025344848632812, 0.9110007882118225, 0.919911801815033, 0.9292863607406616, 0.9391446113586426, 0.9495081901550293, 0.9604005217552185, 0.9718468189239502, 0.9838742017745972, 0.9965121150016785, 1.0097922086715698, 1.0237488746643066, 1.0384193658828735, 1.0538438558578491, 1.070066213607788, 1.0871340036392212, 1.105099081993103, 1.1240179538726807, 1.1191954612731934, 1.1555466651916504, 1.181442141532898, 1.2215381860733032, 1.2321124076843262, 1.2485294342041016, 1.2860260009765625, 1.3057067394256592, 1.343792200088501, 1.3916263580322266, 1.4061378240585327, 1.445043921470642, 1.4976189136505127, 1.5378367900848389, 1.5946613550186157, 1.6367889642715454, 1.698793649673462, 1.7435691356658936, 1.8114537000656128, 1.8602962493896484, 1.9538072347640991, 2.026322841644287, 2.1096789836883545, 2.209418296813965, 2.304800271987915, 2.3840301036834717, 2.3755762577056885, 2.3699440956115723, 2.3495819568634033, 2.3370683193206787, 2.332206964492798, 2.3256003856658936, 2.3129382133483887, 2.29433012008667, 2.2866971492767334, 2.279810905456543, 2.273660182952881, 2.268235683441162, 2.26352858543396, 2.2595317363739014, 2.2562389373779297, 2.2536447048187256, 2.2517457008361816, 2.2505385875701904, 2.250021457672119, 2.2501938343048096, 2.2510557174682617, 2.25260853767395, 2.254854679107666, 2.2577977180480957, 2.261441946029663, 2.2657928466796875, 2.270857810974121, 2.276644229888916, 2.2831614017486572, 2.290419578552246, 2.2984302043914795, 2.307206392288208, 2.3167622089385986, 2.327113389968872, 2.3382766246795654, 2.350271224975586, 2.36311674118042, 2.376835823059082, 2.391451597213745, 2.4069902896881104, 2.4234793186187744, 2.440948963165283, 2.459430694580078, 2.478959798812866, 2.499573230743408, 2.521311044692993, 2.5442166328430176, 2.568336009979248, 2.593719005584717, 2.62041974067688, 2.6484954357147217, 2.6780083179473877, 2.7090256214141846, 2.74161958694458, 2.7758679389953613, 2.811854839324951, 2.8496716022491455, 2.889416456222534, 2.9311962127685547, 2.9751267433166504, 3.0213334560394287, 3.069953441619873, 3.1211354732513428, 3.175041913986206, 3.2198445796966553, 3.2883946895599365, 3.334134340286255, 3.406899929046631, 3.486262559890747, 3.5637099742889404, 3.6249351501464844, 3.7084808349609375, 3.803987979888916, 3.894538640975952, 4.000088214874268, 4.0991997718811035, 4.226251125335693, 4.349638938903809, 4.464413642883301, 4.608113765716553, 4.755270957946777, 4.914253234863281, 5.103654384613037, 5.28288459777832, 5.493677616119385, 5.520612716674805, 5.487697124481201, 5.445387840270996, 5.403865337371826, 5.3639984130859375, 5.332431793212891, 5.302999019622803, 5.275496482849121, 5.249877452850342, 5.226099014282227, 5.204122066497803, 5.183910369873047, 5.165431499481201, 5.148654937744141, 5.133554458618164, 5.120106220245361, 5.108288764953613, 5.09808349609375, 5.089475154876709, 5.082449436187744, 5.076996803283691, 5.073107719421387, 5.070776462554932, 5.070000171661377]
intensities: [0.0, 0.0, 0.0, 0.0, 0.0, 0.0, 0.0, 0.0, 0.0, 0.0, 0.0, 0.0, 0.0, 0.0, 0.0, 0.0, 0.0, 0.0, 0.0, 0.0, 0.0, 0.0, 0.0, 0.0, 0.0, 0.0, 0.0, 0.0, 0.0, 0.0, 0.0, 0.0, 0.0, 0.0, 0.0, 0.0, 0.0, 0.0, 0.0, 0.0, 0.0, 0.0, 0.0, 0.0, 0.0, 0.0, 0.0, 0.0, 0.0, 0.0, 0.0, 0.0, 0.0, 0.0, 0.0, 0.0, 0.0, 0.0, 0.0, 0.0, 0.0, 0.0, 0.0, 0.0, 0.0, 0.0, 0.0, 0.0, 0.0, 0.0, 0.0, 0.0, 0.0, 0.0, 0.0, 0.0, 0.0, 0.0, 0.0, 0.0, 0.0, 0.0, 0.0, 0.0, 0.0, 0.0, 0.0, 0.0, 0.0, 0.0, 0.0, 0.0, 0.0, 0.0, 0.0, 0.0, 0.0, 0.0, 0.0, 0.0, 0.0, 0.0, 0.0, 0.0, 0.0, 0.0, 0.0, 0.0, 0.0, 0.0, 0.0, 0.0, 0.0, 0.0, 0.0, 0.0, 0.0, 0.0, 0.0, 0.0, 0.0, 0.0, 0.0, 0.0, 0.0, 0.0, 0.0, 0.0, 0.0, 0.0, 0.0, 0.0, 0.0, 0.0, 0.0, 0.0, 0.0, 0.0, 0.0, 0.0, 0.0, 0.0, 0.0, 0.0, 0.0, 0.0, 0.0, 0.0, 0.0, 0.0, 0.0, 0.0, 0.0, 0.0, 0.0, 0.0, 0.0, 0.0, 0.0, 0.0, 0.0, 0.0, 0.0, 0.0, 0.0, 0.0, 0.0, 0.0, 0.0, 0.0, 0.0, 0.0, 0.0, 0.0, 0.0, 0.0, 0.0, 0.0, 0.0, 0.0, 0.0, 0.0, 0.0, 0.0, 0.0, 0.0, 0.0, 0.0, 0.0, 0.0, 0.0, 0.0, 0.0, 0.0, 0.0, 0.0, 0.0, 0.0, 0.0, 0.0, 0.0, 0.0, 0.0, 0.0, 0.0, 0.0, 0.0, 0.0, 0.0, 0.0, 0.0, 0.0, 0.0, 0.0, 0.0, 0.0, 0.0, 0.0, 0.0, 0.0, 0.0, 0.0, 0.0, 0.0, 0.0, 0.0, 0.0, 0.0, 0.0, 0.0, 0.0, 0.0, 0.0, 0.0, 0.0, 0.0, 0.0, 0.0, 0.0, 0.0, 0.0, 0.0, 0.0, 0.0, 0.0, 0.0, 0.0, 0.0, 0.0, 0.0, 0.0, 0.0, 0.0, 0.0, 0.0, 0.0, 0.0, 0.0, 0.0, 0.0, 0.0, 0.0, 0.0, 0.0, 0.0, 0.0, 0.0, 0.0, 0.0, 0.0, 0.0, 0.0, 0.0, 0.0, 0.0, 0.0, 0.0, 0.0, 0.0, 0.0, 0.0, 0.0, 0.0, 0.0, 0.0, 0.0, 0.0, 0.0, 0.0, 0.0, 0.0, 0.0, 0.0, 0.0, 0.0, 0.0, 0.0, 0.0, 0.0, 0.0, 0.0, 0.0, 0.0, 0.0, 0.0, 0.0, 0.0, 0.0, 0.0, 0.0, 0.0, 0.0, 0.0, 0.0, 0.0, 0.0, 0.0, 0.0, 0.0, 0.0, 0.0, 0.0, 0.0, 0.0, 0.0, 0.0, 0.0, 0.0, 0.0, 0.0, 0.0, 0.0, 0.0, 0.0, 0.0, 0.0, 0.0, 0.0, 0.0, 0.0, 0.0, 0.0, 0.0, 0.0, 0.0, 0.0, 0.0, 0.0, 0.0, 0.0, 0.0, 0.0, 0.0, 0.0, 0.0, 0.0, 0.0, 0.0, 0.0, 0.0]
---
header: 
  seq: 426
  stamp: 
    secs: 42
    nsecs: 700000000
  frame_id: "base_laser_link"
angle_min: -3.14159274101
angle_max: 3.14159274101
angle_increment: 0.0175019092858
time_increment: 0.0
scan_time: 0.0
range_min: 0.15000000596
range_max: 16.0
ranges: [5.070000171661377, 5.070776462554932, 5.073107719421387, 5.076996803283691, 5.082449436187744, 5.089475154876709, 5.09808349609375, 5.108288764953613, 5.120106220245361, 5.133554458618164, 5.148654937744141, 5.165431499481201, 5.183910369873047, 5.204122066497803, 5.226099014282227, 5.249877452850342, 5.275496482849121, 5.302999019622803, 5.332431793212891, 5.363845348358154, 5.397294044494629, 5.432837009429932, 5.470538139343262, 5.5104660987854, 5.552694320678711, 5.597302436828613, 5.644376277923584, 5.694007396697998, 5.7462944984436035, 5.801344871520996, 5.859272003173828, 5.920198917388916, 5.984259128570557, 6.0515947341918945, 6.122359275817871, 6.196719169616699, 6.274853229522705, 6.356955051422119, 6.443233489990234, 6.533914566040039, 6.629244804382324, 6.729489803314209, 6.8349385261535645, 6.945906162261963, 7.062735080718994, 7.182335376739502, 7.312045574188232, 7.449943542480469, 7.593277454376221, 7.735329627990723, 7.647165298461914, 7.538166522979736, 7.434476852416992, 7.335816860198975, 7.241930961608887, 7.152580738067627, 7.067546844482422, 6.986626148223877, 6.909630298614502, 6.836383819580078, 6.766725063323975, 6.700503349304199, 6.63757848739624, 6.577820777893066, 6.521108627319336, 6.467330455780029, 6.416381359100342, 6.368164539337158, 6.3225884437561035, 6.279570579528809, 6.239031791687012, 6.200900554656982, 6.165109157562256, 6.131596088409424, 6.100304126739502, 6.0711798667907715, 6.044175148010254, 6.019245147705078, 5.996349334716797, 5.975450038909912, 5.956514358520508, 5.939511775970459, 5.924415588378906, 5.9112019538879395, 5.899850368499756, 5.890343189239502, 5.882665634155273, 5.876805782318115, 5.8727545738220215, 5.8705058097839355, 5.87005615234375, 5.871405124664307, 5.87455415725708, 5.879508972167969, 5.8862762451171875, 5.432918548583984, 5.44252872467041, 5.4538469314575195, 5.46688985824585, 5.481678485870361, 5.498236179351807, 5.516589164733887, 5.536766529083252, 5.558801174163818, 5.582728862762451, 5.608588695526123, 5.636423587799072, 5.666280746459961, 5.6982102394104, 5.730264186859131, 5.7522053718566895, 5.807008266448975, 5.641982555389404, 5.40504789352417, 5.1985182762146, 5.010589122772217, 4.832856178283691, 4.664089202880859, 4.506515026092529, 4.377310276031494, 4.231468200683594, 4.122780799865723, 4.012529373168945, 3.8935258388519287, 3.797802448272705, 3.7110021114349365, 3.6147491931915283, 3.521254777908325, 3.4412107467651367, 3.374242067337036, 3.301193952560425, 1.8774358034133911, 1.8412190675735474, 1.8042752742767334, 1.7707147598266602, 1.7562780380249023, 1.7157524824142456, 1.6986467838287354, 1.6719783544540405, 1.6466310024261475, 1.622530221939087, 1.5996077060699463, 1.5778003931045532, 1.557050108909607, 1.5373034477233887, 1.5185105800628662, 1.5006258487701416, 1.4836065769195557, 1.4674134254455566, 1.452009916305542, 1.4373621940612793, 1.4234386682510376, 1.410210132598877, 1.3976494073867798, 1.3857311010360718, 1.374431848526001, 1.36372971534729, 1.3536043167114258, 1.3440369367599487, 1.3350098133087158, 1.3265068531036377, 1.3185126781463623, 1.3110135793685913, 1.2935644388198853, 1.2870696783065796, 1.281030297279358, 1.2754360437393188, 1.270277976989746, 1.265547513961792, 1.2612370252609253, 1.257339596748352, 1.2538491487503052, 1.2507600784301758, 1.2480674982070923, 1.2457672357559204, 1.2438557147979736, 1.2423300743103027, 1.2411879301071167, 1.2404274940490723, 1.2400474548339844, 1.2400474548339844, 1.2404274940490723, 1.2411879301071167, 1.2423300743103027, 1.2438557147979736, 1.2457672357559204, 1.2480674982070923, 1.2507600784301758, 1.2538491487503052, 1.257339596748352, 1.2612370252609253, 1.265547513961792, 1.270277976989746, 1.234292984008789, 1.1570595502853394, 1.0794777870178223, 1.0223331451416016, 0.9649059772491455, 0.9071367383003235, 0.8701884746551514, 0.8544062972068787, 0.8601836562156677, 0.8663067817687988, 0.8727869987487793, 0.8796364068984985, 0.8868679404258728, 0.8944956064224243, 0.9025344848632812, 0.9110007882118225, 0.919911801815033, 0.9292863607406616, 0.9391446113586426, 0.9495081901550293, 0.9604005217552185, 0.9718468189239502, 0.9838742017745972, 0.9965121150016785, 1.0097922086715698, 1.0237488746643066, 1.0384193658828735, 1.0538438558578491, 1.070066213607788, 1.0871340036392212, 1.105099081993103, 1.1240179538726807, 1.1191954612731934, 1.1555466651916504, 1.181442141532898, 1.2215381860733032, 1.2321124076843262, 1.2485294342041016, 1.2860260009765625, 1.3057067394256592, 1.343792200088501, 1.3916263580322266, 1.4061378240585327, 1.445043921470642, 1.4976189136505127, 1.5378367900848389, 1.5946613550186157, 1.6367889642715454, 1.698793649673462, 1.7435691356658936, 1.8114537000656128, 1.8602962493896484, 1.9538072347640991, 2.026322841644287, 2.1096789836883545, 2.209418296813965, 2.304800271987915, 2.3840301036834717, 2.3755762577056885, 2.3699440956115723, 2.3495819568634033, 2.3370683193206787, 2.332206964492798, 2.3256003856658936, 2.3129382133483887, 2.29433012008667, 2.2866971492767334, 2.279810905456543, 2.273660182952881, 2.268235683441162, 2.26352858543396, 2.2595317363739014, 2.2562389373779297, 2.2536447048187256, 2.2517457008361816, 2.2505385875701904, 2.250021457672119, 2.2501938343048096, 2.2510557174682617, 2.25260853767395, 2.254854679107666, 2.2577977180480957, 2.261441946029663, 2.2657928466796875, 2.270857810974121, 2.276644229888916, 2.2831614017486572, 2.290419578552246, 2.2984302043914795, 2.307206392288208, 2.3167622089385986, 2.327113389968872, 2.3382766246795654, 2.350271224975586, 2.36311674118042, 2.376835823059082, 2.391451597213745, 2.4069902896881104, 2.4234793186187744, 2.440948963165283, 2.459430694580078, 2.478959798812866, 2.499573230743408, 2.521311044692993, 2.5442166328430176, 2.568336009979248, 2.593719005584717, 2.62041974067688, 2.6484954357147217, 2.6780083179473877, 2.7090256214141846, 2.74161958694458, 2.7758679389953613, 2.811854839324951, 2.8496716022491455, 2.889416456222534, 2.9311962127685547, 2.9751267433166504, 3.0213334560394287, 3.069953441619873, 3.1211354732513428, 3.175041913986206, 3.2198445796966553, 3.2883946895599365, 3.334134340286255, 3.406899929046631, 3.486262559890747, 3.5637099742889404, 3.6249351501464844, 3.7084808349609375, 3.803987979888916, 3.894538640975952, 4.000088214874268, 4.0991997718811035, 4.226251125335693, 4.349638938903809, 4.464413642883301, 4.608113765716553, 4.755270957946777, 4.914253234863281, 5.103654384613037, 5.28288459777832, 5.493677616119385, 5.520612716674805, 5.487697124481201, 5.445387840270996, 5.403865337371826, 5.3639984130859375, 5.332431793212891, 5.302999019622803, 5.275496482849121, 5.249877452850342, 5.226099014282227, 5.204122066497803, 5.183910369873047, 5.165431499481201, 5.148654937744141, 5.133554458618164, 5.120106220245361, 5.108288764953613, 5.09808349609375, 5.089475154876709, 5.082449436187744, 5.076996803283691, 5.073107719421387, 5.070776462554932, 5.070000171661377]
intensities: [0.0, 0.0, 0.0, 0.0, 0.0, 0.0, 0.0, 0.0, 0.0, 0.0, 0.0, 0.0, 0.0, 0.0, 0.0, 0.0, 0.0, 0.0, 0.0, 0.0, 0.0, 0.0, 0.0, 0.0, 0.0, 0.0, 0.0, 0.0, 0.0, 0.0, 0.0, 0.0, 0.0, 0.0, 0.0, 0.0, 0.0, 0.0, 0.0, 0.0, 0.0, 0.0, 0.0, 0.0, 0.0, 0.0, 0.0, 0.0, 0.0, 0.0, 0.0, 0.0, 0.0, 0.0, 0.0, 0.0, 0.0, 0.0, 0.0, 0.0, 0.0, 0.0, 0.0, 0.0, 0.0, 0.0, 0.0, 0.0, 0.0, 0.0, 0.0, 0.0, 0.0, 0.0, 0.0, 0.0, 0.0, 0.0, 0.0, 0.0, 0.0, 0.0, 0.0, 0.0, 0.0, 0.0, 0.0, 0.0, 0.0, 0.0, 0.0, 0.0, 0.0, 0.0, 0.0, 0.0, 0.0, 0.0, 0.0, 0.0, 0.0, 0.0, 0.0, 0.0, 0.0, 0.0, 0.0, 0.0, 0.0, 0.0, 0.0, 0.0, 0.0, 0.0, 0.0, 0.0, 0.0, 0.0, 0.0, 0.0, 0.0, 0.0, 0.0, 0.0, 0.0, 0.0, 0.0, 0.0, 0.0, 0.0, 0.0, 0.0, 0.0, 0.0, 0.0, 0.0, 0.0, 0.0, 0.0, 0.0, 0.0, 0.0, 0.0, 0.0, 0.0, 0.0, 0.0, 0.0, 0.0, 0.0, 0.0, 0.0, 0.0, 0.0, 0.0, 0.0, 0.0, 0.0, 0.0, 0.0, 0.0, 0.0, 0.0, 0.0, 0.0, 0.0, 0.0, 0.0, 0.0, 0.0, 0.0, 0.0, 0.0, 0.0, 0.0, 0.0, 0.0, 0.0, 0.0, 0.0, 0.0, 0.0, 0.0, 0.0, 0.0, 0.0, 0.0, 0.0, 0.0, 0.0, 0.0, 0.0, 0.0, 0.0, 0.0, 0.0, 0.0, 0.0, 0.0, 0.0, 0.0, 0.0, 0.0, 0.0, 0.0, 0.0, 0.0, 0.0, 0.0, 0.0, 0.0, 0.0, 0.0, 0.0, 0.0, 0.0, 0.0, 0.0, 0.0, 0.0, 0.0, 0.0, 0.0, 0.0, 0.0, 0.0, 0.0, 0.0, 0.0, 0.0, 0.0, 0.0, 0.0, 0.0, 0.0, 0.0, 0.0, 0.0, 0.0, 0.0, 0.0, 0.0, 0.0, 0.0, 0.0, 0.0, 0.0, 0.0, 0.0, 0.0, 0.0, 0.0, 0.0, 0.0, 0.0, 0.0, 0.0, 0.0, 0.0, 0.0, 0.0, 0.0, 0.0, 0.0, 0.0, 0.0, 0.0, 0.0, 0.0, 0.0, 0.0, 0.0, 0.0, 0.0, 0.0, 0.0, 0.0, 0.0, 0.0, 0.0, 0.0, 0.0, 0.0, 0.0, 0.0, 0.0, 0.0, 0.0, 0.0, 0.0, 0.0, 0.0, 0.0, 0.0, 0.0, 0.0, 0.0, 0.0, 0.0, 0.0, 0.0, 0.0, 0.0, 0.0, 0.0, 0.0, 0.0, 0.0, 0.0, 0.0, 0.0, 0.0, 0.0, 0.0, 0.0, 0.0, 0.0, 0.0, 0.0, 0.0, 0.0, 0.0, 0.0, 0.0, 0.0, 0.0, 0.0, 0.0, 0.0, 0.0, 0.0, 0.0, 0.0, 0.0, 0.0, 0.0, 0.0, 0.0, 0.0, 0.0, 0.0, 0.0, 0.0, 0.0, 0.0, 0.0, 0.0, 0.0, 0.0, 0.0, 0.0, 0.0, 0.0, 0.0, 0.0, 0.0, 0.0, 0.0, 0.0, 0.0]
---
header: 
  seq: 427
  stamp: 
    secs: 42
    nsecs: 800000000
  frame_id: "base_laser_link"
angle_min: -3.14159274101
angle_max: 3.14159274101
angle_increment: 0.0175019092858
time_increment: 0.0
scan_time: 0.0
range_min: 0.15000000596
range_max: 16.0
ranges: [5.070000171661377, 5.070776462554932, 5.073107719421387, 5.076996803283691, 5.082449436187744, 5.089475154876709, 5.09808349609375, 5.108288764953613, 5.120106220245361, 5.133554458618164, 5.148654937744141, 5.165431499481201, 5.183910369873047, 5.204122066497803, 5.226099014282227, 5.249877452850342, 5.275496482849121, 5.302999019622803, 5.332431793212891, 5.363845348358154, 5.397294044494629, 5.432837009429932, 5.470538139343262, 5.5104660987854, 5.552694320678711, 5.597302436828613, 5.644376277923584, 5.694007396697998, 5.7462944984436035, 5.801344871520996, 5.859272003173828, 5.920198917388916, 5.984259128570557, 6.0515947341918945, 6.122359275817871, 6.196719169616699, 6.274853229522705, 6.356955051422119, 6.443233489990234, 6.533914566040039, 6.629244804382324, 6.729489803314209, 6.8349385261535645, 6.945906162261963, 7.062735080718994, 7.182335376739502, 7.312045574188232, 7.449943542480469, 7.593277454376221, 7.735329627990723, 7.647165298461914, 7.538166522979736, 7.434476852416992, 7.335816860198975, 7.241930961608887, 7.152580738067627, 7.067546844482422, 6.986626148223877, 6.909630298614502, 6.836383819580078, 6.766725063323975, 6.700503349304199, 6.63757848739624, 6.577820777893066, 6.521108627319336, 6.467330455780029, 6.416381359100342, 6.368164539337158, 6.3225884437561035, 6.279570579528809, 6.239031791687012, 6.200900554656982, 6.165109157562256, 6.131596088409424, 6.100304126739502, 6.0711798667907715, 6.044175148010254, 6.019245147705078, 5.996349334716797, 5.975450038909912, 5.956514358520508, 5.939511775970459, 5.924415588378906, 5.9112019538879395, 5.899850368499756, 5.890343189239502, 5.882665634155273, 5.876805782318115, 5.8727545738220215, 5.8705058097839355, 5.87005615234375, 5.871405124664307, 5.87455415725708, 5.879508972167969, 5.8862762451171875, 5.432918548583984, 5.44252872467041, 5.4538469314575195, 5.46688985824585, 5.481678485870361, 5.498236179351807, 5.516589164733887, 5.536766529083252, 5.558801174163818, 5.582728862762451, 5.608588695526123, 5.636423587799072, 5.666280746459961, 5.6982102394104, 5.730264186859131, 5.7522053718566895, 5.807008266448975, 5.641982555389404, 5.40504789352417, 5.1985182762146, 5.010589122772217, 4.832856178283691, 4.664089202880859, 4.506515026092529, 4.377310276031494, 4.231468200683594, 4.122780799865723, 4.012529373168945, 3.8935258388519287, 3.797802448272705, 3.7110021114349365, 3.6147491931915283, 3.521254777908325, 3.4412107467651367, 3.374242067337036, 3.301193952560425, 1.8774358034133911, 1.8412190675735474, 1.8042752742767334, 1.7707147598266602, 1.7562780380249023, 1.7157524824142456, 1.6986467838287354, 1.6719783544540405, 1.6466310024261475, 1.622530221939087, 1.5996077060699463, 1.5778003931045532, 1.557050108909607, 1.5373034477233887, 1.5185105800628662, 1.5006258487701416, 1.4836065769195557, 1.4674134254455566, 1.452009916305542, 1.4373621940612793, 1.4234386682510376, 1.410210132598877, 1.3976494073867798, 1.3857311010360718, 1.374431848526001, 1.36372971534729, 1.3536043167114258, 1.3440369367599487, 1.3350098133087158, 1.3265068531036377, 1.3185126781463623, 1.3110135793685913, 1.2935644388198853, 1.2870696783065796, 1.281030297279358, 1.2754360437393188, 1.270277976989746, 1.265547513961792, 1.2612370252609253, 1.257339596748352, 1.2538491487503052, 1.2507600784301758, 1.2480674982070923, 1.2457672357559204, 1.2438557147979736, 1.2423300743103027, 1.2411879301071167, 1.2404274940490723, 1.2400474548339844, 1.2400474548339844, 1.2404274940490723, 1.2411879301071167, 1.2423300743103027, 1.2438557147979736, 1.2457672357559204, 1.2480674982070923, 1.2507600784301758, 1.2538491487503052, 1.257339596748352, 1.2612370252609253, 1.265547513961792, 1.270277976989746, 1.234292984008789, 1.1570595502853394, 1.0794777870178223, 1.0223331451416016, 0.9649059772491455, 0.9071367383003235, 0.8701884746551514, 0.8544062972068787, 0.8601836562156677, 0.8663067817687988, 0.8727869987487793, 0.8796364068984985, 0.8868679404258728, 0.8944956064224243, 0.9025344848632812, 0.9110007882118225, 0.919911801815033, 0.9292863607406616, 0.9391446113586426, 0.9495081901550293, 0.9604005217552185, 0.9718468189239502, 0.9838742017745972, 0.9965121150016785, 1.0097922086715698, 1.0237488746643066, 1.0384193658828735, 1.0538438558578491, 1.070066213607788, 1.0871340036392212, 1.105099081993103, 1.1240179538726807, 1.1191954612731934, 1.1555466651916504, 1.181442141532898, 1.2215381860733032, 1.2321124076843262, 1.2485294342041016, 1.2860260009765625, 1.3057067394256592, 1.343792200088501, 1.3916263580322266, 1.4061378240585327, 1.445043921470642, 1.4976189136505127, 1.5378367900848389, 1.5946613550186157, 1.6367889642715454, 1.698793649673462, 1.7435691356658936, 1.8114537000656128, 1.8602962493896484, 1.9538072347640991, 2.026322841644287, 2.1096789836883545, 2.209418296813965, 2.304800271987915, 2.3840301036834717, 2.3755762577056885, 2.3699440956115723, 2.3495819568634033, 2.3370683193206787, 2.332206964492798, 2.3256003856658936, 2.3129382133483887, 2.29433012008667, 2.2866971492767334, 2.279810905456543, 2.273660182952881, 2.268235683441162, 2.26352858543396, 2.2595317363739014, 2.2562389373779297, 2.2536447048187256, 2.2517457008361816, 2.2505385875701904, 2.250021457672119, 2.2501938343048096, 2.2510557174682617, 2.25260853767395, 2.254854679107666, 2.2577977180480957, 2.261441946029663, 2.2657928466796875, 2.270857810974121, 2.276644229888916, 2.2831614017486572, 2.290419578552246, 2.2984302043914795, 2.307206392288208, 2.3167622089385986, 2.327113389968872, 2.3382766246795654, 2.350271224975586, 2.36311674118042, 2.376835823059082, 2.391451597213745, 2.4069902896881104, 2.4234793186187744, 2.440948963165283, 2.459430694580078, 2.478959798812866, 2.499573230743408, 2.521311044692993, 2.5442166328430176, 2.568336009979248, 2.593719005584717, 2.62041974067688, 2.6484954357147217, 2.6780083179473877, 2.7090256214141846, 2.74161958694458, 2.7758679389953613, 2.811854839324951, 2.8496716022491455, 2.889416456222534, 2.9311962127685547, 2.9751267433166504, 3.0213334560394287, 3.069953441619873, 3.1211354732513428, 3.175041913986206, 3.2198445796966553, 3.2883946895599365, 3.334134340286255, 3.406899929046631, 3.486262559890747, 3.5637099742889404, 3.6249351501464844, 3.7084808349609375, 3.803987979888916, 3.894538640975952, 4.000088214874268, 4.0991997718811035, 4.226251125335693, 4.349638938903809, 4.464413642883301, 4.608113765716553, 4.755270957946777, 4.914253234863281, 5.103654384613037, 5.28288459777832, 5.493677616119385, 5.520612716674805, 5.487697124481201, 5.445387840270996, 5.403865337371826, 5.3639984130859375, 5.332431793212891, 5.302999019622803, 5.275496482849121, 5.249877452850342, 5.226099014282227, 5.204122066497803, 5.183910369873047, 5.165431499481201, 5.148654937744141, 5.133554458618164, 5.120106220245361, 5.108288764953613, 5.09808349609375, 5.089475154876709, 5.082449436187744, 5.076996803283691, 5.073107719421387, 5.070776462554932, 5.070000171661377]
intensities: [0.0, 0.0, 0.0, 0.0, 0.0, 0.0, 0.0, 0.0, 0.0, 0.0, 0.0, 0.0, 0.0, 0.0, 0.0, 0.0, 0.0, 0.0, 0.0, 0.0, 0.0, 0.0, 0.0, 0.0, 0.0, 0.0, 0.0, 0.0, 0.0, 0.0, 0.0, 0.0, 0.0, 0.0, 0.0, 0.0, 0.0, 0.0, 0.0, 0.0, 0.0, 0.0, 0.0, 0.0, 0.0, 0.0, 0.0, 0.0, 0.0, 0.0, 0.0, 0.0, 0.0, 0.0, 0.0, 0.0, 0.0, 0.0, 0.0, 0.0, 0.0, 0.0, 0.0, 0.0, 0.0, 0.0, 0.0, 0.0, 0.0, 0.0, 0.0, 0.0, 0.0, 0.0, 0.0, 0.0, 0.0, 0.0, 0.0, 0.0, 0.0, 0.0, 0.0, 0.0, 0.0, 0.0, 0.0, 0.0, 0.0, 0.0, 0.0, 0.0, 0.0, 0.0, 0.0, 0.0, 0.0, 0.0, 0.0, 0.0, 0.0, 0.0, 0.0, 0.0, 0.0, 0.0, 0.0, 0.0, 0.0, 0.0, 0.0, 0.0, 0.0, 0.0, 0.0, 0.0, 0.0, 0.0, 0.0, 0.0, 0.0, 0.0, 0.0, 0.0, 0.0, 0.0, 0.0, 0.0, 0.0, 0.0, 0.0, 0.0, 0.0, 0.0, 0.0, 0.0, 0.0, 0.0, 0.0, 0.0, 0.0, 0.0, 0.0, 0.0, 0.0, 0.0, 0.0, 0.0, 0.0, 0.0, 0.0, 0.0, 0.0, 0.0, 0.0, 0.0, 0.0, 0.0, 0.0, 0.0, 0.0, 0.0, 0.0, 0.0, 0.0, 0.0, 0.0, 0.0, 0.0, 0.0, 0.0, 0.0, 0.0, 0.0, 0.0, 0.0, 0.0, 0.0, 0.0, 0.0, 0.0, 0.0, 0.0, 0.0, 0.0, 0.0, 0.0, 0.0, 0.0, 0.0, 0.0, 0.0, 0.0, 0.0, 0.0, 0.0, 0.0, 0.0, 0.0, 0.0, 0.0, 0.0, 0.0, 0.0, 0.0, 0.0, 0.0, 0.0, 0.0, 0.0, 0.0, 0.0, 0.0, 0.0, 0.0, 0.0, 0.0, 0.0, 0.0, 0.0, 0.0, 0.0, 0.0, 0.0, 0.0, 0.0, 0.0, 0.0, 0.0, 0.0, 0.0, 0.0, 0.0, 0.0, 0.0, 0.0, 0.0, 0.0, 0.0, 0.0, 0.0, 0.0, 0.0, 0.0, 0.0, 0.0, 0.0, 0.0, 0.0, 0.0, 0.0, 0.0, 0.0, 0.0, 0.0, 0.0, 0.0, 0.0, 0.0, 0.0, 0.0, 0.0, 0.0, 0.0, 0.0, 0.0, 0.0, 0.0, 0.0, 0.0, 0.0, 0.0, 0.0, 0.0, 0.0, 0.0, 0.0, 0.0, 0.0, 0.0, 0.0, 0.0, 0.0, 0.0, 0.0, 0.0, 0.0, 0.0, 0.0, 0.0, 0.0, 0.0, 0.0, 0.0, 0.0, 0.0, 0.0, 0.0, 0.0, 0.0, 0.0, 0.0, 0.0, 0.0, 0.0, 0.0, 0.0, 0.0, 0.0, 0.0, 0.0, 0.0, 0.0, 0.0, 0.0, 0.0, 0.0, 0.0, 0.0, 0.0, 0.0, 0.0, 0.0, 0.0, 0.0, 0.0, 0.0, 0.0, 0.0, 0.0, 0.0, 0.0, 0.0, 0.0, 0.0, 0.0, 0.0, 0.0, 0.0, 0.0, 0.0, 0.0, 0.0, 0.0, 0.0, 0.0, 0.0, 0.0, 0.0, 0.0, 0.0, 0.0, 0.0, 0.0, 0.0, 0.0, 0.0, 0.0, 0.0, 0.0]
---
header: 
  seq: 428
  stamp: 
    secs: 42
    nsecs: 900000000
  frame_id: "base_laser_link"
angle_min: -3.14159274101
angle_max: 3.14159274101
angle_increment: 0.0175019092858
time_increment: 0.0
scan_time: 0.0
range_min: 0.15000000596
range_max: 16.0
ranges: [5.070000171661377, 5.070776462554932, 5.073107719421387, 5.076996803283691, 5.082449436187744, 5.089475154876709, 5.09808349609375, 5.108288764953613, 5.120106220245361, 5.133554458618164, 5.148654937744141, 5.165431499481201, 5.183910369873047, 5.204122066497803, 5.226099014282227, 5.249877452850342, 5.275496482849121, 5.302999019622803, 5.332431793212891, 5.363845348358154, 5.397294044494629, 5.432837009429932, 5.470538139343262, 5.5104660987854, 5.552694320678711, 5.597302436828613, 5.644376277923584, 5.694007396697998, 5.7462944984436035, 5.801344871520996, 5.859272003173828, 5.920198917388916, 5.984259128570557, 6.0515947341918945, 6.122359275817871, 6.196719169616699, 6.274853229522705, 6.356955051422119, 6.443233489990234, 6.533914566040039, 6.629244804382324, 6.729489803314209, 6.8349385261535645, 6.945906162261963, 7.062735080718994, 7.182335376739502, 7.312045574188232, 7.449943542480469, 7.593277454376221, 7.735329627990723, 7.647165298461914, 7.538166522979736, 7.434476852416992, 7.335816860198975, 7.241930961608887, 7.152580738067627, 7.067546844482422, 6.986626148223877, 6.909630298614502, 6.836383819580078, 6.766725063323975, 6.700503349304199, 6.63757848739624, 6.577820777893066, 6.521108627319336, 6.467330455780029, 6.416381359100342, 6.368164539337158, 6.3225884437561035, 6.279570579528809, 6.239031791687012, 6.200900554656982, 6.165109157562256, 6.131596088409424, 6.100304126739502, 6.0711798667907715, 6.044175148010254, 6.019245147705078, 5.996349334716797, 5.975450038909912, 5.956514358520508, 5.939511775970459, 5.924415588378906, 5.9112019538879395, 5.899850368499756, 5.890343189239502, 5.882665634155273, 5.876805782318115, 5.8727545738220215, 5.8705058097839355, 5.87005615234375, 5.871405124664307, 5.87455415725708, 5.879508972167969, 5.8862762451171875, 5.432918548583984, 5.44252872467041, 5.4538469314575195, 5.46688985824585, 5.481678485870361, 5.498236179351807, 5.516589164733887, 5.536766529083252, 5.558801174163818, 5.582728862762451, 5.608588695526123, 5.636423587799072, 5.666280746459961, 5.6982102394104, 5.730264186859131, 5.7522053718566895, 5.807008266448975, 5.641982555389404, 5.40504789352417, 5.1985182762146, 5.010589122772217, 4.832856178283691, 4.664089202880859, 4.506515026092529, 4.377310276031494, 4.231468200683594, 4.122780799865723, 4.012529373168945, 3.8935258388519287, 3.797802448272705, 3.7110021114349365, 3.6147491931915283, 3.521254777908325, 3.4412107467651367, 3.374242067337036, 3.301193952560425, 1.8774358034133911, 1.8412190675735474, 1.8042752742767334, 1.7707147598266602, 1.7562780380249023, 1.7157524824142456, 1.6986467838287354, 1.6719783544540405, 1.6466310024261475, 1.622530221939087, 1.5996077060699463, 1.5778003931045532, 1.557050108909607, 1.5373034477233887, 1.5185105800628662, 1.5006258487701416, 1.4836065769195557, 1.4674134254455566, 1.452009916305542, 1.4373621940612793, 1.4234386682510376, 1.410210132598877, 1.3976494073867798, 1.3857311010360718, 1.374431848526001, 1.36372971534729, 1.3536043167114258, 1.3440369367599487, 1.3350098133087158, 1.3265068531036377, 1.3185126781463623, 1.3110135793685913, 1.2935644388198853, 1.2870696783065796, 1.281030297279358, 1.2754360437393188, 1.270277976989746, 1.265547513961792, 1.2612370252609253, 1.257339596748352, 1.2538491487503052, 1.2507600784301758, 1.2480674982070923, 1.2457672357559204, 1.2438557147979736, 1.2423300743103027, 1.2411879301071167, 1.2404274940490723, 1.2400474548339844, 1.2400474548339844, 1.2404274940490723, 1.2411879301071167, 1.2423300743103027, 1.2438557147979736, 1.2457672357559204, 1.2480674982070923, 1.2507600784301758, 1.2538491487503052, 1.257339596748352, 1.2612370252609253, 1.265547513961792, 1.270277976989746, 1.234292984008789, 1.1570595502853394, 1.0794777870178223, 1.0223331451416016, 0.9649059772491455, 0.9071367383003235, 0.8701884746551514, 0.8544062972068787, 0.8601836562156677, 0.8663067817687988, 0.8727869987487793, 0.8796364068984985, 0.8868679404258728, 0.8944956064224243, 0.9025344848632812, 0.9110007882118225, 0.919911801815033, 0.9292863607406616, 0.9391446113586426, 0.9495081901550293, 0.9604005217552185, 0.9718468189239502, 0.9838742017745972, 0.9965121150016785, 1.0097922086715698, 1.0237488746643066, 1.0384193658828735, 1.0538438558578491, 1.070066213607788, 1.0871340036392212, 1.105099081993103, 1.1240179538726807, 1.1191954612731934, 1.1555466651916504, 1.181442141532898, 1.2215381860733032, 1.2321124076843262, 1.2485294342041016, 1.2860260009765625, 1.3057067394256592, 1.343792200088501, 1.3916263580322266, 1.4061378240585327, 1.445043921470642, 1.4976189136505127, 1.5378367900848389, 1.5946613550186157, 1.6367889642715454, 1.698793649673462, 1.7435691356658936, 1.8114537000656128, 1.8602962493896484, 1.9538072347640991, 2.026322841644287, 2.1096789836883545, 2.209418296813965, 2.304800271987915, 2.3840301036834717, 2.3755762577056885, 2.3699440956115723, 2.3495819568634033, 2.3370683193206787, 2.332206964492798, 2.3256003856658936, 2.3129382133483887, 2.29433012008667, 2.2866971492767334, 2.279810905456543, 2.273660182952881, 2.268235683441162, 2.26352858543396, 2.2595317363739014, 2.2562389373779297, 2.2536447048187256, 2.2517457008361816, 2.2505385875701904, 2.250021457672119, 2.2501938343048096, 2.2510557174682617, 2.25260853767395, 2.254854679107666, 2.2577977180480957, 2.261441946029663, 2.2657928466796875, 2.270857810974121, 2.276644229888916, 2.2831614017486572, 2.290419578552246, 2.2984302043914795, 2.307206392288208, 2.3167622089385986, 2.327113389968872, 2.3382766246795654, 2.350271224975586, 2.36311674118042, 2.376835823059082, 2.391451597213745, 2.4069902896881104, 2.4234793186187744, 2.440948963165283, 2.459430694580078, 2.478959798812866, 2.499573230743408, 2.521311044692993, 2.5442166328430176, 2.568336009979248, 2.593719005584717, 2.62041974067688, 2.6484954357147217, 2.6780083179473877, 2.7090256214141846, 2.74161958694458, 2.7758679389953613, 2.811854839324951, 2.8496716022491455, 2.889416456222534, 2.9311962127685547, 2.9751267433166504, 3.0213334560394287, 3.069953441619873, 3.1211354732513428, 3.175041913986206, 3.2198445796966553, 3.2883946895599365, 3.334134340286255, 3.406899929046631, 3.486262559890747, 3.5637099742889404, 3.6249351501464844, 3.7084808349609375, 3.803987979888916, 3.894538640975952, 4.000088214874268, 4.0991997718811035, 4.226251125335693, 4.349638938903809, 4.464413642883301, 4.608113765716553, 4.755270957946777, 4.914253234863281, 5.103654384613037, 5.28288459777832, 5.493677616119385, 5.520612716674805, 5.487697124481201, 5.445387840270996, 5.403865337371826, 5.3639984130859375, 5.332431793212891, 5.302999019622803, 5.275496482849121, 5.249877452850342, 5.226099014282227, 5.204122066497803, 5.183910369873047, 5.165431499481201, 5.148654937744141, 5.133554458618164, 5.120106220245361, 5.108288764953613, 5.09808349609375, 5.089475154876709, 5.082449436187744, 5.076996803283691, 5.073107719421387, 5.070776462554932, 5.070000171661377]
intensities: [0.0, 0.0, 0.0, 0.0, 0.0, 0.0, 0.0, 0.0, 0.0, 0.0, 0.0, 0.0, 0.0, 0.0, 0.0, 0.0, 0.0, 0.0, 0.0, 0.0, 0.0, 0.0, 0.0, 0.0, 0.0, 0.0, 0.0, 0.0, 0.0, 0.0, 0.0, 0.0, 0.0, 0.0, 0.0, 0.0, 0.0, 0.0, 0.0, 0.0, 0.0, 0.0, 0.0, 0.0, 0.0, 0.0, 0.0, 0.0, 0.0, 0.0, 0.0, 0.0, 0.0, 0.0, 0.0, 0.0, 0.0, 0.0, 0.0, 0.0, 0.0, 0.0, 0.0, 0.0, 0.0, 0.0, 0.0, 0.0, 0.0, 0.0, 0.0, 0.0, 0.0, 0.0, 0.0, 0.0, 0.0, 0.0, 0.0, 0.0, 0.0, 0.0, 0.0, 0.0, 0.0, 0.0, 0.0, 0.0, 0.0, 0.0, 0.0, 0.0, 0.0, 0.0, 0.0, 0.0, 0.0, 0.0, 0.0, 0.0, 0.0, 0.0, 0.0, 0.0, 0.0, 0.0, 0.0, 0.0, 0.0, 0.0, 0.0, 0.0, 0.0, 0.0, 0.0, 0.0, 0.0, 0.0, 0.0, 0.0, 0.0, 0.0, 0.0, 0.0, 0.0, 0.0, 0.0, 0.0, 0.0, 0.0, 0.0, 0.0, 0.0, 0.0, 0.0, 0.0, 0.0, 0.0, 0.0, 0.0, 0.0, 0.0, 0.0, 0.0, 0.0, 0.0, 0.0, 0.0, 0.0, 0.0, 0.0, 0.0, 0.0, 0.0, 0.0, 0.0, 0.0, 0.0, 0.0, 0.0, 0.0, 0.0, 0.0, 0.0, 0.0, 0.0, 0.0, 0.0, 0.0, 0.0, 0.0, 0.0, 0.0, 0.0, 0.0, 0.0, 0.0, 0.0, 0.0, 0.0, 0.0, 0.0, 0.0, 0.0, 0.0, 0.0, 0.0, 0.0, 0.0, 0.0, 0.0, 0.0, 0.0, 0.0, 0.0, 0.0, 0.0, 0.0, 0.0, 0.0, 0.0, 0.0, 0.0, 0.0, 0.0, 0.0, 0.0, 0.0, 0.0, 0.0, 0.0, 0.0, 0.0, 0.0, 0.0, 0.0, 0.0, 0.0, 0.0, 0.0, 0.0, 0.0, 0.0, 0.0, 0.0, 0.0, 0.0, 0.0, 0.0, 0.0, 0.0, 0.0, 0.0, 0.0, 0.0, 0.0, 0.0, 0.0, 0.0, 0.0, 0.0, 0.0, 0.0, 0.0, 0.0, 0.0, 0.0, 0.0, 0.0, 0.0, 0.0, 0.0, 0.0, 0.0, 0.0, 0.0, 0.0, 0.0, 0.0, 0.0, 0.0, 0.0, 0.0, 0.0, 0.0, 0.0, 0.0, 0.0, 0.0, 0.0, 0.0, 0.0, 0.0, 0.0, 0.0, 0.0, 0.0, 0.0, 0.0, 0.0, 0.0, 0.0, 0.0, 0.0, 0.0, 0.0, 0.0, 0.0, 0.0, 0.0, 0.0, 0.0, 0.0, 0.0, 0.0, 0.0, 0.0, 0.0, 0.0, 0.0, 0.0, 0.0, 0.0, 0.0, 0.0, 0.0, 0.0, 0.0, 0.0, 0.0, 0.0, 0.0, 0.0, 0.0, 0.0, 0.0, 0.0, 0.0, 0.0, 0.0, 0.0, 0.0, 0.0, 0.0, 0.0, 0.0, 0.0, 0.0, 0.0, 0.0, 0.0, 0.0, 0.0, 0.0, 0.0, 0.0, 0.0, 0.0, 0.0, 0.0, 0.0, 0.0, 0.0, 0.0, 0.0, 0.0, 0.0, 0.0, 0.0, 0.0, 0.0, 0.0, 0.0, 0.0, 0.0, 0.0, 0.0, 0.0, 0.0, 0.0]
---
header: 
  seq: 429
  stamp: 
    secs: 43
    nsecs:         0
  frame_id: "base_laser_link"
angle_min: -3.14159274101
angle_max: 3.14159274101
angle_increment: 0.0175019092858
time_increment: 0.0
scan_time: 0.0
range_min: 0.15000000596
range_max: 16.0
ranges: [5.070000171661377, 5.070776462554932, 5.073107719421387, 5.076996803283691, 5.082449436187744, 5.089475154876709, 5.09808349609375, 5.108288764953613, 5.120106220245361, 5.133554458618164, 5.148654937744141, 5.165431499481201, 5.183910369873047, 5.204122066497803, 5.226099014282227, 5.249877452850342, 5.275496482849121, 5.302999019622803, 5.332431793212891, 5.363845348358154, 5.397294044494629, 5.432837009429932, 5.470538139343262, 5.5104660987854, 5.552694320678711, 5.597302436828613, 5.644376277923584, 5.694007396697998, 5.7462944984436035, 5.801344871520996, 5.859272003173828, 5.920198917388916, 5.984259128570557, 6.0515947341918945, 6.122359275817871, 6.196719169616699, 6.274853229522705, 6.356955051422119, 6.443233489990234, 6.533914566040039, 6.629244804382324, 6.729489803314209, 6.8349385261535645, 6.945906162261963, 7.062735080718994, 7.182335376739502, 7.312045574188232, 7.449943542480469, 7.593277454376221, 7.735329627990723, 7.647165298461914, 7.538166522979736, 7.434476852416992, 7.335816860198975, 7.241930961608887, 7.152580738067627, 7.067546844482422, 6.986626148223877, 6.909630298614502, 6.836383819580078, 6.766725063323975, 6.700503349304199, 6.63757848739624, 6.577820777893066, 6.521108627319336, 6.467330455780029, 6.416381359100342, 6.368164539337158, 6.3225884437561035, 6.279570579528809, 6.239031791687012, 6.200900554656982, 6.165109157562256, 6.131596088409424, 6.100304126739502, 6.0711798667907715, 6.044175148010254, 6.019245147705078, 5.996349334716797, 5.975450038909912, 5.956514358520508, 5.939511775970459, 5.924415588378906, 5.9112019538879395, 5.899850368499756, 5.890343189239502, 5.882665634155273, 5.876805782318115, 5.8727545738220215, 5.8705058097839355, 5.87005615234375, 5.871405124664307, 5.87455415725708, 5.879508972167969, 5.8862762451171875, 5.432918548583984, 5.44252872467041, 5.4538469314575195, 5.46688985824585, 5.481678485870361, 5.498236179351807, 5.516589164733887, 5.536766529083252, 5.558801174163818, 5.582728862762451, 5.608588695526123, 5.636423587799072, 5.666280746459961, 5.6982102394104, 5.730264186859131, 5.7522053718566895, 5.807008266448975, 5.641982555389404, 5.40504789352417, 5.1985182762146, 5.010589122772217, 4.832856178283691, 4.664089202880859, 4.506515026092529, 4.377310276031494, 4.231468200683594, 4.122780799865723, 4.012529373168945, 3.8935258388519287, 3.797802448272705, 3.7110021114349365, 3.6147491931915283, 3.521254777908325, 3.4412107467651367, 3.374242067337036, 3.301193952560425, 1.8774358034133911, 1.8412190675735474, 1.8042752742767334, 1.7707147598266602, 1.7562780380249023, 1.7157524824142456, 1.6986467838287354, 1.6719783544540405, 1.6466310024261475, 1.622530221939087, 1.5996077060699463, 1.5778003931045532, 1.557050108909607, 1.5373034477233887, 1.5185105800628662, 1.5006258487701416, 1.4836065769195557, 1.4674134254455566, 1.452009916305542, 1.4373621940612793, 1.4234386682510376, 1.410210132598877, 1.3976494073867798, 1.3857311010360718, 1.374431848526001, 1.36372971534729, 1.3536043167114258, 1.3440369367599487, 1.3350098133087158, 1.3265068531036377, 1.3185126781463623, 1.3110135793685913, 1.2935644388198853, 1.2870696783065796, 1.281030297279358, 1.2754360437393188, 1.270277976989746, 1.265547513961792, 1.2612370252609253, 1.257339596748352, 1.2538491487503052, 1.2507600784301758, 1.2480674982070923, 1.2457672357559204, 1.2438557147979736, 1.2423300743103027, 1.2411879301071167, 1.2404274940490723, 1.2400474548339844, 1.2400474548339844, 1.2404274940490723, 1.2411879301071167, 1.2423300743103027, 1.2438557147979736, 1.2457672357559204, 1.2480674982070923, 1.2507600784301758, 1.2538491487503052, 1.257339596748352, 1.2612370252609253, 1.265547513961792, 1.270277976989746, 1.234292984008789, 1.1570595502853394, 1.0794777870178223, 1.0223331451416016, 0.9649059772491455, 0.9071367383003235, 0.8701884746551514, 0.8544062972068787, 0.8601836562156677, 0.8663067817687988, 0.8727869987487793, 0.8796364068984985, 0.8868679404258728, 0.8944956064224243, 0.9025344848632812, 0.9110007882118225, 0.919911801815033, 0.9292863607406616, 0.9391446113586426, 0.9495081901550293, 0.9604005217552185, 0.9718468189239502, 0.9838742017745972, 0.9965121150016785, 1.0097922086715698, 1.0237488746643066, 1.0384193658828735, 1.0538438558578491, 1.070066213607788, 1.0871340036392212, 1.105099081993103, 1.1240179538726807, 1.1191954612731934, 1.1555466651916504, 1.181442141532898, 1.2215381860733032, 1.2321124076843262, 1.2485294342041016, 1.2860260009765625, 1.3057067394256592, 1.343792200088501, 1.3916263580322266, 1.4061378240585327, 1.445043921470642, 1.4976189136505127, 1.5378367900848389, 1.5946613550186157, 1.6367889642715454, 1.698793649673462, 1.7435691356658936, 1.8114537000656128, 1.8602962493896484, 1.9538072347640991, 2.026322841644287, 2.1096789836883545, 2.209418296813965, 2.304800271987915, 2.3840301036834717, 2.3755762577056885, 2.3699440956115723, 2.3495819568634033, 2.3370683193206787, 2.332206964492798, 2.3256003856658936, 2.3129382133483887, 2.29433012008667, 2.2866971492767334, 2.279810905456543, 2.273660182952881, 2.268235683441162, 2.26352858543396, 2.2595317363739014, 2.2562389373779297, 2.2536447048187256, 2.2517457008361816, 2.2505385875701904, 2.250021457672119, 2.2501938343048096, 2.2510557174682617, 2.25260853767395, 2.254854679107666, 2.2577977180480957, 2.261441946029663, 2.2657928466796875, 2.270857810974121, 2.276644229888916, 2.2831614017486572, 2.290419578552246, 2.2984302043914795, 2.307206392288208, 2.3167622089385986, 2.327113389968872, 2.3382766246795654, 2.350271224975586, 2.36311674118042, 2.376835823059082, 2.391451597213745, 2.4069902896881104, 2.4234793186187744, 2.440948963165283, 2.459430694580078, 2.478959798812866, 2.499573230743408, 2.521311044692993, 2.5442166328430176, 2.568336009979248, 2.593719005584717, 2.62041974067688, 2.6484954357147217, 2.6780083179473877, 2.7090256214141846, 2.74161958694458, 2.7758679389953613, 2.811854839324951, 2.8496716022491455, 2.889416456222534, 2.9311962127685547, 2.9751267433166504, 3.0213334560394287, 3.069953441619873, 3.1211354732513428, 3.175041913986206, 3.2198445796966553, 3.2883946895599365, 3.334134340286255, 3.406899929046631, 3.486262559890747, 3.5637099742889404, 3.6249351501464844, 3.7084808349609375, 3.803987979888916, 3.894538640975952, 4.000088214874268, 4.0991997718811035, 4.226251125335693, 4.349638938903809, 4.464413642883301, 4.608113765716553, 4.755270957946777, 4.914253234863281, 5.103654384613037, 5.28288459777832, 5.493677616119385, 5.520612716674805, 5.487697124481201, 5.445387840270996, 5.403865337371826, 5.3639984130859375, 5.332431793212891, 5.302999019622803, 5.275496482849121, 5.249877452850342, 5.226099014282227, 5.204122066497803, 5.183910369873047, 5.165431499481201, 5.148654937744141, 5.133554458618164, 5.120106220245361, 5.108288764953613, 5.09808349609375, 5.089475154876709, 5.082449436187744, 5.076996803283691, 5.073107719421387, 5.070776462554932, 5.070000171661377]
intensities: [0.0, 0.0, 0.0, 0.0, 0.0, 0.0, 0.0, 0.0, 0.0, 0.0, 0.0, 0.0, 0.0, 0.0, 0.0, 0.0, 0.0, 0.0, 0.0, 0.0, 0.0, 0.0, 0.0, 0.0, 0.0, 0.0, 0.0, 0.0, 0.0, 0.0, 0.0, 0.0, 0.0, 0.0, 0.0, 0.0, 0.0, 0.0, 0.0, 0.0, 0.0, 0.0, 0.0, 0.0, 0.0, 0.0, 0.0, 0.0, 0.0, 0.0, 0.0, 0.0, 0.0, 0.0, 0.0, 0.0, 0.0, 0.0, 0.0, 0.0, 0.0, 0.0, 0.0, 0.0, 0.0, 0.0, 0.0, 0.0, 0.0, 0.0, 0.0, 0.0, 0.0, 0.0, 0.0, 0.0, 0.0, 0.0, 0.0, 0.0, 0.0, 0.0, 0.0, 0.0, 0.0, 0.0, 0.0, 0.0, 0.0, 0.0, 0.0, 0.0, 0.0, 0.0, 0.0, 0.0, 0.0, 0.0, 0.0, 0.0, 0.0, 0.0, 0.0, 0.0, 0.0, 0.0, 0.0, 0.0, 0.0, 0.0, 0.0, 0.0, 0.0, 0.0, 0.0, 0.0, 0.0, 0.0, 0.0, 0.0, 0.0, 0.0, 0.0, 0.0, 0.0, 0.0, 0.0, 0.0, 0.0, 0.0, 0.0, 0.0, 0.0, 0.0, 0.0, 0.0, 0.0, 0.0, 0.0, 0.0, 0.0, 0.0, 0.0, 0.0, 0.0, 0.0, 0.0, 0.0, 0.0, 0.0, 0.0, 0.0, 0.0, 0.0, 0.0, 0.0, 0.0, 0.0, 0.0, 0.0, 0.0, 0.0, 0.0, 0.0, 0.0, 0.0, 0.0, 0.0, 0.0, 0.0, 0.0, 0.0, 0.0, 0.0, 0.0, 0.0, 0.0, 0.0, 0.0, 0.0, 0.0, 0.0, 0.0, 0.0, 0.0, 0.0, 0.0, 0.0, 0.0, 0.0, 0.0, 0.0, 0.0, 0.0, 0.0, 0.0, 0.0, 0.0, 0.0, 0.0, 0.0, 0.0, 0.0, 0.0, 0.0, 0.0, 0.0, 0.0, 0.0, 0.0, 0.0, 0.0, 0.0, 0.0, 0.0, 0.0, 0.0, 0.0, 0.0, 0.0, 0.0, 0.0, 0.0, 0.0, 0.0, 0.0, 0.0, 0.0, 0.0, 0.0, 0.0, 0.0, 0.0, 0.0, 0.0, 0.0, 0.0, 0.0, 0.0, 0.0, 0.0, 0.0, 0.0, 0.0, 0.0, 0.0, 0.0, 0.0, 0.0, 0.0, 0.0, 0.0, 0.0, 0.0, 0.0, 0.0, 0.0, 0.0, 0.0, 0.0, 0.0, 0.0, 0.0, 0.0, 0.0, 0.0, 0.0, 0.0, 0.0, 0.0, 0.0, 0.0, 0.0, 0.0, 0.0, 0.0, 0.0, 0.0, 0.0, 0.0, 0.0, 0.0, 0.0, 0.0, 0.0, 0.0, 0.0, 0.0, 0.0, 0.0, 0.0, 0.0, 0.0, 0.0, 0.0, 0.0, 0.0, 0.0, 0.0, 0.0, 0.0, 0.0, 0.0, 0.0, 0.0, 0.0, 0.0, 0.0, 0.0, 0.0, 0.0, 0.0, 0.0, 0.0, 0.0, 0.0, 0.0, 0.0, 0.0, 0.0, 0.0, 0.0, 0.0, 0.0, 0.0, 0.0, 0.0, 0.0, 0.0, 0.0, 0.0, 0.0, 0.0, 0.0, 0.0, 0.0, 0.0, 0.0, 0.0, 0.0, 0.0, 0.0, 0.0, 0.0, 0.0, 0.0, 0.0, 0.0, 0.0, 0.0, 0.0, 0.0, 0.0, 0.0, 0.0, 0.0, 0.0, 0.0, 0.0, 0.0]
---
header: 
  seq: 430
  stamp: 
    secs: 43
    nsecs: 100000000
  frame_id: "base_laser_link"
angle_min: -3.14159274101
angle_max: 3.14159274101
angle_increment: 0.0175019092858
time_increment: 0.0
scan_time: 0.0
range_min: 0.15000000596
range_max: 16.0
ranges: [5.070000171661377, 5.070776462554932, 5.073107719421387, 5.076996803283691, 5.082449436187744, 5.089475154876709, 5.09808349609375, 5.108288764953613, 5.120106220245361, 5.133554458618164, 5.148654937744141, 5.165431499481201, 5.183910369873047, 5.204122066497803, 5.226099014282227, 5.249877452850342, 5.275496482849121, 5.302999019622803, 5.332431793212891, 5.363845348358154, 5.397294044494629, 5.432837009429932, 5.470538139343262, 5.5104660987854, 5.552694320678711, 5.597302436828613, 5.644376277923584, 5.694007396697998, 5.7462944984436035, 5.801344871520996, 5.859272003173828, 5.920198917388916, 5.984259128570557, 6.0515947341918945, 6.122359275817871, 6.196719169616699, 6.274853229522705, 6.356955051422119, 6.443233489990234, 6.533914566040039, 6.629244804382324, 6.729489803314209, 6.8349385261535645, 6.945906162261963, 7.062735080718994, 7.182335376739502, 7.312045574188232, 7.449943542480469, 7.593277454376221, 7.735329627990723, 7.647165298461914, 7.538166522979736, 7.434476852416992, 7.335816860198975, 7.241930961608887, 7.152580738067627, 7.067546844482422, 6.986626148223877, 6.909630298614502, 6.836383819580078, 6.766725063323975, 6.700503349304199, 6.63757848739624, 6.577820777893066, 6.521108627319336, 6.467330455780029, 6.416381359100342, 6.368164539337158, 6.3225884437561035, 6.279570579528809, 6.239031791687012, 6.200900554656982, 6.165109157562256, 6.131596088409424, 6.100304126739502, 6.0711798667907715, 6.044175148010254, 6.019245147705078, 5.996349334716797, 5.975450038909912, 5.956514358520508, 5.939511775970459, 5.924415588378906, 5.9112019538879395, 5.899850368499756, 5.890343189239502, 5.882665634155273, 5.876805782318115, 5.8727545738220215, 5.8705058097839355, 5.87005615234375, 5.871405124664307, 5.87455415725708, 5.879508972167969, 5.8862762451171875, 5.432918548583984, 5.44252872467041, 5.4538469314575195, 5.46688985824585, 5.481678485870361, 5.498236179351807, 5.516589164733887, 5.536766529083252, 5.558801174163818, 5.582728862762451, 5.608588695526123, 5.636423587799072, 5.666280746459961, 5.6982102394104, 5.730264186859131, 5.7522053718566895, 5.807008266448975, 5.641982555389404, 5.40504789352417, 5.1985182762146, 5.010589122772217, 4.832856178283691, 4.664089202880859, 4.506515026092529, 4.377310276031494, 4.231468200683594, 4.122780799865723, 4.012529373168945, 3.8935258388519287, 3.797802448272705, 3.7110021114349365, 3.6147491931915283, 3.521254777908325, 3.4412107467651367, 3.374242067337036, 3.301193952560425, 1.8774358034133911, 1.8412190675735474, 1.8042752742767334, 1.7707147598266602, 1.7562780380249023, 1.7157524824142456, 1.6986467838287354, 1.6719783544540405, 1.6466310024261475, 1.622530221939087, 1.5996077060699463, 1.5778003931045532, 1.557050108909607, 1.5373034477233887, 1.5185105800628662, 1.5006258487701416, 1.4836065769195557, 1.4674134254455566, 1.452009916305542, 1.4373621940612793, 1.4234386682510376, 1.410210132598877, 1.3976494073867798, 1.3857311010360718, 1.374431848526001, 1.36372971534729, 1.3536043167114258, 1.3440369367599487, 1.3350098133087158, 1.3265068531036377, 1.3185126781463623, 1.3110135793685913, 1.2935644388198853, 1.2870696783065796, 1.281030297279358, 1.2754360437393188, 1.270277976989746, 1.265547513961792, 1.2612370252609253, 1.257339596748352, 1.2538491487503052, 1.2507600784301758, 1.2480674982070923, 1.2457672357559204, 1.2438557147979736, 1.2423300743103027, 1.2411879301071167, 1.2404274940490723, 1.2400474548339844, 1.2400474548339844, 1.2404274940490723, 1.2411879301071167, 1.2423300743103027, 1.2438557147979736, 1.2457672357559204, 1.2480674982070923, 1.2507600784301758, 1.2538491487503052, 1.257339596748352, 1.2612370252609253, 1.265547513961792, 1.270277976989746, 1.234292984008789, 1.1570595502853394, 1.0794777870178223, 1.0223331451416016, 0.9649059772491455, 0.9071367383003235, 0.8701884746551514, 0.8544062972068787, 0.8601836562156677, 0.8663067817687988, 0.8727869987487793, 0.8796364068984985, 0.8868679404258728, 0.8944956064224243, 0.9025344848632812, 0.9110007882118225, 0.919911801815033, 0.9292863607406616, 0.9391446113586426, 0.9495081901550293, 0.9604005217552185, 0.9718468189239502, 0.9838742017745972, 0.9965121150016785, 1.0097922086715698, 1.0237488746643066, 1.0384193658828735, 1.0538438558578491, 1.070066213607788, 1.0871340036392212, 1.105099081993103, 1.1240179538726807, 1.1191954612731934, 1.1555466651916504, 1.181442141532898, 1.2215381860733032, 1.2321124076843262, 1.2485294342041016, 1.2860260009765625, 1.3057067394256592, 1.343792200088501, 1.3916263580322266, 1.4061378240585327, 1.445043921470642, 1.4976189136505127, 1.5378367900848389, 1.5946613550186157, 1.6367889642715454, 1.698793649673462, 1.7435691356658936, 1.8114537000656128, 1.8602962493896484, 1.9538072347640991, 2.026322841644287, 2.1096789836883545, 2.209418296813965, 2.304800271987915, 2.3840301036834717, 2.3755762577056885, 2.3699440956115723, 2.3495819568634033, 2.3370683193206787, 2.332206964492798, 2.3256003856658936, 2.3129382133483887, 2.29433012008667, 2.2866971492767334, 2.279810905456543, 2.273660182952881, 2.268235683441162, 2.26352858543396, 2.2595317363739014, 2.2562389373779297, 2.2536447048187256, 2.2517457008361816, 2.2505385875701904, 2.250021457672119, 2.2501938343048096, 2.2510557174682617, 2.25260853767395, 2.254854679107666, 2.2577977180480957, 2.261441946029663, 2.2657928466796875, 2.270857810974121, 2.276644229888916, 2.2831614017486572, 2.290419578552246, 2.2984302043914795, 2.307206392288208, 2.3167622089385986, 2.327113389968872, 2.3382766246795654, 2.350271224975586, 2.36311674118042, 2.376835823059082, 2.391451597213745, 2.4069902896881104, 2.4234793186187744, 2.440948963165283, 2.459430694580078, 2.478959798812866, 2.499573230743408, 2.521311044692993, 2.5442166328430176, 2.568336009979248, 2.593719005584717, 2.62041974067688, 2.6484954357147217, 2.6780083179473877, 2.7090256214141846, 2.74161958694458, 2.7758679389953613, 2.811854839324951, 2.8496716022491455, 2.889416456222534, 2.9311962127685547, 2.9751267433166504, 3.0213334560394287, 3.069953441619873, 3.1211354732513428, 3.175041913986206, 3.2198445796966553, 3.2883946895599365, 3.334134340286255, 3.406899929046631, 3.486262559890747, 3.5637099742889404, 3.6249351501464844, 3.7084808349609375, 3.803987979888916, 3.894538640975952, 4.000088214874268, 4.0991997718811035, 4.226251125335693, 4.349638938903809, 4.464413642883301, 4.608113765716553, 4.755270957946777, 4.914253234863281, 5.103654384613037, 5.28288459777832, 5.493677616119385, 5.520612716674805, 5.487697124481201, 5.445387840270996, 5.403865337371826, 5.3639984130859375, 5.332431793212891, 5.302999019622803, 5.275496482849121, 5.249877452850342, 5.226099014282227, 5.204122066497803, 5.183910369873047, 5.165431499481201, 5.148654937744141, 5.133554458618164, 5.120106220245361, 5.108288764953613, 5.09808349609375, 5.089475154876709, 5.082449436187744, 5.076996803283691, 5.073107719421387, 5.070776462554932, 5.070000171661377]
intensities: [0.0, 0.0, 0.0, 0.0, 0.0, 0.0, 0.0, 0.0, 0.0, 0.0, 0.0, 0.0, 0.0, 0.0, 0.0, 0.0, 0.0, 0.0, 0.0, 0.0, 0.0, 0.0, 0.0, 0.0, 0.0, 0.0, 0.0, 0.0, 0.0, 0.0, 0.0, 0.0, 0.0, 0.0, 0.0, 0.0, 0.0, 0.0, 0.0, 0.0, 0.0, 0.0, 0.0, 0.0, 0.0, 0.0, 0.0, 0.0, 0.0, 0.0, 0.0, 0.0, 0.0, 0.0, 0.0, 0.0, 0.0, 0.0, 0.0, 0.0, 0.0, 0.0, 0.0, 0.0, 0.0, 0.0, 0.0, 0.0, 0.0, 0.0, 0.0, 0.0, 0.0, 0.0, 0.0, 0.0, 0.0, 0.0, 0.0, 0.0, 0.0, 0.0, 0.0, 0.0, 0.0, 0.0, 0.0, 0.0, 0.0, 0.0, 0.0, 0.0, 0.0, 0.0, 0.0, 0.0, 0.0, 0.0, 0.0, 0.0, 0.0, 0.0, 0.0, 0.0, 0.0, 0.0, 0.0, 0.0, 0.0, 0.0, 0.0, 0.0, 0.0, 0.0, 0.0, 0.0, 0.0, 0.0, 0.0, 0.0, 0.0, 0.0, 0.0, 0.0, 0.0, 0.0, 0.0, 0.0, 0.0, 0.0, 0.0, 0.0, 0.0, 0.0, 0.0, 0.0, 0.0, 0.0, 0.0, 0.0, 0.0, 0.0, 0.0, 0.0, 0.0, 0.0, 0.0, 0.0, 0.0, 0.0, 0.0, 0.0, 0.0, 0.0, 0.0, 0.0, 0.0, 0.0, 0.0, 0.0, 0.0, 0.0, 0.0, 0.0, 0.0, 0.0, 0.0, 0.0, 0.0, 0.0, 0.0, 0.0, 0.0, 0.0, 0.0, 0.0, 0.0, 0.0, 0.0, 0.0, 0.0, 0.0, 0.0, 0.0, 0.0, 0.0, 0.0, 0.0, 0.0, 0.0, 0.0, 0.0, 0.0, 0.0, 0.0, 0.0, 0.0, 0.0, 0.0, 0.0, 0.0, 0.0, 0.0, 0.0, 0.0, 0.0, 0.0, 0.0, 0.0, 0.0, 0.0, 0.0, 0.0, 0.0, 0.0, 0.0, 0.0, 0.0, 0.0, 0.0, 0.0, 0.0, 0.0, 0.0, 0.0, 0.0, 0.0, 0.0, 0.0, 0.0, 0.0, 0.0, 0.0, 0.0, 0.0, 0.0, 0.0, 0.0, 0.0, 0.0, 0.0, 0.0, 0.0, 0.0, 0.0, 0.0, 0.0, 0.0, 0.0, 0.0, 0.0, 0.0, 0.0, 0.0, 0.0, 0.0, 0.0, 0.0, 0.0, 0.0, 0.0, 0.0, 0.0, 0.0, 0.0, 0.0, 0.0, 0.0, 0.0, 0.0, 0.0, 0.0, 0.0, 0.0, 0.0, 0.0, 0.0, 0.0, 0.0, 0.0, 0.0, 0.0, 0.0, 0.0, 0.0, 0.0, 0.0, 0.0, 0.0, 0.0, 0.0, 0.0, 0.0, 0.0, 0.0, 0.0, 0.0, 0.0, 0.0, 0.0, 0.0, 0.0, 0.0, 0.0, 0.0, 0.0, 0.0, 0.0, 0.0, 0.0, 0.0, 0.0, 0.0, 0.0, 0.0, 0.0, 0.0, 0.0, 0.0, 0.0, 0.0, 0.0, 0.0, 0.0, 0.0, 0.0, 0.0, 0.0, 0.0, 0.0, 0.0, 0.0, 0.0, 0.0, 0.0, 0.0, 0.0, 0.0, 0.0, 0.0, 0.0, 0.0, 0.0, 0.0, 0.0, 0.0, 0.0, 0.0, 0.0, 0.0, 0.0, 0.0, 0.0, 0.0, 0.0, 0.0, 0.0, 0.0, 0.0, 0.0]
---
header: 
  seq: 431
  stamp: 
    secs: 43
    nsecs: 200000000
  frame_id: "base_laser_link"
angle_min: -3.14159274101
angle_max: 3.14159274101
angle_increment: 0.0175019092858
time_increment: 0.0
scan_time: 0.0
range_min: 0.15000000596
range_max: 16.0
ranges: [5.070000171661377, 5.070776462554932, 5.073107719421387, 5.076996803283691, 5.082449436187744, 5.089475154876709, 5.09808349609375, 5.108288764953613, 5.120106220245361, 5.133554458618164, 5.148654937744141, 5.165431499481201, 5.183910369873047, 5.204122066497803, 5.226099014282227, 5.249877452850342, 5.275496482849121, 5.302999019622803, 5.332431793212891, 5.363845348358154, 5.397294044494629, 5.432837009429932, 5.470538139343262, 5.5104660987854, 5.552694320678711, 5.597302436828613, 5.644376277923584, 5.694007396697998, 5.7462944984436035, 5.801344871520996, 5.859272003173828, 5.920198917388916, 5.984259128570557, 6.0515947341918945, 6.122359275817871, 6.196719169616699, 6.274853229522705, 6.356955051422119, 6.443233489990234, 6.533914566040039, 6.629244804382324, 6.729489803314209, 6.8349385261535645, 6.945906162261963, 7.062735080718994, 7.182335376739502, 7.312045574188232, 7.449943542480469, 7.593277454376221, 7.735329627990723, 7.647165298461914, 7.538166522979736, 7.434476852416992, 7.335816860198975, 7.241930961608887, 7.152580738067627, 7.067546844482422, 6.986626148223877, 6.909630298614502, 6.836383819580078, 6.766725063323975, 6.700503349304199, 6.63757848739624, 6.577820777893066, 6.521108627319336, 6.467330455780029, 6.416381359100342, 6.368164539337158, 6.3225884437561035, 6.279570579528809, 6.239031791687012, 6.200900554656982, 6.165109157562256, 6.131596088409424, 6.100304126739502, 6.0711798667907715, 6.044175148010254, 6.019245147705078, 5.996349334716797, 5.975450038909912, 5.956514358520508, 5.939511775970459, 5.924415588378906, 5.9112019538879395, 5.899850368499756, 5.890343189239502, 5.882665634155273, 5.876805782318115, 5.8727545738220215, 5.8705058097839355, 5.87005615234375, 5.871405124664307, 5.87455415725708, 5.879508972167969, 5.8862762451171875, 5.432918548583984, 5.44252872467041, 5.4538469314575195, 5.46688985824585, 5.481678485870361, 5.498236179351807, 5.516589164733887, 5.536766529083252, 5.558801174163818, 5.582728862762451, 5.608588695526123, 5.636423587799072, 5.666280746459961, 5.6982102394104, 5.730264186859131, 5.7522053718566895, 5.807008266448975, 5.641982555389404, 5.40504789352417, 5.1985182762146, 5.010589122772217, 4.832856178283691, 4.664089202880859, 4.506515026092529, 4.377310276031494, 4.231468200683594, 4.122780799865723, 4.012529373168945, 3.8935258388519287, 3.797802448272705, 3.7110021114349365, 3.6147491931915283, 3.521254777908325, 3.4412107467651367, 3.374242067337036, 3.301193952560425, 1.8774358034133911, 1.8412190675735474, 1.8042752742767334, 1.7707147598266602, 1.7562780380249023, 1.7157524824142456, 1.6986467838287354, 1.6719783544540405, 1.6466310024261475, 1.622530221939087, 1.5996077060699463, 1.5778003931045532, 1.557050108909607, 1.5373034477233887, 1.5185105800628662, 1.5006258487701416, 1.4836065769195557, 1.4674134254455566, 1.452009916305542, 1.4373621940612793, 1.4234386682510376, 1.410210132598877, 1.3976494073867798, 1.3857311010360718, 1.374431848526001, 1.36372971534729, 1.3536043167114258, 1.3440369367599487, 1.3350098133087158, 1.3265068531036377, 1.3185126781463623, 1.3110135793685913, 1.2935644388198853, 1.2870696783065796, 1.281030297279358, 1.2754360437393188, 1.270277976989746, 1.265547513961792, 1.2612370252609253, 1.257339596748352, 1.2538491487503052, 1.2507600784301758, 1.2480674982070923, 1.2457672357559204, 1.2438557147979736, 1.2423300743103027, 1.2411879301071167, 1.2404274940490723, 1.2400474548339844, 1.2400474548339844, 1.2404274940490723, 1.2411879301071167, 1.2423300743103027, 1.2438557147979736, 1.2457672357559204, 1.2480674982070923, 1.2507600784301758, 1.2538491487503052, 1.257339596748352, 1.2612370252609253, 1.265547513961792, 1.270277976989746, 1.234292984008789, 1.1570595502853394, 1.0794777870178223, 1.0223331451416016, 0.9649059772491455, 0.9071367383003235, 0.8701884746551514, 0.8544062972068787, 0.8601836562156677, 0.8663067817687988, 0.8727869987487793, 0.8796364068984985, 0.8868679404258728, 0.8944956064224243, 0.9025344848632812, 0.9110007882118225, 0.919911801815033, 0.9292863607406616, 0.9391446113586426, 0.9495081901550293, 0.9604005217552185, 0.9718468189239502, 0.9838742017745972, 0.9965121150016785, 1.0097922086715698, 1.0237488746643066, 1.0384193658828735, 1.0538438558578491, 1.070066213607788, 1.0871340036392212, 1.105099081993103, 1.1240179538726807, 1.1191954612731934, 1.1555466651916504, 1.181442141532898, 1.2215381860733032, 1.2321124076843262, 1.2485294342041016, 1.2860260009765625, 1.3057067394256592, 1.343792200088501, 1.3916263580322266, 1.4061378240585327, 1.445043921470642, 1.4976189136505127, 1.5378367900848389, 1.5946613550186157, 1.6367889642715454, 1.698793649673462, 1.7435691356658936, 1.8114537000656128, 1.8602962493896484, 1.9538072347640991, 2.026322841644287, 2.1096789836883545, 2.209418296813965, 2.304800271987915, 2.3840301036834717, 2.3755762577056885, 2.3699440956115723, 2.3495819568634033, 2.3370683193206787, 2.332206964492798, 2.3256003856658936, 2.3129382133483887, 2.29433012008667, 2.2866971492767334, 2.279810905456543, 2.273660182952881, 2.268235683441162, 2.26352858543396, 2.2595317363739014, 2.2562389373779297, 2.2536447048187256, 2.2517457008361816, 2.2505385875701904, 2.250021457672119, 2.2501938343048096, 2.2510557174682617, 2.25260853767395, 2.254854679107666, 2.2577977180480957, 2.261441946029663, 2.2657928466796875, 2.270857810974121, 2.276644229888916, 2.2831614017486572, 2.290419578552246, 2.2984302043914795, 2.307206392288208, 2.3167622089385986, 2.327113389968872, 2.3382766246795654, 2.350271224975586, 2.36311674118042, 2.376835823059082, 2.391451597213745, 2.4069902896881104, 2.4234793186187744, 2.440948963165283, 2.459430694580078, 2.478959798812866, 2.499573230743408, 2.521311044692993, 2.5442166328430176, 2.568336009979248, 2.593719005584717, 2.62041974067688, 2.6484954357147217, 2.6780083179473877, 2.7090256214141846, 2.74161958694458, 2.7758679389953613, 2.811854839324951, 2.8496716022491455, 2.889416456222534, 2.9311962127685547, 2.9751267433166504, 3.0213334560394287, 3.069953441619873, 3.1211354732513428, 3.175041913986206, 3.2198445796966553, 3.2883946895599365, 3.334134340286255, 3.406899929046631, 3.486262559890747, 3.5637099742889404, 3.6249351501464844, 3.7084808349609375, 3.803987979888916, 3.894538640975952, 4.000088214874268, 4.0991997718811035, 4.226251125335693, 4.349638938903809, 4.464413642883301, 4.608113765716553, 4.755270957946777, 4.914253234863281, 5.103654384613037, 5.28288459777832, 5.493677616119385, 5.520612716674805, 5.487697124481201, 5.445387840270996, 5.403865337371826, 5.3639984130859375, 5.332431793212891, 5.302999019622803, 5.275496482849121, 5.249877452850342, 5.226099014282227, 5.204122066497803, 5.183910369873047, 5.165431499481201, 5.148654937744141, 5.133554458618164, 5.120106220245361, 5.108288764953613, 5.09808349609375, 5.089475154876709, 5.082449436187744, 5.076996803283691, 5.073107719421387, 5.070776462554932, 5.070000171661377]
intensities: [0.0, 0.0, 0.0, 0.0, 0.0, 0.0, 0.0, 0.0, 0.0, 0.0, 0.0, 0.0, 0.0, 0.0, 0.0, 0.0, 0.0, 0.0, 0.0, 0.0, 0.0, 0.0, 0.0, 0.0, 0.0, 0.0, 0.0, 0.0, 0.0, 0.0, 0.0, 0.0, 0.0, 0.0, 0.0, 0.0, 0.0, 0.0, 0.0, 0.0, 0.0, 0.0, 0.0, 0.0, 0.0, 0.0, 0.0, 0.0, 0.0, 0.0, 0.0, 0.0, 0.0, 0.0, 0.0, 0.0, 0.0, 0.0, 0.0, 0.0, 0.0, 0.0, 0.0, 0.0, 0.0, 0.0, 0.0, 0.0, 0.0, 0.0, 0.0, 0.0, 0.0, 0.0, 0.0, 0.0, 0.0, 0.0, 0.0, 0.0, 0.0, 0.0, 0.0, 0.0, 0.0, 0.0, 0.0, 0.0, 0.0, 0.0, 0.0, 0.0, 0.0, 0.0, 0.0, 0.0, 0.0, 0.0, 0.0, 0.0, 0.0, 0.0, 0.0, 0.0, 0.0, 0.0, 0.0, 0.0, 0.0, 0.0, 0.0, 0.0, 0.0, 0.0, 0.0, 0.0, 0.0, 0.0, 0.0, 0.0, 0.0, 0.0, 0.0, 0.0, 0.0, 0.0, 0.0, 0.0, 0.0, 0.0, 0.0, 0.0, 0.0, 0.0, 0.0, 0.0, 0.0, 0.0, 0.0, 0.0, 0.0, 0.0, 0.0, 0.0, 0.0, 0.0, 0.0, 0.0, 0.0, 0.0, 0.0, 0.0, 0.0, 0.0, 0.0, 0.0, 0.0, 0.0, 0.0, 0.0, 0.0, 0.0, 0.0, 0.0, 0.0, 0.0, 0.0, 0.0, 0.0, 0.0, 0.0, 0.0, 0.0, 0.0, 0.0, 0.0, 0.0, 0.0, 0.0, 0.0, 0.0, 0.0, 0.0, 0.0, 0.0, 0.0, 0.0, 0.0, 0.0, 0.0, 0.0, 0.0, 0.0, 0.0, 0.0, 0.0, 0.0, 0.0, 0.0, 0.0, 0.0, 0.0, 0.0, 0.0, 0.0, 0.0, 0.0, 0.0, 0.0, 0.0, 0.0, 0.0, 0.0, 0.0, 0.0, 0.0, 0.0, 0.0, 0.0, 0.0, 0.0, 0.0, 0.0, 0.0, 0.0, 0.0, 0.0, 0.0, 0.0, 0.0, 0.0, 0.0, 0.0, 0.0, 0.0, 0.0, 0.0, 0.0, 0.0, 0.0, 0.0, 0.0, 0.0, 0.0, 0.0, 0.0, 0.0, 0.0, 0.0, 0.0, 0.0, 0.0, 0.0, 0.0, 0.0, 0.0, 0.0, 0.0, 0.0, 0.0, 0.0, 0.0, 0.0, 0.0, 0.0, 0.0, 0.0, 0.0, 0.0, 0.0, 0.0, 0.0, 0.0, 0.0, 0.0, 0.0, 0.0, 0.0, 0.0, 0.0, 0.0, 0.0, 0.0, 0.0, 0.0, 0.0, 0.0, 0.0, 0.0, 0.0, 0.0, 0.0, 0.0, 0.0, 0.0, 0.0, 0.0, 0.0, 0.0, 0.0, 0.0, 0.0, 0.0, 0.0, 0.0, 0.0, 0.0, 0.0, 0.0, 0.0, 0.0, 0.0, 0.0, 0.0, 0.0, 0.0, 0.0, 0.0, 0.0, 0.0, 0.0, 0.0, 0.0, 0.0, 0.0, 0.0, 0.0, 0.0, 0.0, 0.0, 0.0, 0.0, 0.0, 0.0, 0.0, 0.0, 0.0, 0.0, 0.0, 0.0, 0.0, 0.0, 0.0, 0.0, 0.0, 0.0, 0.0, 0.0, 0.0, 0.0, 0.0, 0.0, 0.0, 0.0, 0.0, 0.0, 0.0, 0.0, 0.0, 0.0]
---
header: 
  seq: 432
  stamp: 
    secs: 43
    nsecs: 300000000
  frame_id: "base_laser_link"
angle_min: -3.14159274101
angle_max: 3.14159274101
angle_increment: 0.0175019092858
time_increment: 0.0
scan_time: 0.0
range_min: 0.15000000596
range_max: 16.0
ranges: [5.070000171661377, 5.070776462554932, 5.073107719421387, 5.076996803283691, 5.082449436187744, 5.089475154876709, 5.09808349609375, 5.108288764953613, 5.120106220245361, 5.133554458618164, 5.148654937744141, 5.165431499481201, 5.183910369873047, 5.204122066497803, 5.226099014282227, 5.249877452850342, 5.275496482849121, 5.302999019622803, 5.332431793212891, 5.363845348358154, 5.397294044494629, 5.432837009429932, 5.470538139343262, 5.5104660987854, 5.552694320678711, 5.597302436828613, 5.644376277923584, 5.694007396697998, 5.7462944984436035, 5.801344871520996, 5.859272003173828, 5.920198917388916, 5.984259128570557, 6.0515947341918945, 6.122359275817871, 6.196719169616699, 6.274853229522705, 6.356955051422119, 6.443233489990234, 6.533914566040039, 6.629244804382324, 6.729489803314209, 6.8349385261535645, 6.945906162261963, 7.062735080718994, 7.182335376739502, 7.312045574188232, 7.449943542480469, 7.593277454376221, 7.735329627990723, 7.647165298461914, 7.538166522979736, 7.434476852416992, 7.335816860198975, 7.241930961608887, 7.152580738067627, 7.067546844482422, 6.986626148223877, 6.909630298614502, 6.836383819580078, 6.766725063323975, 6.700503349304199, 6.63757848739624, 6.577820777893066, 6.521108627319336, 6.467330455780029, 6.416381359100342, 6.368164539337158, 6.3225884437561035, 6.279570579528809, 6.239031791687012, 6.200900554656982, 6.165109157562256, 6.131596088409424, 6.100304126739502, 6.0711798667907715, 6.044175148010254, 6.019245147705078, 5.996349334716797, 5.975450038909912, 5.956514358520508, 5.939511775970459, 5.924415588378906, 5.9112019538879395, 5.899850368499756, 5.890343189239502, 5.882665634155273, 5.876805782318115, 5.8727545738220215, 5.8705058097839355, 5.87005615234375, 5.871405124664307, 5.87455415725708, 5.879508972167969, 5.8862762451171875, 5.432918548583984, 5.44252872467041, 5.4538469314575195, 5.46688985824585, 5.481678485870361, 5.498236179351807, 5.516589164733887, 5.536766529083252, 5.558801174163818, 5.582728862762451, 5.608588695526123, 5.636423587799072, 5.666280746459961, 5.6982102394104, 5.730264186859131, 5.7522053718566895, 5.807008266448975, 5.641982555389404, 5.40504789352417, 5.1985182762146, 5.010589122772217, 4.832856178283691, 4.664089202880859, 4.506515026092529, 4.377310276031494, 4.231468200683594, 4.122780799865723, 4.012529373168945, 3.8935258388519287, 3.797802448272705, 3.7110021114349365, 3.6147491931915283, 3.521254777908325, 3.4412107467651367, 3.374242067337036, 3.301193952560425, 1.8774358034133911, 1.8412190675735474, 1.8042752742767334, 1.7707147598266602, 1.7562780380249023, 1.7157524824142456, 1.6986467838287354, 1.6719783544540405, 1.6466310024261475, 1.622530221939087, 1.5996077060699463, 1.5778003931045532, 1.557050108909607, 1.5373034477233887, 1.5185105800628662, 1.5006258487701416, 1.4836065769195557, 1.4674134254455566, 1.452009916305542, 1.4373621940612793, 1.4234386682510376, 1.410210132598877, 1.3976494073867798, 1.3857311010360718, 1.374431848526001, 1.36372971534729, 1.3536043167114258, 1.3440369367599487, 1.3350098133087158, 1.3265068531036377, 1.3185126781463623, 1.3110135793685913, 1.2935644388198853, 1.2870696783065796, 1.281030297279358, 1.2754360437393188, 1.270277976989746, 1.265547513961792, 1.2612370252609253, 1.257339596748352, 1.2538491487503052, 1.2507600784301758, 1.2480674982070923, 1.2457672357559204, 1.2438557147979736, 1.2423300743103027, 1.2411879301071167, 1.2404274940490723, 1.2400474548339844, 1.2400474548339844, 1.2404274940490723, 1.2411879301071167, 1.2423300743103027, 1.2438557147979736, 1.2457672357559204, 1.2480674982070923, 1.2507600784301758, 1.2538491487503052, 1.257339596748352, 1.2612370252609253, 1.265547513961792, 1.270277976989746, 1.234292984008789, 1.1570595502853394, 1.0794777870178223, 1.0223331451416016, 0.9649059772491455, 0.9071367383003235, 0.8701884746551514, 0.8544062972068787, 0.8601836562156677, 0.8663067817687988, 0.8727869987487793, 0.8796364068984985, 0.8868679404258728, 0.8944956064224243, 0.9025344848632812, 0.9110007882118225, 0.919911801815033, 0.9292863607406616, 0.9391446113586426, 0.9495081901550293, 0.9604005217552185, 0.9718468189239502, 0.9838742017745972, 0.9965121150016785, 1.0097922086715698, 1.0237488746643066, 1.0384193658828735, 1.0538438558578491, 1.070066213607788, 1.0871340036392212, 1.105099081993103, 1.1240179538726807, 1.1191954612731934, 1.1555466651916504, 1.181442141532898, 1.2215381860733032, 1.2321124076843262, 1.2485294342041016, 1.2860260009765625, 1.3057067394256592, 1.343792200088501, 1.3916263580322266, 1.4061378240585327, 1.445043921470642, 1.4976189136505127, 1.5378367900848389, 1.5946613550186157, 1.6367889642715454, 1.698793649673462, 1.7435691356658936, 1.8114537000656128, 1.8602962493896484, 1.9538072347640991, 2.026322841644287, 2.1096789836883545, 2.209418296813965, 2.304800271987915, 2.3840301036834717, 2.3755762577056885, 2.3699440956115723, 2.3495819568634033, 2.3370683193206787, 2.332206964492798, 2.3256003856658936, 2.3129382133483887, 2.29433012008667, 2.2866971492767334, 2.279810905456543, 2.273660182952881, 2.268235683441162, 2.26352858543396, 2.2595317363739014, 2.2562389373779297, 2.2536447048187256, 2.2517457008361816, 2.2505385875701904, 2.250021457672119, 2.2501938343048096, 2.2510557174682617, 2.25260853767395, 2.254854679107666, 2.2577977180480957, 2.261441946029663, 2.2657928466796875, 2.270857810974121, 2.276644229888916, 2.2831614017486572, 2.290419578552246, 2.2984302043914795, 2.307206392288208, 2.3167622089385986, 2.327113389968872, 2.3382766246795654, 2.350271224975586, 2.36311674118042, 2.376835823059082, 2.391451597213745, 2.4069902896881104, 2.4234793186187744, 2.440948963165283, 2.459430694580078, 2.478959798812866, 2.499573230743408, 2.521311044692993, 2.5442166328430176, 2.568336009979248, 2.593719005584717, 2.62041974067688, 2.6484954357147217, 2.6780083179473877, 2.7090256214141846, 2.74161958694458, 2.7758679389953613, 2.811854839324951, 2.8496716022491455, 2.889416456222534, 2.9311962127685547, 2.9751267433166504, 3.0213334560394287, 3.069953441619873, 3.1211354732513428, 3.175041913986206, 3.2198445796966553, 3.2883946895599365, 3.334134340286255, 3.406899929046631, 3.486262559890747, 3.5637099742889404, 3.6249351501464844, 3.7084808349609375, 3.803987979888916, 3.894538640975952, 4.000088214874268, 4.0991997718811035, 4.226251125335693, 4.349638938903809, 4.464413642883301, 4.608113765716553, 4.755270957946777, 4.914253234863281, 5.103654384613037, 5.28288459777832, 5.493677616119385, 5.520612716674805, 5.487697124481201, 5.445387840270996, 5.403865337371826, 5.3639984130859375, 5.332431793212891, 5.302999019622803, 5.275496482849121, 5.249877452850342, 5.226099014282227, 5.204122066497803, 5.183910369873047, 5.165431499481201, 5.148654937744141, 5.133554458618164, 5.120106220245361, 5.108288764953613, 5.09808349609375, 5.089475154876709, 5.082449436187744, 5.076996803283691, 5.073107719421387, 5.070776462554932, 5.070000171661377]
intensities: [0.0, 0.0, 0.0, 0.0, 0.0, 0.0, 0.0, 0.0, 0.0, 0.0, 0.0, 0.0, 0.0, 0.0, 0.0, 0.0, 0.0, 0.0, 0.0, 0.0, 0.0, 0.0, 0.0, 0.0, 0.0, 0.0, 0.0, 0.0, 0.0, 0.0, 0.0, 0.0, 0.0, 0.0, 0.0, 0.0, 0.0, 0.0, 0.0, 0.0, 0.0, 0.0, 0.0, 0.0, 0.0, 0.0, 0.0, 0.0, 0.0, 0.0, 0.0, 0.0, 0.0, 0.0, 0.0, 0.0, 0.0, 0.0, 0.0, 0.0, 0.0, 0.0, 0.0, 0.0, 0.0, 0.0, 0.0, 0.0, 0.0, 0.0, 0.0, 0.0, 0.0, 0.0, 0.0, 0.0, 0.0, 0.0, 0.0, 0.0, 0.0, 0.0, 0.0, 0.0, 0.0, 0.0, 0.0, 0.0, 0.0, 0.0, 0.0, 0.0, 0.0, 0.0, 0.0, 0.0, 0.0, 0.0, 0.0, 0.0, 0.0, 0.0, 0.0, 0.0, 0.0, 0.0, 0.0, 0.0, 0.0, 0.0, 0.0, 0.0, 0.0, 0.0, 0.0, 0.0, 0.0, 0.0, 0.0, 0.0, 0.0, 0.0, 0.0, 0.0, 0.0, 0.0, 0.0, 0.0, 0.0, 0.0, 0.0, 0.0, 0.0, 0.0, 0.0, 0.0, 0.0, 0.0, 0.0, 0.0, 0.0, 0.0, 0.0, 0.0, 0.0, 0.0, 0.0, 0.0, 0.0, 0.0, 0.0, 0.0, 0.0, 0.0, 0.0, 0.0, 0.0, 0.0, 0.0, 0.0, 0.0, 0.0, 0.0, 0.0, 0.0, 0.0, 0.0, 0.0, 0.0, 0.0, 0.0, 0.0, 0.0, 0.0, 0.0, 0.0, 0.0, 0.0, 0.0, 0.0, 0.0, 0.0, 0.0, 0.0, 0.0, 0.0, 0.0, 0.0, 0.0, 0.0, 0.0, 0.0, 0.0, 0.0, 0.0, 0.0, 0.0, 0.0, 0.0, 0.0, 0.0, 0.0, 0.0, 0.0, 0.0, 0.0, 0.0, 0.0, 0.0, 0.0, 0.0, 0.0, 0.0, 0.0, 0.0, 0.0, 0.0, 0.0, 0.0, 0.0, 0.0, 0.0, 0.0, 0.0, 0.0, 0.0, 0.0, 0.0, 0.0, 0.0, 0.0, 0.0, 0.0, 0.0, 0.0, 0.0, 0.0, 0.0, 0.0, 0.0, 0.0, 0.0, 0.0, 0.0, 0.0, 0.0, 0.0, 0.0, 0.0, 0.0, 0.0, 0.0, 0.0, 0.0, 0.0, 0.0, 0.0, 0.0, 0.0, 0.0, 0.0, 0.0, 0.0, 0.0, 0.0, 0.0, 0.0, 0.0, 0.0, 0.0, 0.0, 0.0, 0.0, 0.0, 0.0, 0.0, 0.0, 0.0, 0.0, 0.0, 0.0, 0.0, 0.0, 0.0, 0.0, 0.0, 0.0, 0.0, 0.0, 0.0, 0.0, 0.0, 0.0, 0.0, 0.0, 0.0, 0.0, 0.0, 0.0, 0.0, 0.0, 0.0, 0.0, 0.0, 0.0, 0.0, 0.0, 0.0, 0.0, 0.0, 0.0, 0.0, 0.0, 0.0, 0.0, 0.0, 0.0, 0.0, 0.0, 0.0, 0.0, 0.0, 0.0, 0.0, 0.0, 0.0, 0.0, 0.0, 0.0, 0.0, 0.0, 0.0, 0.0, 0.0, 0.0, 0.0, 0.0, 0.0, 0.0, 0.0, 0.0, 0.0, 0.0, 0.0, 0.0, 0.0, 0.0, 0.0, 0.0, 0.0, 0.0, 0.0, 0.0, 0.0, 0.0, 0.0, 0.0, 0.0, 0.0, 0.0]
---
header: 
  seq: 433
  stamp: 
    secs: 43
    nsecs: 400000000
  frame_id: "base_laser_link"
angle_min: -3.14159274101
angle_max: 3.14159274101
angle_increment: 0.0175019092858
time_increment: 0.0
scan_time: 0.0
range_min: 0.15000000596
range_max: 16.0
ranges: [5.070000171661377, 5.070776462554932, 5.073107719421387, 5.076996803283691, 5.082449436187744, 5.089475154876709, 5.09808349609375, 5.108288764953613, 5.120106220245361, 5.133554458618164, 5.148654937744141, 5.165431499481201, 5.183910369873047, 5.204122066497803, 5.226099014282227, 5.249877452850342, 5.275496482849121, 5.302999019622803, 5.332431793212891, 5.363845348358154, 5.397294044494629, 5.432837009429932, 5.470538139343262, 5.5104660987854, 5.552694320678711, 5.597302436828613, 5.644376277923584, 5.694007396697998, 5.7462944984436035, 5.801344871520996, 5.859272003173828, 5.920198917388916, 5.984259128570557, 6.0515947341918945, 6.122359275817871, 6.196719169616699, 6.274853229522705, 6.356955051422119, 6.443233489990234, 6.533914566040039, 6.629244804382324, 6.729489803314209, 6.8349385261535645, 6.945906162261963, 7.062735080718994, 7.182335376739502, 7.312045574188232, 7.449943542480469, 7.593277454376221, 7.735329627990723, 7.647165298461914, 7.538166522979736, 7.434476852416992, 7.335816860198975, 7.241930961608887, 7.152580738067627, 7.067546844482422, 6.986626148223877, 6.909630298614502, 6.836383819580078, 6.766725063323975, 6.700503349304199, 6.63757848739624, 6.577820777893066, 6.521108627319336, 6.467330455780029, 6.416381359100342, 6.368164539337158, 6.3225884437561035, 6.279570579528809, 6.239031791687012, 6.200900554656982, 6.165109157562256, 6.131596088409424, 6.100304126739502, 6.0711798667907715, 6.044175148010254, 6.019245147705078, 5.996349334716797, 5.975450038909912, 5.956514358520508, 5.939511775970459, 5.924415588378906, 5.9112019538879395, 5.899850368499756, 5.890343189239502, 5.882665634155273, 5.876805782318115, 5.8727545738220215, 5.8705058097839355, 5.87005615234375, 5.871405124664307, 5.87455415725708, 5.879508972167969, 5.8862762451171875, 5.432918548583984, 5.44252872467041, 5.4538469314575195, 5.46688985824585, 5.481678485870361, 5.498236179351807, 5.516589164733887, 5.536766529083252, 5.558801174163818, 5.582728862762451, 5.608588695526123, 5.636423587799072, 5.666280746459961, 5.6982102394104, 5.730264186859131, 5.7522053718566895, 5.807008266448975, 5.641982555389404, 5.40504789352417, 5.1985182762146, 5.010589122772217, 4.832856178283691, 4.664089202880859, 4.506515026092529, 4.377310276031494, 4.231468200683594, 4.122780799865723, 4.012529373168945, 3.8935258388519287, 3.797802448272705, 3.7110021114349365, 3.6147491931915283, 3.521254777908325, 3.4412107467651367, 3.374242067337036, 3.301193952560425, 1.8774358034133911, 1.8412190675735474, 1.8042752742767334, 1.7707147598266602, 1.7562780380249023, 1.7157524824142456, 1.6986467838287354, 1.6719783544540405, 1.6466310024261475, 1.622530221939087, 1.5996077060699463, 1.5778003931045532, 1.557050108909607, 1.5373034477233887, 1.5185105800628662, 1.5006258487701416, 1.4836065769195557, 1.4674134254455566, 1.452009916305542, 1.4373621940612793, 1.4234386682510376, 1.410210132598877, 1.3976494073867798, 1.3857311010360718, 1.374431848526001, 1.36372971534729, 1.3536043167114258, 1.3440369367599487, 1.3350098133087158, 1.3265068531036377, 1.3185126781463623, 1.3110135793685913, 1.2935644388198853, 1.2870696783065796, 1.281030297279358, 1.2754360437393188, 1.270277976989746, 1.265547513961792, 1.2612370252609253, 1.257339596748352, 1.2538491487503052, 1.2507600784301758, 1.2480674982070923, 1.2457672357559204, 1.2438557147979736, 1.2423300743103027, 1.2411879301071167, 1.2404274940490723, 1.2400474548339844, 1.2400474548339844, 1.2404274940490723, 1.2411879301071167, 1.2423300743103027, 1.2438557147979736, 1.2457672357559204, 1.2480674982070923, 1.2507600784301758, 1.2538491487503052, 1.257339596748352, 1.2612370252609253, 1.265547513961792, 1.270277976989746, 1.234292984008789, 1.1570595502853394, 1.0794777870178223, 1.0223331451416016, 0.9649059772491455, 0.9071367383003235, 0.8701884746551514, 0.8544062972068787, 0.8601836562156677, 0.8663067817687988, 0.8727869987487793, 0.8796364068984985, 0.8868679404258728, 0.8944956064224243, 0.9025344848632812, 0.9110007882118225, 0.919911801815033, 0.9292863607406616, 0.9391446113586426, 0.9495081901550293, 0.9604005217552185, 0.9718468189239502, 0.9838742017745972, 0.9965121150016785, 1.0097922086715698, 1.0237488746643066, 1.0384193658828735, 1.0538438558578491, 1.070066213607788, 1.0871340036392212, 1.105099081993103, 1.1240179538726807, 1.1191954612731934, 1.1555466651916504, 1.181442141532898, 1.2215381860733032, 1.2321124076843262, 1.2485294342041016, 1.2860260009765625, 1.3057067394256592, 1.343792200088501, 1.3916263580322266, 1.4061378240585327, 1.445043921470642, 1.4976189136505127, 1.5378367900848389, 1.5946613550186157, 1.6367889642715454, 1.698793649673462, 1.7435691356658936, 1.8114537000656128, 1.8602962493896484, 1.9538072347640991, 2.026322841644287, 2.1096789836883545, 2.209418296813965, 2.304800271987915, 2.3840301036834717, 2.3755762577056885, 2.3699440956115723, 2.3495819568634033, 2.3370683193206787, 2.332206964492798, 2.3256003856658936, 2.3129382133483887, 2.29433012008667, 2.2866971492767334, 2.279810905456543, 2.273660182952881, 2.268235683441162, 2.26352858543396, 2.2595317363739014, 2.2562389373779297, 2.2536447048187256, 2.2517457008361816, 2.2505385875701904, 2.250021457672119, 2.2501938343048096, 2.2510557174682617, 2.25260853767395, 2.254854679107666, 2.2577977180480957, 2.261441946029663, 2.2657928466796875, 2.270857810974121, 2.276644229888916, 2.2831614017486572, 2.290419578552246, 2.2984302043914795, 2.307206392288208, 2.3167622089385986, 2.327113389968872, 2.3382766246795654, 2.350271224975586, 2.36311674118042, 2.376835823059082, 2.391451597213745, 2.4069902896881104, 2.4234793186187744, 2.440948963165283, 2.459430694580078, 2.478959798812866, 2.499573230743408, 2.521311044692993, 2.5442166328430176, 2.568336009979248, 2.593719005584717, 2.62041974067688, 2.6484954357147217, 2.6780083179473877, 2.7090256214141846, 2.74161958694458, 2.7758679389953613, 2.811854839324951, 2.8496716022491455, 2.889416456222534, 2.9311962127685547, 2.9751267433166504, 3.0213334560394287, 3.069953441619873, 3.1211354732513428, 3.175041913986206, 3.2198445796966553, 3.2883946895599365, 3.334134340286255, 3.406899929046631, 3.486262559890747, 3.5637099742889404, 3.6249351501464844, 3.7084808349609375, 3.803987979888916, 3.894538640975952, 4.000088214874268, 4.0991997718811035, 4.226251125335693, 4.349638938903809, 4.464413642883301, 4.608113765716553, 4.755270957946777, 4.914253234863281, 5.103654384613037, 5.28288459777832, 5.493677616119385, 5.520612716674805, 5.487697124481201, 5.445387840270996, 5.403865337371826, 5.3639984130859375, 5.332431793212891, 5.302999019622803, 5.275496482849121, 5.249877452850342, 5.226099014282227, 5.204122066497803, 5.183910369873047, 5.165431499481201, 5.148654937744141, 5.133554458618164, 5.120106220245361, 5.108288764953613, 5.09808349609375, 5.089475154876709, 5.082449436187744, 5.076996803283691, 5.073107719421387, 5.070776462554932, 5.070000171661377]
intensities: [0.0, 0.0, 0.0, 0.0, 0.0, 0.0, 0.0, 0.0, 0.0, 0.0, 0.0, 0.0, 0.0, 0.0, 0.0, 0.0, 0.0, 0.0, 0.0, 0.0, 0.0, 0.0, 0.0, 0.0, 0.0, 0.0, 0.0, 0.0, 0.0, 0.0, 0.0, 0.0, 0.0, 0.0, 0.0, 0.0, 0.0, 0.0, 0.0, 0.0, 0.0, 0.0, 0.0, 0.0, 0.0, 0.0, 0.0, 0.0, 0.0, 0.0, 0.0, 0.0, 0.0, 0.0, 0.0, 0.0, 0.0, 0.0, 0.0, 0.0, 0.0, 0.0, 0.0, 0.0, 0.0, 0.0, 0.0, 0.0, 0.0, 0.0, 0.0, 0.0, 0.0, 0.0, 0.0, 0.0, 0.0, 0.0, 0.0, 0.0, 0.0, 0.0, 0.0, 0.0, 0.0, 0.0, 0.0, 0.0, 0.0, 0.0, 0.0, 0.0, 0.0, 0.0, 0.0, 0.0, 0.0, 0.0, 0.0, 0.0, 0.0, 0.0, 0.0, 0.0, 0.0, 0.0, 0.0, 0.0, 0.0, 0.0, 0.0, 0.0, 0.0, 0.0, 0.0, 0.0, 0.0, 0.0, 0.0, 0.0, 0.0, 0.0, 0.0, 0.0, 0.0, 0.0, 0.0, 0.0, 0.0, 0.0, 0.0, 0.0, 0.0, 0.0, 0.0, 0.0, 0.0, 0.0, 0.0, 0.0, 0.0, 0.0, 0.0, 0.0, 0.0, 0.0, 0.0, 0.0, 0.0, 0.0, 0.0, 0.0, 0.0, 0.0, 0.0, 0.0, 0.0, 0.0, 0.0, 0.0, 0.0, 0.0, 0.0, 0.0, 0.0, 0.0, 0.0, 0.0, 0.0, 0.0, 0.0, 0.0, 0.0, 0.0, 0.0, 0.0, 0.0, 0.0, 0.0, 0.0, 0.0, 0.0, 0.0, 0.0, 0.0, 0.0, 0.0, 0.0, 0.0, 0.0, 0.0, 0.0, 0.0, 0.0, 0.0, 0.0, 0.0, 0.0, 0.0, 0.0, 0.0, 0.0, 0.0, 0.0, 0.0, 0.0, 0.0, 0.0, 0.0, 0.0, 0.0, 0.0, 0.0, 0.0, 0.0, 0.0, 0.0, 0.0, 0.0, 0.0, 0.0, 0.0, 0.0, 0.0, 0.0, 0.0, 0.0, 0.0, 0.0, 0.0, 0.0, 0.0, 0.0, 0.0, 0.0, 0.0, 0.0, 0.0, 0.0, 0.0, 0.0, 0.0, 0.0, 0.0, 0.0, 0.0, 0.0, 0.0, 0.0, 0.0, 0.0, 0.0, 0.0, 0.0, 0.0, 0.0, 0.0, 0.0, 0.0, 0.0, 0.0, 0.0, 0.0, 0.0, 0.0, 0.0, 0.0, 0.0, 0.0, 0.0, 0.0, 0.0, 0.0, 0.0, 0.0, 0.0, 0.0, 0.0, 0.0, 0.0, 0.0, 0.0, 0.0, 0.0, 0.0, 0.0, 0.0, 0.0, 0.0, 0.0, 0.0, 0.0, 0.0, 0.0, 0.0, 0.0, 0.0, 0.0, 0.0, 0.0, 0.0, 0.0, 0.0, 0.0, 0.0, 0.0, 0.0, 0.0, 0.0, 0.0, 0.0, 0.0, 0.0, 0.0, 0.0, 0.0, 0.0, 0.0, 0.0, 0.0, 0.0, 0.0, 0.0, 0.0, 0.0, 0.0, 0.0, 0.0, 0.0, 0.0, 0.0, 0.0, 0.0, 0.0, 0.0, 0.0, 0.0, 0.0, 0.0, 0.0, 0.0, 0.0, 0.0, 0.0, 0.0, 0.0, 0.0, 0.0, 0.0, 0.0, 0.0, 0.0, 0.0, 0.0, 0.0, 0.0, 0.0, 0.0, 0.0, 0.0]
---
