header: 
  seq: 115
  stamp: 
    secs: 11
    nsecs: 600000000
  frame_id: "base_laser_link"
angle_min: -3.14159274101
angle_max: 3.14159274101
angle_increment: 0.0175019092858
time_increment: 0.0
scan_time: 0.0
range_min: 0.15000000596
range_max: 16.0
ranges: [5.070000171661377, 5.070776462554932, 5.073107719421387, 5.076996803283691, 5.082449436187744, 5.089475154876709, 5.09808349609375, 5.108288764953613, 5.120106220245361, 5.133554458618164, 5.148654937744141, 5.165431499481201, 5.183910369873047, 5.204122066497803, 5.226099014282227, 5.249877452850342, 5.275496482849121, 5.302999019622803, 5.332431793212891, 5.363845348358154, 5.397294044494629, 5.432837009429932, 5.487962245941162, 5.52557373046875, 5.57220458984375, 5.460978031158447, 5.363187789916992, 5.191515922546387, 5.007302761077881, 4.859184265136719, 4.71619987487793, 4.580355644226074, 4.436871528625488, 4.314455986022949, 4.214405059814453, 4.098525047302246, 4.016118049621582, 3.9048657417297363, 3.831479072570801, 3.73000431060791, 3.6642420291900635, 3.5976674556732178, 3.511841058731079, 3.4532952308654785, 3.400010108947754, 3.3443775177001953, 3.2875959873199463, 3.2336843013763428, 3.18247127532959, 3.1338002681732178, 3.087526798248291, 3.0435187816619873, 3.0016541481018066, 2.961820602416992, 2.9239141941070557, 2.8878393173217773, 2.8535070419311523, 2.820835590362549, 2.789748430252075, 2.7601754665374756, 2.732050895690918, 2.7053139209747314, 2.679908037185669, 2.6557810306549072, 2.6328837871551514, 2.611171007156372, 2.5906004905700684, 2.5711328983306885, 2.55273175239563, 2.53536319732666, 2.518995761871338, 2.5036003589630127, 2.489149808883667, 2.475618839263916, 2.462984800338745, 2.451225996017456, 2.4403228759765625, 2.4302573204040527, 2.421013116836548, 2.4125752449035645, 2.4049298763275146, 2.3980653285980225, 2.391970157623291, 2.3866353034973145, 2.382051944732666, 2.378213405609131, 2.3751137256622314, 2.3727476596832275, 2.371112108230591, 2.370204210281372, 2.370022773742676, 2.3705673217773438, 2.3718388080596924, 2.3738391399383545, 2.3765716552734375, 2.380040168762207, 2.3842501640319824, 2.3892083168029785, 2.3949222564697266, 2.4014008045196533, 2.406933546066284, 2.399351119995117, 2.3584282398223877, 2.187835454940796, 2.02872896194458, 1.9801117181777954, 1.9899388551712036, 2.0004799365997314, 2.0117526054382324, 2.0237765312194824, 2.0365726947784424, 2.050163745880127, 2.0645737648010254, 2.079829692840576, 2.095959424972534, 2.1129934787750244, 2.130964994430542, 2.1499087810516357, 2.169863224029541, 2.190868616104126, 2.2129695415496826, 2.2362124919891357, 2.2606489658355713, 2.2863333225250244, 2.3133246898651123, 2.341686964035034, 2.3714888095855713, 2.402804374694824, 2.43571400642395, 2.4703049659729004, 2.50667142868042, 2.5449156761169434, 2.5851492881774902, 2.627493143081665, 2.67207932472229, 2.701601028442383, 2.7597734928131104, 2.7938308715820312, 2.8550069332122803, 2.8162052631378174, 2.7783498764038086, 2.7512283325195312, 2.7138166427612305, 2.678126335144043, 2.6441619396209717, 2.6118383407592773, 2.5810763835906982, 2.5518033504486084, 2.5239510536193848, 2.4974570274353027, 2.4722630977630615, 2.448314666748047, 2.4255614280700684, 2.403956890106201, 2.383457660675049, 2.364022731781006, 2.3456151485443115, 2.328199625015259, 2.3117434978485107, 2.2962169647216797, 2.2815916538238525, 2.2678418159484863, 2.254943370819092, 2.2428739070892334, 2.2316126823425293, 2.2211410999298096, 2.2114415168762207, 2.202498197555542, 2.19429612159729, 2.1868221759796143, 2.1800646781921387, 2.1740126609802246, 2.168656587600708, 2.163987874984741, 2.1599996089935303, 2.1566853523254395, 2.1540400981903076, 2.15205979347229, 2.1507411003112793, 2.1500823497772217, 2.1500823497772217, 2.1507411003112793, 2.15205979347229, 2.1540400981903076, 2.1566853523254395, 2.1599996089935303, 2.163987874984741, 2.168656587600708, 2.1740126609802246, 2.1800646781921387, 2.1868221759796143, 2.19429612159729, 2.202498197555542, 2.2114415168762207, 2.2211410999298096, 2.2316126823425293, 2.2428739070892334, 2.254943370819092, 2.2678418159484863, 2.2815916538238525, 2.2962169647216797, 2.3117434978485107, 2.328199625015259, 2.3456151485443115, 2.364022731781006, 2.383457660675049, 2.403956890106201, 2.4255614280700684, 2.448314666748047, 2.4722630977630615, 2.4974570274353027, 2.5239510536193848, 2.5518033504486084, 2.5810763835906982, 2.6118383407592773, 2.6441619396209717, 2.678126335144043, 2.7138166427612305, 2.7512283325195312, 2.7907519340515137, 2.832205295562744, 2.875802755355835, 2.9216725826263428, 2.969953775405884, 2.964597225189209, 2.9358389377593994, 2.8964955806732178, 2.8346381187438965, 2.8047714233398438, 2.753108501434326, 2.703108549118042, 2.665257692337036, 2.629246473312378, 2.594979763031006, 2.5623695850372314, 2.531334400177002, 2.5017993450164795, 2.473694324493408, 2.4469552040100098, 2.4446940422058105, 2.5120432376861572, 2.6015636920928955, 2.690200090408325, 2.8051373958587646, 2.8966448307037354, 3.0143775939941406, 3.144172191619873, 3.2631773948669434, 3.425668954849243, 3.5686051845550537, 3.7491037845611572, 3.947828531265259, 3.976558208465576, 3.948622226715088, 3.92912220954895, 3.911005973815918, 3.8942434787750244, 3.8788070678710938, 4.089005947113037, 4.441274166107178, 4.893993854522705, 5.426469326019287, 5.796602249145508, 5.784573078155518, 5.79166316986084, 5.775894641876221, 5.75931453704834, 5.754461288452148, 5.751376152038574, 5.750054836273193, 5.750495433807373, 5.752697944641113, 5.756666660308838, 5.762406349182129, 5.769927501678467, 5.779240131378174, 5.790359973907471, 5.803303241729736, 5.818090915679932, 5.83474588394165, 5.853294372558594, 5.8737664222717285, 5.896193981170654, 5.920614719390869, 5.9470672607421875, 5.975595951080322, 6.006248474121094, 6.039076328277588, 6.074135780334473, 6.111487865447998, 6.15119743347168, 6.193336486816406, 6.237980365753174, 6.28521203994751, 6.335119247436523, 6.387798309326172, 6.443350791931152, 6.50188684463501, 6.563525199890137, 6.628393173217773, 6.696628093719482, 6.76837682723999, 6.843799114227295, 6.923065662384033, 7.00636100769043, 7.093884468078613, 7.185851573944092, 7.282494068145752, 7.384064197540283, 7.490835189819336, 7.60310173034668, 7.586904048919678, 7.463397979736328, 7.309816360473633, 7.1820878982543945, 7.062735080718994, 6.945906162261963, 6.8349385261535645, 6.729489803314209, 6.629244804382324, 6.533914566040039, 6.443233489990234, 6.356955051422119, 6.274853229522705, 6.196719169616699, 6.122359275817871, 6.0515947341918945, 5.984259128570557, 5.920198917388916, 5.859272003173828, 5.801344871520996, 5.7462944984436035, 5.694007396697998, 5.644376277923584, 5.597302436828613, 5.552694320678711, 5.5104660987854, 5.470538139343262, 5.432837009429932, 5.397294044494629, 5.363845348358154, 5.332431793212891, 5.302999019622803, 5.275496482849121, 5.249877452850342, 5.226099014282227, 5.204122066497803, 5.183910369873047, 5.165431499481201, 5.148654937744141, 5.133554458618164, 5.120106220245361, 5.108288764953613, 5.09808349609375, 5.089475154876709, 5.082449436187744, 5.076996803283691, 5.073107719421387, 5.070776462554932, 5.070000171661377]
intensities: [0.0, 0.0, 0.0, 0.0, 0.0, 0.0, 0.0, 0.0, 0.0, 0.0, 0.0, 0.0, 0.0, 0.0, 0.0, 0.0, 0.0, 0.0, 0.0, 0.0, 0.0, 0.0, 0.0, 0.0, 0.0, 0.0, 0.0, 0.0, 0.0, 0.0, 0.0, 0.0, 0.0, 0.0, 0.0, 0.0, 0.0, 0.0, 0.0, 0.0, 0.0, 0.0, 0.0, 0.0, 0.0, 0.0, 0.0, 0.0, 0.0, 0.0, 0.0, 0.0, 0.0, 0.0, 0.0, 0.0, 0.0, 0.0, 0.0, 0.0, 0.0, 0.0, 0.0, 0.0, 0.0, 0.0, 0.0, 0.0, 0.0, 0.0, 0.0, 0.0, 0.0, 0.0, 0.0, 0.0, 0.0, 0.0, 0.0, 0.0, 0.0, 0.0, 0.0, 0.0, 0.0, 0.0, 0.0, 0.0, 0.0, 0.0, 0.0, 0.0, 0.0, 0.0, 0.0, 0.0, 0.0, 0.0, 0.0, 0.0, 0.0, 0.0, 0.0, 0.0, 0.0, 0.0, 0.0, 0.0, 0.0, 0.0, 0.0, 0.0, 0.0, 0.0, 0.0, 0.0, 0.0, 0.0, 0.0, 0.0, 0.0, 0.0, 0.0, 0.0, 0.0, 0.0, 0.0, 0.0, 0.0, 0.0, 0.0, 0.0, 0.0, 0.0, 0.0, 0.0, 0.0, 0.0, 0.0, 0.0, 0.0, 0.0, 0.0, 0.0, 0.0, 0.0, 0.0, 0.0, 0.0, 0.0, 0.0, 0.0, 0.0, 0.0, 0.0, 0.0, 0.0, 0.0, 0.0, 0.0, 0.0, 0.0, 0.0, 0.0, 0.0, 0.0, 0.0, 0.0, 0.0, 0.0, 0.0, 0.0, 0.0, 0.0, 0.0, 0.0, 0.0, 0.0, 0.0, 0.0, 0.0, 0.0, 0.0, 0.0, 0.0, 0.0, 0.0, 0.0, 0.0, 0.0, 0.0, 0.0, 0.0, 0.0, 0.0, 0.0, 0.0, 0.0, 0.0, 0.0, 0.0, 0.0, 0.0, 0.0, 0.0, 0.0, 0.0, 0.0, 0.0, 0.0, 0.0, 0.0, 0.0, 0.0, 0.0, 0.0, 0.0, 0.0, 0.0, 0.0, 0.0, 0.0, 0.0, 0.0, 0.0, 0.0, 0.0, 0.0, 0.0, 0.0, 0.0, 0.0, 0.0, 0.0, 0.0, 0.0, 0.0, 0.0, 0.0, 0.0, 0.0, 0.0, 0.0, 0.0, 0.0, 0.0, 0.0, 0.0, 0.0, 0.0, 0.0, 0.0, 0.0, 0.0, 0.0, 0.0, 0.0, 0.0, 0.0, 0.0, 0.0, 0.0, 0.0, 0.0, 0.0, 0.0, 0.0, 0.0, 0.0, 0.0, 0.0, 0.0, 0.0, 0.0, 0.0, 0.0, 0.0, 0.0, 0.0, 0.0, 0.0, 0.0, 0.0, 0.0, 0.0, 0.0, 0.0, 0.0, 0.0, 0.0, 0.0, 0.0, 0.0, 0.0, 0.0, 0.0, 0.0, 0.0, 0.0, 0.0, 0.0, 0.0, 0.0, 0.0, 0.0, 0.0, 0.0, 0.0, 0.0, 0.0, 0.0, 0.0, 0.0, 0.0, 0.0, 0.0, 0.0, 0.0, 0.0, 0.0, 0.0, 0.0, 0.0, 0.0, 0.0, 0.0, 0.0, 0.0, 0.0, 0.0, 0.0, 0.0, 0.0, 0.0, 0.0, 0.0, 0.0, 0.0, 0.0, 0.0, 0.0, 0.0, 0.0, 0.0, 0.0, 0.0, 0.0, 0.0, 0.0, 0.0, 0.0, 0.0, 0.0, 0.0, 0.0, 0.0, 0.0, 0.0, 0.0, 0.0]
---
header: 
  seq: 116
  stamp: 
    secs: 11
    nsecs: 700000000
  frame_id: "base_laser_link"
angle_min: -3.14159274101
angle_max: 3.14159274101
angle_increment: 0.0175019092858
time_increment: 0.0
scan_time: 0.0
range_min: 0.15000000596
range_max: 16.0
ranges: [5.070000171661377, 5.070776462554932, 5.073107719421387, 5.076996803283691, 5.082449436187744, 5.089475154876709, 5.09808349609375, 5.108288764953613, 5.120106220245361, 5.133554458618164, 5.148654937744141, 5.165431499481201, 5.183910369873047, 5.204122066497803, 5.226099014282227, 5.249877452850342, 5.275496482849121, 5.302999019622803, 5.332431793212891, 5.363845348358154, 5.397294044494629, 5.432837009429932, 5.487962245941162, 5.52557373046875, 5.57220458984375, 5.460978031158447, 5.363187789916992, 5.191515922546387, 5.007302761077881, 4.859184265136719, 4.71619987487793, 4.580355644226074, 4.436871528625488, 4.314455986022949, 4.214405059814453, 4.098525047302246, 4.016118049621582, 3.9048657417297363, 3.831479072570801, 3.73000431060791, 3.6642420291900635, 3.5976674556732178, 3.511841058731079, 3.4532952308654785, 3.400010108947754, 3.3443775177001953, 3.2875959873199463, 3.2336843013763428, 3.18247127532959, 3.1338002681732178, 3.087526798248291, 3.0435187816619873, 3.0016541481018066, 2.961820602416992, 2.9239141941070557, 2.8878393173217773, 2.8535070419311523, 2.820835590362549, 2.789748430252075, 2.7601754665374756, 2.732050895690918, 2.7053139209747314, 2.679908037185669, 2.6557810306549072, 2.6328837871551514, 2.611171007156372, 2.5906004905700684, 2.5711328983306885, 2.55273175239563, 2.53536319732666, 2.518995761871338, 2.5036003589630127, 2.489149808883667, 2.475618839263916, 2.462984800338745, 2.451225996017456, 2.4403228759765625, 2.4302573204040527, 2.421013116836548, 2.4125752449035645, 2.4049298763275146, 2.3980653285980225, 2.391970157623291, 2.3866353034973145, 2.382051944732666, 2.378213405609131, 2.3751137256622314, 2.3727476596832275, 2.371112108230591, 2.370204210281372, 2.370022773742676, 2.3705673217773438, 2.3718388080596924, 2.3738391399383545, 2.3765716552734375, 2.380040168762207, 2.3842501640319824, 2.3892083168029785, 2.3949222564697266, 2.4014008045196533, 2.406933546066284, 2.399351119995117, 2.3584282398223877, 2.187835454940796, 2.02872896194458, 1.9801117181777954, 1.9899388551712036, 2.0004799365997314, 2.0117526054382324, 2.0237765312194824, 2.0365726947784424, 2.050163745880127, 2.0645737648010254, 2.079829692840576, 2.095959424972534, 2.1129934787750244, 2.130964994430542, 2.1499087810516357, 2.169863224029541, 2.190868616104126, 2.2129695415496826, 2.2362124919891357, 2.2606489658355713, 2.2863333225250244, 2.3133246898651123, 2.341686964035034, 2.3714888095855713, 2.402804374694824, 2.43571400642395, 2.4703049659729004, 2.50667142868042, 2.5449156761169434, 2.5851492881774902, 2.627493143081665, 2.67207932472229, 2.701601028442383, 2.7597734928131104, 2.7938308715820312, 2.8550069332122803, 2.8162052631378174, 2.7783498764038086, 2.7512283325195312, 2.7138166427612305, 2.678126335144043, 2.6441619396209717, 2.6118383407592773, 2.5810763835906982, 2.5518033504486084, 2.5239510536193848, 2.4974570274353027, 2.4722630977630615, 2.448314666748047, 2.4255614280700684, 2.403956890106201, 2.383457660675049, 2.364022731781006, 2.3456151485443115, 2.328199625015259, 2.3117434978485107, 2.2962169647216797, 2.2815916538238525, 2.2678418159484863, 2.254943370819092, 2.2428739070892334, 2.2316126823425293, 2.2211410999298096, 2.2114415168762207, 2.202498197555542, 2.19429612159729, 2.1868221759796143, 2.1800646781921387, 2.1740126609802246, 2.168656587600708, 2.163987874984741, 2.1599996089935303, 2.1566853523254395, 2.1540400981903076, 2.15205979347229, 2.1507411003112793, 2.1500823497772217, 2.1500823497772217, 2.1507411003112793, 2.15205979347229, 2.1540400981903076, 2.1566853523254395, 2.1599996089935303, 2.163987874984741, 2.168656587600708, 2.1740126609802246, 2.1800646781921387, 2.1868221759796143, 2.19429612159729, 2.202498197555542, 2.2114415168762207, 2.2211410999298096, 2.2316126823425293, 2.2428739070892334, 2.254943370819092, 2.2678418159484863, 2.2815916538238525, 2.2962169647216797, 2.3117434978485107, 2.328199625015259, 2.3456151485443115, 2.364022731781006, 2.383457660675049, 2.403956890106201, 2.4255614280700684, 2.448314666748047, 2.4722630977630615, 2.4974570274353027, 2.5239510536193848, 2.5518033504486084, 2.5810763835906982, 2.6118383407592773, 2.6441619396209717, 2.678126335144043, 2.7138166427612305, 2.7512283325195312, 2.7907519340515137, 2.832205295562744, 2.875802755355835, 2.9216725826263428, 2.969953775405884, 2.964597225189209, 2.9358389377593994, 2.8964955806732178, 2.8346381187438965, 2.8047714233398438, 2.753108501434326, 2.703108549118042, 2.665257692337036, 2.629246473312378, 2.594979763031006, 2.5623695850372314, 2.531334400177002, 2.5017993450164795, 2.473694324493408, 2.4469552040100098, 2.4446940422058105, 2.5120432376861572, 2.6015636920928955, 2.690200090408325, 2.8051373958587646, 2.8966448307037354, 3.0143775939941406, 3.144172191619873, 3.2631773948669434, 3.425668954849243, 3.5686051845550537, 3.7491037845611572, 3.947828531265259, 3.976558208465576, 3.948622226715088, 3.92912220954895, 3.911005973815918, 3.8942434787750244, 3.8788070678710938, 4.089005947113037, 4.441274166107178, 4.893993854522705, 5.426469326019287, 5.796602249145508, 5.784573078155518, 5.79166316986084, 5.775894641876221, 5.75931453704834, 5.754461288452148, 5.751376152038574, 5.750054836273193, 5.750495433807373, 5.752697944641113, 5.756666660308838, 5.762406349182129, 5.769927501678467, 5.779240131378174, 5.790359973907471, 5.803303241729736, 5.818090915679932, 5.83474588394165, 5.853294372558594, 5.8737664222717285, 5.896193981170654, 5.920614719390869, 5.9470672607421875, 5.975595951080322, 6.006248474121094, 6.039076328277588, 6.074135780334473, 6.111487865447998, 6.15119743347168, 6.193336486816406, 6.237980365753174, 6.28521203994751, 6.335119247436523, 6.387798309326172, 6.443350791931152, 6.50188684463501, 6.563525199890137, 6.628393173217773, 6.696628093719482, 6.76837682723999, 6.843799114227295, 6.923065662384033, 7.00636100769043, 7.093884468078613, 7.185851573944092, 7.282494068145752, 7.384064197540283, 7.490835189819336, 7.60310173034668, 7.586904048919678, 7.463397979736328, 7.309816360473633, 7.1820878982543945, 7.062735080718994, 6.945906162261963, 6.8349385261535645, 6.729489803314209, 6.629244804382324, 6.533914566040039, 6.443233489990234, 6.356955051422119, 6.274853229522705, 6.196719169616699, 6.122359275817871, 6.0515947341918945, 5.984259128570557, 5.920198917388916, 5.859272003173828, 5.801344871520996, 5.7462944984436035, 5.694007396697998, 5.644376277923584, 5.597302436828613, 5.552694320678711, 5.5104660987854, 5.470538139343262, 5.432837009429932, 5.397294044494629, 5.363845348358154, 5.332431793212891, 5.302999019622803, 5.275496482849121, 5.249877452850342, 5.226099014282227, 5.204122066497803, 5.183910369873047, 5.165431499481201, 5.148654937744141, 5.133554458618164, 5.120106220245361, 5.108288764953613, 5.09808349609375, 5.089475154876709, 5.082449436187744, 5.076996803283691, 5.073107719421387, 5.070776462554932, 5.070000171661377]
intensities: [0.0, 0.0, 0.0, 0.0, 0.0, 0.0, 0.0, 0.0, 0.0, 0.0, 0.0, 0.0, 0.0, 0.0, 0.0, 0.0, 0.0, 0.0, 0.0, 0.0, 0.0, 0.0, 0.0, 0.0, 0.0, 0.0, 0.0, 0.0, 0.0, 0.0, 0.0, 0.0, 0.0, 0.0, 0.0, 0.0, 0.0, 0.0, 0.0, 0.0, 0.0, 0.0, 0.0, 0.0, 0.0, 0.0, 0.0, 0.0, 0.0, 0.0, 0.0, 0.0, 0.0, 0.0, 0.0, 0.0, 0.0, 0.0, 0.0, 0.0, 0.0, 0.0, 0.0, 0.0, 0.0, 0.0, 0.0, 0.0, 0.0, 0.0, 0.0, 0.0, 0.0, 0.0, 0.0, 0.0, 0.0, 0.0, 0.0, 0.0, 0.0, 0.0, 0.0, 0.0, 0.0, 0.0, 0.0, 0.0, 0.0, 0.0, 0.0, 0.0, 0.0, 0.0, 0.0, 0.0, 0.0, 0.0, 0.0, 0.0, 0.0, 0.0, 0.0, 0.0, 0.0, 0.0, 0.0, 0.0, 0.0, 0.0, 0.0, 0.0, 0.0, 0.0, 0.0, 0.0, 0.0, 0.0, 0.0, 0.0, 0.0, 0.0, 0.0, 0.0, 0.0, 0.0, 0.0, 0.0, 0.0, 0.0, 0.0, 0.0, 0.0, 0.0, 0.0, 0.0, 0.0, 0.0, 0.0, 0.0, 0.0, 0.0, 0.0, 0.0, 0.0, 0.0, 0.0, 0.0, 0.0, 0.0, 0.0, 0.0, 0.0, 0.0, 0.0, 0.0, 0.0, 0.0, 0.0, 0.0, 0.0, 0.0, 0.0, 0.0, 0.0, 0.0, 0.0, 0.0, 0.0, 0.0, 0.0, 0.0, 0.0, 0.0, 0.0, 0.0, 0.0, 0.0, 0.0, 0.0, 0.0, 0.0, 0.0, 0.0, 0.0, 0.0, 0.0, 0.0, 0.0, 0.0, 0.0, 0.0, 0.0, 0.0, 0.0, 0.0, 0.0, 0.0, 0.0, 0.0, 0.0, 0.0, 0.0, 0.0, 0.0, 0.0, 0.0, 0.0, 0.0, 0.0, 0.0, 0.0, 0.0, 0.0, 0.0, 0.0, 0.0, 0.0, 0.0, 0.0, 0.0, 0.0, 0.0, 0.0, 0.0, 0.0, 0.0, 0.0, 0.0, 0.0, 0.0, 0.0, 0.0, 0.0, 0.0, 0.0, 0.0, 0.0, 0.0, 0.0, 0.0, 0.0, 0.0, 0.0, 0.0, 0.0, 0.0, 0.0, 0.0, 0.0, 0.0, 0.0, 0.0, 0.0, 0.0, 0.0, 0.0, 0.0, 0.0, 0.0, 0.0, 0.0, 0.0, 0.0, 0.0, 0.0, 0.0, 0.0, 0.0, 0.0, 0.0, 0.0, 0.0, 0.0, 0.0, 0.0, 0.0, 0.0, 0.0, 0.0, 0.0, 0.0, 0.0, 0.0, 0.0, 0.0, 0.0, 0.0, 0.0, 0.0, 0.0, 0.0, 0.0, 0.0, 0.0, 0.0, 0.0, 0.0, 0.0, 0.0, 0.0, 0.0, 0.0, 0.0, 0.0, 0.0, 0.0, 0.0, 0.0, 0.0, 0.0, 0.0, 0.0, 0.0, 0.0, 0.0, 0.0, 0.0, 0.0, 0.0, 0.0, 0.0, 0.0, 0.0, 0.0, 0.0, 0.0, 0.0, 0.0, 0.0, 0.0, 0.0, 0.0, 0.0, 0.0, 0.0, 0.0, 0.0, 0.0, 0.0, 0.0, 0.0, 0.0, 0.0, 0.0, 0.0, 0.0, 0.0, 0.0, 0.0, 0.0, 0.0, 0.0, 0.0, 0.0, 0.0, 0.0, 0.0, 0.0, 0.0]
---
header: 
  seq: 117
  stamp: 
    secs: 11
    nsecs: 800000000
  frame_id: "base_laser_link"
angle_min: -3.14159274101
angle_max: 3.14159274101
angle_increment: 0.0175019092858
time_increment: 0.0
scan_time: 0.0
range_min: 0.15000000596
range_max: 16.0
ranges: [5.070000171661377, 5.070776462554932, 5.073107719421387, 5.076996803283691, 5.082449436187744, 5.089475154876709, 5.09808349609375, 5.108288764953613, 5.120106220245361, 5.133554458618164, 5.148654937744141, 5.165431499481201, 5.183910369873047, 5.204122066497803, 5.226099014282227, 5.249877452850342, 5.275496482849121, 5.302999019622803, 5.332431793212891, 5.363845348358154, 5.397294044494629, 5.432837009429932, 5.487962245941162, 5.52557373046875, 5.57220458984375, 5.460978031158447, 5.363187789916992, 5.191515922546387, 5.007302761077881, 4.859184265136719, 4.71619987487793, 4.580355644226074, 4.436871528625488, 4.314455986022949, 4.214405059814453, 4.098525047302246, 4.016118049621582, 3.9048657417297363, 3.831479072570801, 3.73000431060791, 3.6642420291900635, 3.5976674556732178, 3.511841058731079, 3.4532952308654785, 3.400010108947754, 3.3443775177001953, 3.2875959873199463, 3.2336843013763428, 3.18247127532959, 3.1338002681732178, 3.087526798248291, 3.0435187816619873, 3.0016541481018066, 2.961820602416992, 2.9239141941070557, 2.8878393173217773, 2.8535070419311523, 2.820835590362549, 2.789748430252075, 2.7601754665374756, 2.732050895690918, 2.7053139209747314, 2.679908037185669, 2.6557810306549072, 2.6328837871551514, 2.611171007156372, 2.5906004905700684, 2.5711328983306885, 2.55273175239563, 2.53536319732666, 2.518995761871338, 2.5036003589630127, 2.489149808883667, 2.475618839263916, 2.462984800338745, 2.451225996017456, 2.4403228759765625, 2.4302573204040527, 2.421013116836548, 2.4125752449035645, 2.4049298763275146, 2.3980653285980225, 2.391970157623291, 2.3866353034973145, 2.382051944732666, 2.378213405609131, 2.3751137256622314, 2.3727476596832275, 2.371112108230591, 2.370204210281372, 2.370022773742676, 2.3705673217773438, 2.3718388080596924, 2.3738391399383545, 2.3765716552734375, 2.380040168762207, 2.3842501640319824, 2.3892083168029785, 2.3949222564697266, 2.4014008045196533, 2.406933546066284, 2.399351119995117, 2.3584282398223877, 2.187835454940796, 2.02872896194458, 1.9801117181777954, 1.9899388551712036, 2.0004799365997314, 2.0117526054382324, 2.0237765312194824, 2.0365726947784424, 2.050163745880127, 2.0645737648010254, 2.079829692840576, 2.095959424972534, 2.1129934787750244, 2.130964994430542, 2.1499087810516357, 2.169863224029541, 2.190868616104126, 2.2129695415496826, 2.2362124919891357, 2.2606489658355713, 2.2863333225250244, 2.3133246898651123, 2.341686964035034, 2.3714888095855713, 2.402804374694824, 2.43571400642395, 2.4703049659729004, 2.50667142868042, 2.5449156761169434, 2.5851492881774902, 2.627493143081665, 2.67207932472229, 2.701601028442383, 2.7597734928131104, 2.7938308715820312, 2.8550069332122803, 2.8162052631378174, 2.7783498764038086, 2.7512283325195312, 2.7138166427612305, 2.678126335144043, 2.6441619396209717, 2.6118383407592773, 2.5810763835906982, 2.5518033504486084, 2.5239510536193848, 2.4974570274353027, 2.4722630977630615, 2.448314666748047, 2.4255614280700684, 2.403956890106201, 2.383457660675049, 2.364022731781006, 2.3456151485443115, 2.328199625015259, 2.3117434978485107, 2.2962169647216797, 2.2815916538238525, 2.2678418159484863, 2.254943370819092, 2.2428739070892334, 2.2316126823425293, 2.2211410999298096, 2.2114415168762207, 2.202498197555542, 2.19429612159729, 2.1868221759796143, 2.1800646781921387, 2.1740126609802246, 2.168656587600708, 2.163987874984741, 2.1599996089935303, 2.1566853523254395, 2.1540400981903076, 2.15205979347229, 2.1507411003112793, 2.1500823497772217, 2.1500823497772217, 2.1507411003112793, 2.15205979347229, 2.1540400981903076, 2.1566853523254395, 2.1599996089935303, 2.163987874984741, 2.168656587600708, 2.1740126609802246, 2.1800646781921387, 2.1868221759796143, 2.19429612159729, 2.202498197555542, 2.2114415168762207, 2.2211410999298096, 2.2316126823425293, 2.2428739070892334, 2.254943370819092, 2.2678418159484863, 2.2815916538238525, 2.2962169647216797, 2.3117434978485107, 2.328199625015259, 2.3456151485443115, 2.364022731781006, 2.383457660675049, 2.403956890106201, 2.4255614280700684, 2.448314666748047, 2.4722630977630615, 2.4974570274353027, 2.5239510536193848, 2.5518033504486084, 2.5810763835906982, 2.6118383407592773, 2.6441619396209717, 2.678126335144043, 2.7138166427612305, 2.7512283325195312, 2.7907519340515137, 2.832205295562744, 2.875802755355835, 2.9216725826263428, 2.969953775405884, 2.964597225189209, 2.9358389377593994, 2.8964955806732178, 2.8346381187438965, 2.8047714233398438, 2.753108501434326, 2.703108549118042, 2.665257692337036, 2.629246473312378, 2.594979763031006, 2.5623695850372314, 2.531334400177002, 2.5017993450164795, 2.473694324493408, 2.4469552040100098, 2.4446940422058105, 2.5120432376861572, 2.6015636920928955, 2.690200090408325, 2.8051373958587646, 2.8966448307037354, 3.0143775939941406, 3.144172191619873, 3.2631773948669434, 3.425668954849243, 3.5686051845550537, 3.7491037845611572, 3.947828531265259, 3.976558208465576, 3.948622226715088, 3.92912220954895, 3.911005973815918, 3.8942434787750244, 3.8788070678710938, 4.089005947113037, 4.441274166107178, 4.893993854522705, 5.426469326019287, 5.796602249145508, 5.784573078155518, 5.79166316986084, 5.775894641876221, 5.75931453704834, 5.754461288452148, 5.751376152038574, 5.750054836273193, 5.750495433807373, 5.752697944641113, 5.756666660308838, 5.762406349182129, 5.769927501678467, 5.779240131378174, 5.790359973907471, 5.803303241729736, 5.818090915679932, 5.83474588394165, 5.853294372558594, 5.8737664222717285, 5.896193981170654, 5.920614719390869, 5.9470672607421875, 5.975595951080322, 6.006248474121094, 6.039076328277588, 6.074135780334473, 6.111487865447998, 6.15119743347168, 6.193336486816406, 6.237980365753174, 6.28521203994751, 6.335119247436523, 6.387798309326172, 6.443350791931152, 6.50188684463501, 6.563525199890137, 6.628393173217773, 6.696628093719482, 6.76837682723999, 6.843799114227295, 6.923065662384033, 7.00636100769043, 7.093884468078613, 7.185851573944092, 7.282494068145752, 7.384064197540283, 7.490835189819336, 7.60310173034668, 7.586904048919678, 7.463397979736328, 7.309816360473633, 7.1820878982543945, 7.062735080718994, 6.945906162261963, 6.8349385261535645, 6.729489803314209, 6.629244804382324, 6.533914566040039, 6.443233489990234, 6.356955051422119, 6.274853229522705, 6.196719169616699, 6.122359275817871, 6.0515947341918945, 5.984259128570557, 5.920198917388916, 5.859272003173828, 5.801344871520996, 5.7462944984436035, 5.694007396697998, 5.644376277923584, 5.597302436828613, 5.552694320678711, 5.5104660987854, 5.470538139343262, 5.432837009429932, 5.397294044494629, 5.363845348358154, 5.332431793212891, 5.302999019622803, 5.275496482849121, 5.249877452850342, 5.226099014282227, 5.204122066497803, 5.183910369873047, 5.165431499481201, 5.148654937744141, 5.133554458618164, 5.120106220245361, 5.108288764953613, 5.09808349609375, 5.089475154876709, 5.082449436187744, 5.076996803283691, 5.073107719421387, 5.070776462554932, 5.070000171661377]
intensities: [0.0, 0.0, 0.0, 0.0, 0.0, 0.0, 0.0, 0.0, 0.0, 0.0, 0.0, 0.0, 0.0, 0.0, 0.0, 0.0, 0.0, 0.0, 0.0, 0.0, 0.0, 0.0, 0.0, 0.0, 0.0, 0.0, 0.0, 0.0, 0.0, 0.0, 0.0, 0.0, 0.0, 0.0, 0.0, 0.0, 0.0, 0.0, 0.0, 0.0, 0.0, 0.0, 0.0, 0.0, 0.0, 0.0, 0.0, 0.0, 0.0, 0.0, 0.0, 0.0, 0.0, 0.0, 0.0, 0.0, 0.0, 0.0, 0.0, 0.0, 0.0, 0.0, 0.0, 0.0, 0.0, 0.0, 0.0, 0.0, 0.0, 0.0, 0.0, 0.0, 0.0, 0.0, 0.0, 0.0, 0.0, 0.0, 0.0, 0.0, 0.0, 0.0, 0.0, 0.0, 0.0, 0.0, 0.0, 0.0, 0.0, 0.0, 0.0, 0.0, 0.0, 0.0, 0.0, 0.0, 0.0, 0.0, 0.0, 0.0, 0.0, 0.0, 0.0, 0.0, 0.0, 0.0, 0.0, 0.0, 0.0, 0.0, 0.0, 0.0, 0.0, 0.0, 0.0, 0.0, 0.0, 0.0, 0.0, 0.0, 0.0, 0.0, 0.0, 0.0, 0.0, 0.0, 0.0, 0.0, 0.0, 0.0, 0.0, 0.0, 0.0, 0.0, 0.0, 0.0, 0.0, 0.0, 0.0, 0.0, 0.0, 0.0, 0.0, 0.0, 0.0, 0.0, 0.0, 0.0, 0.0, 0.0, 0.0, 0.0, 0.0, 0.0, 0.0, 0.0, 0.0, 0.0, 0.0, 0.0, 0.0, 0.0, 0.0, 0.0, 0.0, 0.0, 0.0, 0.0, 0.0, 0.0, 0.0, 0.0, 0.0, 0.0, 0.0, 0.0, 0.0, 0.0, 0.0, 0.0, 0.0, 0.0, 0.0, 0.0, 0.0, 0.0, 0.0, 0.0, 0.0, 0.0, 0.0, 0.0, 0.0, 0.0, 0.0, 0.0, 0.0, 0.0, 0.0, 0.0, 0.0, 0.0, 0.0, 0.0, 0.0, 0.0, 0.0, 0.0, 0.0, 0.0, 0.0, 0.0, 0.0, 0.0, 0.0, 0.0, 0.0, 0.0, 0.0, 0.0, 0.0, 0.0, 0.0, 0.0, 0.0, 0.0, 0.0, 0.0, 0.0, 0.0, 0.0, 0.0, 0.0, 0.0, 0.0, 0.0, 0.0, 0.0, 0.0, 0.0, 0.0, 0.0, 0.0, 0.0, 0.0, 0.0, 0.0, 0.0, 0.0, 0.0, 0.0, 0.0, 0.0, 0.0, 0.0, 0.0, 0.0, 0.0, 0.0, 0.0, 0.0, 0.0, 0.0, 0.0, 0.0, 0.0, 0.0, 0.0, 0.0, 0.0, 0.0, 0.0, 0.0, 0.0, 0.0, 0.0, 0.0, 0.0, 0.0, 0.0, 0.0, 0.0, 0.0, 0.0, 0.0, 0.0, 0.0, 0.0, 0.0, 0.0, 0.0, 0.0, 0.0, 0.0, 0.0, 0.0, 0.0, 0.0, 0.0, 0.0, 0.0, 0.0, 0.0, 0.0, 0.0, 0.0, 0.0, 0.0, 0.0, 0.0, 0.0, 0.0, 0.0, 0.0, 0.0, 0.0, 0.0, 0.0, 0.0, 0.0, 0.0, 0.0, 0.0, 0.0, 0.0, 0.0, 0.0, 0.0, 0.0, 0.0, 0.0, 0.0, 0.0, 0.0, 0.0, 0.0, 0.0, 0.0, 0.0, 0.0, 0.0, 0.0, 0.0, 0.0, 0.0, 0.0, 0.0, 0.0, 0.0, 0.0, 0.0, 0.0, 0.0, 0.0, 0.0, 0.0, 0.0, 0.0, 0.0, 0.0]
---
header: 
  seq: 118
  stamp: 
    secs: 11
    nsecs: 900000000
  frame_id: "base_laser_link"
angle_min: -3.14159274101
angle_max: 3.14159274101
angle_increment: 0.0175019092858
time_increment: 0.0
scan_time: 0.0
range_min: 0.15000000596
range_max: 16.0
ranges: [5.070000171661377, 5.070776462554932, 5.073107719421387, 5.076996803283691, 5.082449436187744, 5.089475154876709, 5.09808349609375, 5.108288764953613, 5.120106220245361, 5.133554458618164, 5.148654937744141, 5.165431499481201, 5.183910369873047, 5.204122066497803, 5.226099014282227, 5.249877452850342, 5.275496482849121, 5.302999019622803, 5.332431793212891, 5.363845348358154, 5.397294044494629, 5.432837009429932, 5.487962245941162, 5.52557373046875, 5.57220458984375, 5.460978031158447, 5.363187789916992, 5.191515922546387, 5.007302761077881, 4.859184265136719, 4.71619987487793, 4.580355644226074, 4.436871528625488, 4.314455986022949, 4.214405059814453, 4.098525047302246, 4.016118049621582, 3.9048657417297363, 3.831479072570801, 3.73000431060791, 3.6642420291900635, 3.5976674556732178, 3.511841058731079, 3.4532952308654785, 3.400010108947754, 3.3443775177001953, 3.2875959873199463, 3.2336843013763428, 3.18247127532959, 3.1338002681732178, 3.087526798248291, 3.0435187816619873, 3.0016541481018066, 2.961820602416992, 2.9239141941070557, 2.8878393173217773, 2.8535070419311523, 2.820835590362549, 2.789748430252075, 2.7601754665374756, 2.732050895690918, 2.7053139209747314, 2.679908037185669, 2.6557810306549072, 2.6328837871551514, 2.611171007156372, 2.5906004905700684, 2.5711328983306885, 2.55273175239563, 2.53536319732666, 2.518995761871338, 2.5036003589630127, 2.489149808883667, 2.475618839263916, 2.462984800338745, 2.451225996017456, 2.4403228759765625, 2.4302573204040527, 2.421013116836548, 2.4125752449035645, 2.4049298763275146, 2.3980653285980225, 2.391970157623291, 2.3866353034973145, 2.382051944732666, 2.378213405609131, 2.3751137256622314, 2.3727476596832275, 2.371112108230591, 2.370204210281372, 2.370022773742676, 2.3705673217773438, 2.3718388080596924, 2.3738391399383545, 2.3765716552734375, 2.380040168762207, 2.3842501640319824, 2.3892083168029785, 2.3949222564697266, 2.4014008045196533, 2.406933546066284, 2.399351119995117, 2.3584282398223877, 2.187835454940796, 2.02872896194458, 1.9801117181777954, 1.9899388551712036, 2.0004799365997314, 2.0117526054382324, 2.0237765312194824, 2.0365726947784424, 2.050163745880127, 2.0645737648010254, 2.079829692840576, 2.095959424972534, 2.1129934787750244, 2.130964994430542, 2.1499087810516357, 2.169863224029541, 2.190868616104126, 2.2129695415496826, 2.2362124919891357, 2.2606489658355713, 2.2863333225250244, 2.3133246898651123, 2.341686964035034, 2.3714888095855713, 2.402804374694824, 2.43571400642395, 2.4703049659729004, 2.50667142868042, 2.5449156761169434, 2.5851492881774902, 2.627493143081665, 2.67207932472229, 2.701601028442383, 2.7597734928131104, 2.7938308715820312, 2.8550069332122803, 2.8162052631378174, 2.7783498764038086, 2.7512283325195312, 2.7138166427612305, 2.678126335144043, 2.6441619396209717, 2.6118383407592773, 2.5810763835906982, 2.5518033504486084, 2.5239510536193848, 2.4974570274353027, 2.4722630977630615, 2.448314666748047, 2.4255614280700684, 2.403956890106201, 2.383457660675049, 2.364022731781006, 2.3456151485443115, 2.328199625015259, 2.3117434978485107, 2.2962169647216797, 2.2815916538238525, 2.2678418159484863, 2.254943370819092, 2.2428739070892334, 2.2316126823425293, 2.2211410999298096, 2.2114415168762207, 2.202498197555542, 2.19429612159729, 2.1868221759796143, 2.1800646781921387, 2.1740126609802246, 2.168656587600708, 2.163987874984741, 2.1599996089935303, 2.1566853523254395, 2.1540400981903076, 2.15205979347229, 2.1507411003112793, 2.1500823497772217, 2.1500823497772217, 2.1507411003112793, 2.15205979347229, 2.1540400981903076, 2.1566853523254395, 2.1599996089935303, 2.163987874984741, 2.168656587600708, 2.1740126609802246, 2.1800646781921387, 2.1868221759796143, 2.19429612159729, 2.202498197555542, 2.2114415168762207, 2.2211410999298096, 2.2316126823425293, 2.2428739070892334, 2.254943370819092, 2.2678418159484863, 2.2815916538238525, 2.2962169647216797, 2.3117434978485107, 2.328199625015259, 2.3456151485443115, 2.364022731781006, 2.383457660675049, 2.403956890106201, 2.4255614280700684, 2.448314666748047, 2.4722630977630615, 2.4974570274353027, 2.5239510536193848, 2.5518033504486084, 2.5810763835906982, 2.6118383407592773, 2.6441619396209717, 2.678126335144043, 2.7138166427612305, 2.7512283325195312, 2.7907519340515137, 2.832205295562744, 2.875802755355835, 2.9216725826263428, 2.969953775405884, 2.964597225189209, 2.9358389377593994, 2.8964955806732178, 2.8346381187438965, 2.8047714233398438, 2.753108501434326, 2.703108549118042, 2.665257692337036, 2.629246473312378, 2.594979763031006, 2.5623695850372314, 2.531334400177002, 2.5017993450164795, 2.473694324493408, 2.4469552040100098, 2.4446940422058105, 2.5120432376861572, 2.6015636920928955, 2.690200090408325, 2.8051373958587646, 2.8966448307037354, 3.0143775939941406, 3.144172191619873, 3.2631773948669434, 3.425668954849243, 3.5686051845550537, 3.7491037845611572, 3.947828531265259, 3.976558208465576, 3.948622226715088, 3.92912220954895, 3.911005973815918, 3.8942434787750244, 3.8788070678710938, 4.089005947113037, 4.441274166107178, 4.893993854522705, 5.426469326019287, 5.796602249145508, 5.784573078155518, 5.79166316986084, 5.775894641876221, 5.75931453704834, 5.754461288452148, 5.751376152038574, 5.750054836273193, 5.750495433807373, 5.752697944641113, 5.756666660308838, 5.762406349182129, 5.769927501678467, 5.779240131378174, 5.790359973907471, 5.803303241729736, 5.818090915679932, 5.83474588394165, 5.853294372558594, 5.8737664222717285, 5.896193981170654, 5.920614719390869, 5.9470672607421875, 5.975595951080322, 6.006248474121094, 6.039076328277588, 6.074135780334473, 6.111487865447998, 6.15119743347168, 6.193336486816406, 6.237980365753174, 6.28521203994751, 6.335119247436523, 6.387798309326172, 6.443350791931152, 6.50188684463501, 6.563525199890137, 6.628393173217773, 6.696628093719482, 6.76837682723999, 6.843799114227295, 6.923065662384033, 7.00636100769043, 7.093884468078613, 7.185851573944092, 7.282494068145752, 7.384064197540283, 7.490835189819336, 7.60310173034668, 7.586904048919678, 7.463397979736328, 7.309816360473633, 7.1820878982543945, 7.062735080718994, 6.945906162261963, 6.8349385261535645, 6.729489803314209, 6.629244804382324, 6.533914566040039, 6.443233489990234, 6.356955051422119, 6.274853229522705, 6.196719169616699, 6.122359275817871, 6.0515947341918945, 5.984259128570557, 5.920198917388916, 5.859272003173828, 5.801344871520996, 5.7462944984436035, 5.694007396697998, 5.644376277923584, 5.597302436828613, 5.552694320678711, 5.5104660987854, 5.470538139343262, 5.432837009429932, 5.397294044494629, 5.363845348358154, 5.332431793212891, 5.302999019622803, 5.275496482849121, 5.249877452850342, 5.226099014282227, 5.204122066497803, 5.183910369873047, 5.165431499481201, 5.148654937744141, 5.133554458618164, 5.120106220245361, 5.108288764953613, 5.09808349609375, 5.089475154876709, 5.082449436187744, 5.076996803283691, 5.073107719421387, 5.070776462554932, 5.070000171661377]
intensities: [0.0, 0.0, 0.0, 0.0, 0.0, 0.0, 0.0, 0.0, 0.0, 0.0, 0.0, 0.0, 0.0, 0.0, 0.0, 0.0, 0.0, 0.0, 0.0, 0.0, 0.0, 0.0, 0.0, 0.0, 0.0, 0.0, 0.0, 0.0, 0.0, 0.0, 0.0, 0.0, 0.0, 0.0, 0.0, 0.0, 0.0, 0.0, 0.0, 0.0, 0.0, 0.0, 0.0, 0.0, 0.0, 0.0, 0.0, 0.0, 0.0, 0.0, 0.0, 0.0, 0.0, 0.0, 0.0, 0.0, 0.0, 0.0, 0.0, 0.0, 0.0, 0.0, 0.0, 0.0, 0.0, 0.0, 0.0, 0.0, 0.0, 0.0, 0.0, 0.0, 0.0, 0.0, 0.0, 0.0, 0.0, 0.0, 0.0, 0.0, 0.0, 0.0, 0.0, 0.0, 0.0, 0.0, 0.0, 0.0, 0.0, 0.0, 0.0, 0.0, 0.0, 0.0, 0.0, 0.0, 0.0, 0.0, 0.0, 0.0, 0.0, 0.0, 0.0, 0.0, 0.0, 0.0, 0.0, 0.0, 0.0, 0.0, 0.0, 0.0, 0.0, 0.0, 0.0, 0.0, 0.0, 0.0, 0.0, 0.0, 0.0, 0.0, 0.0, 0.0, 0.0, 0.0, 0.0, 0.0, 0.0, 0.0, 0.0, 0.0, 0.0, 0.0, 0.0, 0.0, 0.0, 0.0, 0.0, 0.0, 0.0, 0.0, 0.0, 0.0, 0.0, 0.0, 0.0, 0.0, 0.0, 0.0, 0.0, 0.0, 0.0, 0.0, 0.0, 0.0, 0.0, 0.0, 0.0, 0.0, 0.0, 0.0, 0.0, 0.0, 0.0, 0.0, 0.0, 0.0, 0.0, 0.0, 0.0, 0.0, 0.0, 0.0, 0.0, 0.0, 0.0, 0.0, 0.0, 0.0, 0.0, 0.0, 0.0, 0.0, 0.0, 0.0, 0.0, 0.0, 0.0, 0.0, 0.0, 0.0, 0.0, 0.0, 0.0, 0.0, 0.0, 0.0, 0.0, 0.0, 0.0, 0.0, 0.0, 0.0, 0.0, 0.0, 0.0, 0.0, 0.0, 0.0, 0.0, 0.0, 0.0, 0.0, 0.0, 0.0, 0.0, 0.0, 0.0, 0.0, 0.0, 0.0, 0.0, 0.0, 0.0, 0.0, 0.0, 0.0, 0.0, 0.0, 0.0, 0.0, 0.0, 0.0, 0.0, 0.0, 0.0, 0.0, 0.0, 0.0, 0.0, 0.0, 0.0, 0.0, 0.0, 0.0, 0.0, 0.0, 0.0, 0.0, 0.0, 0.0, 0.0, 0.0, 0.0, 0.0, 0.0, 0.0, 0.0, 0.0, 0.0, 0.0, 0.0, 0.0, 0.0, 0.0, 0.0, 0.0, 0.0, 0.0, 0.0, 0.0, 0.0, 0.0, 0.0, 0.0, 0.0, 0.0, 0.0, 0.0, 0.0, 0.0, 0.0, 0.0, 0.0, 0.0, 0.0, 0.0, 0.0, 0.0, 0.0, 0.0, 0.0, 0.0, 0.0, 0.0, 0.0, 0.0, 0.0, 0.0, 0.0, 0.0, 0.0, 0.0, 0.0, 0.0, 0.0, 0.0, 0.0, 0.0, 0.0, 0.0, 0.0, 0.0, 0.0, 0.0, 0.0, 0.0, 0.0, 0.0, 0.0, 0.0, 0.0, 0.0, 0.0, 0.0, 0.0, 0.0, 0.0, 0.0, 0.0, 0.0, 0.0, 0.0, 0.0, 0.0, 0.0, 0.0, 0.0, 0.0, 0.0, 0.0, 0.0, 0.0, 0.0, 0.0, 0.0, 0.0, 0.0, 0.0, 0.0, 0.0, 0.0, 0.0, 0.0, 0.0, 0.0, 0.0, 0.0, 0.0]
---
header: 
  seq: 119
  stamp: 
    secs: 12
    nsecs:         0
  frame_id: "base_laser_link"
angle_min: -3.14159274101
angle_max: 3.14159274101
angle_increment: 0.0175019092858
time_increment: 0.0
scan_time: 0.0
range_min: 0.15000000596
range_max: 16.0
ranges: [5.070000171661377, 5.070776462554932, 5.073107719421387, 5.076996803283691, 5.082449436187744, 5.089475154876709, 5.09808349609375, 5.108288764953613, 5.120106220245361, 5.133554458618164, 5.148654937744141, 5.165431499481201, 5.183910369873047, 5.204122066497803, 5.226099014282227, 5.249877452850342, 5.275496482849121, 5.302999019622803, 5.332431793212891, 5.363845348358154, 5.397294044494629, 5.432837009429932, 5.487962245941162, 5.52557373046875, 5.57220458984375, 5.460978031158447, 5.363187789916992, 5.191515922546387, 5.007302761077881, 4.859184265136719, 4.71619987487793, 4.580355644226074, 4.436871528625488, 4.314455986022949, 4.214405059814453, 4.098525047302246, 4.016118049621582, 3.9048657417297363, 3.831479072570801, 3.73000431060791, 3.6642420291900635, 3.5976674556732178, 3.511841058731079, 3.4532952308654785, 3.400010108947754, 3.3443775177001953, 3.2875959873199463, 3.2336843013763428, 3.18247127532959, 3.1338002681732178, 3.087526798248291, 3.0435187816619873, 3.0016541481018066, 2.961820602416992, 2.9239141941070557, 2.8878393173217773, 2.8535070419311523, 2.820835590362549, 2.789748430252075, 2.7601754665374756, 2.732050895690918, 2.7053139209747314, 2.679908037185669, 2.6557810306549072, 2.6328837871551514, 2.611171007156372, 2.5906004905700684, 2.5711328983306885, 2.55273175239563, 2.53536319732666, 2.518995761871338, 2.5036003589630127, 2.489149808883667, 2.475618839263916, 2.462984800338745, 2.451225996017456, 2.4403228759765625, 2.4302573204040527, 2.421013116836548, 2.4125752449035645, 2.4049298763275146, 2.3980653285980225, 2.391970157623291, 2.3866353034973145, 2.382051944732666, 2.378213405609131, 2.3751137256622314, 2.3727476596832275, 2.371112108230591, 2.370204210281372, 2.370022773742676, 2.3705673217773438, 2.3718388080596924, 2.3738391399383545, 2.3765716552734375, 2.380040168762207, 2.3842501640319824, 2.3892083168029785, 2.3949222564697266, 2.4014008045196533, 2.406933546066284, 2.399351119995117, 2.3584282398223877, 2.187835454940796, 2.02872896194458, 1.9801117181777954, 1.9899388551712036, 2.0004799365997314, 2.0117526054382324, 2.0237765312194824, 2.0365726947784424, 2.050163745880127, 2.0645737648010254, 2.079829692840576, 2.095959424972534, 2.1129934787750244, 2.130964994430542, 2.1499087810516357, 2.169863224029541, 2.190868616104126, 2.2129695415496826, 2.2362124919891357, 2.2606489658355713, 2.2863333225250244, 2.3133246898651123, 2.341686964035034, 2.3714888095855713, 2.402804374694824, 2.43571400642395, 2.4703049659729004, 2.50667142868042, 2.5449156761169434, 2.5851492881774902, 2.627493143081665, 2.67207932472229, 2.701601028442383, 2.7597734928131104, 2.7938308715820312, 2.8550069332122803, 2.8162052631378174, 2.7783498764038086, 2.7512283325195312, 2.7138166427612305, 2.678126335144043, 2.6441619396209717, 2.6118383407592773, 2.5810763835906982, 2.5518033504486084, 2.5239510536193848, 2.4974570274353027, 2.4722630977630615, 2.448314666748047, 2.4255614280700684, 2.403956890106201, 2.383457660675049, 2.364022731781006, 2.3456151485443115, 2.328199625015259, 2.3117434978485107, 2.2962169647216797, 2.2815916538238525, 2.2678418159484863, 2.254943370819092, 2.2428739070892334, 2.2316126823425293, 2.2211410999298096, 2.2114415168762207, 2.202498197555542, 2.19429612159729, 2.1868221759796143, 2.1800646781921387, 2.1740126609802246, 2.168656587600708, 2.163987874984741, 2.1599996089935303, 2.1566853523254395, 2.1540400981903076, 2.15205979347229, 2.1507411003112793, 2.1500823497772217, 2.1500823497772217, 2.1507411003112793, 2.15205979347229, 2.1540400981903076, 2.1566853523254395, 2.1599996089935303, 2.163987874984741, 2.168656587600708, 2.1740126609802246, 2.1800646781921387, 2.1868221759796143, 2.19429612159729, 2.202498197555542, 2.2114415168762207, 2.2211410999298096, 2.2316126823425293, 2.2428739070892334, 2.254943370819092, 2.2678418159484863, 2.2815916538238525, 2.2962169647216797, 2.3117434978485107, 2.328199625015259, 2.3456151485443115, 2.364022731781006, 2.383457660675049, 2.403956890106201, 2.4255614280700684, 2.448314666748047, 2.4722630977630615, 2.4974570274353027, 2.5239510536193848, 2.5518033504486084, 2.5810763835906982, 2.6118383407592773, 2.6441619396209717, 2.678126335144043, 2.7138166427612305, 2.7512283325195312, 2.7907519340515137, 2.832205295562744, 2.875802755355835, 2.9216725826263428, 2.969953775405884, 2.964597225189209, 2.9358389377593994, 2.8964955806732178, 2.8346381187438965, 2.8047714233398438, 2.753108501434326, 2.703108549118042, 2.665257692337036, 2.629246473312378, 2.594979763031006, 2.5623695850372314, 2.531334400177002, 2.5017993450164795, 2.473694324493408, 2.4469552040100098, 2.4446940422058105, 2.5120432376861572, 2.6015636920928955, 2.690200090408325, 2.8051373958587646, 2.8966448307037354, 3.0143775939941406, 3.144172191619873, 3.2631773948669434, 3.425668954849243, 3.5686051845550537, 3.7491037845611572, 3.947828531265259, 3.976558208465576, 3.948622226715088, 3.92912220954895, 3.911005973815918, 3.8942434787750244, 3.8788070678710938, 4.089005947113037, 4.441274166107178, 4.893993854522705, 5.426469326019287, 5.796602249145508, 5.784573078155518, 5.79166316986084, 5.775894641876221, 5.75931453704834, 5.754461288452148, 5.751376152038574, 5.750054836273193, 5.750495433807373, 5.752697944641113, 5.756666660308838, 5.762406349182129, 5.769927501678467, 5.779240131378174, 5.790359973907471, 5.803303241729736, 5.818090915679932, 5.83474588394165, 5.853294372558594, 5.8737664222717285, 5.896193981170654, 5.920614719390869, 5.9470672607421875, 5.975595951080322, 6.006248474121094, 6.039076328277588, 6.074135780334473, 6.111487865447998, 6.15119743347168, 6.193336486816406, 6.237980365753174, 6.28521203994751, 6.335119247436523, 6.387798309326172, 6.443350791931152, 6.50188684463501, 6.563525199890137, 6.628393173217773, 6.696628093719482, 6.76837682723999, 6.843799114227295, 6.923065662384033, 7.00636100769043, 7.093884468078613, 7.185851573944092, 7.282494068145752, 7.384064197540283, 7.490835189819336, 7.60310173034668, 7.586904048919678, 7.463397979736328, 7.309816360473633, 7.1820878982543945, 7.062735080718994, 6.945906162261963, 6.8349385261535645, 6.729489803314209, 6.629244804382324, 6.533914566040039, 6.443233489990234, 6.356955051422119, 6.274853229522705, 6.196719169616699, 6.122359275817871, 6.0515947341918945, 5.984259128570557, 5.920198917388916, 5.859272003173828, 5.801344871520996, 5.7462944984436035, 5.694007396697998, 5.644376277923584, 5.597302436828613, 5.552694320678711, 5.5104660987854, 5.470538139343262, 5.432837009429932, 5.397294044494629, 5.363845348358154, 5.332431793212891, 5.302999019622803, 5.275496482849121, 5.249877452850342, 5.226099014282227, 5.204122066497803, 5.183910369873047, 5.165431499481201, 5.148654937744141, 5.133554458618164, 5.120106220245361, 5.108288764953613, 5.09808349609375, 5.089475154876709, 5.082449436187744, 5.076996803283691, 5.073107719421387, 5.070776462554932, 5.070000171661377]
intensities: [0.0, 0.0, 0.0, 0.0, 0.0, 0.0, 0.0, 0.0, 0.0, 0.0, 0.0, 0.0, 0.0, 0.0, 0.0, 0.0, 0.0, 0.0, 0.0, 0.0, 0.0, 0.0, 0.0, 0.0, 0.0, 0.0, 0.0, 0.0, 0.0, 0.0, 0.0, 0.0, 0.0, 0.0, 0.0, 0.0, 0.0, 0.0, 0.0, 0.0, 0.0, 0.0, 0.0, 0.0, 0.0, 0.0, 0.0, 0.0, 0.0, 0.0, 0.0, 0.0, 0.0, 0.0, 0.0, 0.0, 0.0, 0.0, 0.0, 0.0, 0.0, 0.0, 0.0, 0.0, 0.0, 0.0, 0.0, 0.0, 0.0, 0.0, 0.0, 0.0, 0.0, 0.0, 0.0, 0.0, 0.0, 0.0, 0.0, 0.0, 0.0, 0.0, 0.0, 0.0, 0.0, 0.0, 0.0, 0.0, 0.0, 0.0, 0.0, 0.0, 0.0, 0.0, 0.0, 0.0, 0.0, 0.0, 0.0, 0.0, 0.0, 0.0, 0.0, 0.0, 0.0, 0.0, 0.0, 0.0, 0.0, 0.0, 0.0, 0.0, 0.0, 0.0, 0.0, 0.0, 0.0, 0.0, 0.0, 0.0, 0.0, 0.0, 0.0, 0.0, 0.0, 0.0, 0.0, 0.0, 0.0, 0.0, 0.0, 0.0, 0.0, 0.0, 0.0, 0.0, 0.0, 0.0, 0.0, 0.0, 0.0, 0.0, 0.0, 0.0, 0.0, 0.0, 0.0, 0.0, 0.0, 0.0, 0.0, 0.0, 0.0, 0.0, 0.0, 0.0, 0.0, 0.0, 0.0, 0.0, 0.0, 0.0, 0.0, 0.0, 0.0, 0.0, 0.0, 0.0, 0.0, 0.0, 0.0, 0.0, 0.0, 0.0, 0.0, 0.0, 0.0, 0.0, 0.0, 0.0, 0.0, 0.0, 0.0, 0.0, 0.0, 0.0, 0.0, 0.0, 0.0, 0.0, 0.0, 0.0, 0.0, 0.0, 0.0, 0.0, 0.0, 0.0, 0.0, 0.0, 0.0, 0.0, 0.0, 0.0, 0.0, 0.0, 0.0, 0.0, 0.0, 0.0, 0.0, 0.0, 0.0, 0.0, 0.0, 0.0, 0.0, 0.0, 0.0, 0.0, 0.0, 0.0, 0.0, 0.0, 0.0, 0.0, 0.0, 0.0, 0.0, 0.0, 0.0, 0.0, 0.0, 0.0, 0.0, 0.0, 0.0, 0.0, 0.0, 0.0, 0.0, 0.0, 0.0, 0.0, 0.0, 0.0, 0.0, 0.0, 0.0, 0.0, 0.0, 0.0, 0.0, 0.0, 0.0, 0.0, 0.0, 0.0, 0.0, 0.0, 0.0, 0.0, 0.0, 0.0, 0.0, 0.0, 0.0, 0.0, 0.0, 0.0, 0.0, 0.0, 0.0, 0.0, 0.0, 0.0, 0.0, 0.0, 0.0, 0.0, 0.0, 0.0, 0.0, 0.0, 0.0, 0.0, 0.0, 0.0, 0.0, 0.0, 0.0, 0.0, 0.0, 0.0, 0.0, 0.0, 0.0, 0.0, 0.0, 0.0, 0.0, 0.0, 0.0, 0.0, 0.0, 0.0, 0.0, 0.0, 0.0, 0.0, 0.0, 0.0, 0.0, 0.0, 0.0, 0.0, 0.0, 0.0, 0.0, 0.0, 0.0, 0.0, 0.0, 0.0, 0.0, 0.0, 0.0, 0.0, 0.0, 0.0, 0.0, 0.0, 0.0, 0.0, 0.0, 0.0, 0.0, 0.0, 0.0, 0.0, 0.0, 0.0, 0.0, 0.0, 0.0, 0.0, 0.0, 0.0, 0.0, 0.0, 0.0, 0.0, 0.0, 0.0, 0.0, 0.0, 0.0, 0.0, 0.0, 0.0]
---
header: 
  seq: 120
  stamp: 
    secs: 12
    nsecs: 100000000
  frame_id: "base_laser_link"
angle_min: -3.14159274101
angle_max: 3.14159274101
angle_increment: 0.0175019092858
time_increment: 0.0
scan_time: 0.0
range_min: 0.15000000596
range_max: 16.0
ranges: [5.070000171661377, 5.070776462554932, 5.073107719421387, 5.076996803283691, 5.082449436187744, 5.089475154876709, 5.09808349609375, 5.108288764953613, 5.120106220245361, 5.133554458618164, 5.148654937744141, 5.165431499481201, 5.183910369873047, 5.204122066497803, 5.226099014282227, 5.249877452850342, 5.275496482849121, 5.302999019622803, 5.332431793212891, 5.363845348358154, 5.397294044494629, 5.432837009429932, 5.487962245941162, 5.52557373046875, 5.57220458984375, 5.460978031158447, 5.363187789916992, 5.191515922546387, 5.007302761077881, 4.859184265136719, 4.71619987487793, 4.580355644226074, 4.436871528625488, 4.314455986022949, 4.214405059814453, 4.098525047302246, 4.016118049621582, 3.9048657417297363, 3.831479072570801, 3.73000431060791, 3.6642420291900635, 3.5976674556732178, 3.511841058731079, 3.4532952308654785, 3.400010108947754, 3.3443775177001953, 3.2875959873199463, 3.2336843013763428, 3.18247127532959, 3.1338002681732178, 3.087526798248291, 3.0435187816619873, 3.0016541481018066, 2.961820602416992, 2.9239141941070557, 2.8878393173217773, 2.8535070419311523, 2.820835590362549, 2.789748430252075, 2.7601754665374756, 2.732050895690918, 2.7053139209747314, 2.679908037185669, 2.6557810306549072, 2.6328837871551514, 2.611171007156372, 2.5906004905700684, 2.5711328983306885, 2.55273175239563, 2.53536319732666, 2.518995761871338, 2.5036003589630127, 2.489149808883667, 2.475618839263916, 2.462984800338745, 2.451225996017456, 2.4403228759765625, 2.4302573204040527, 2.421013116836548, 2.4125752449035645, 2.4049298763275146, 2.3980653285980225, 2.391970157623291, 2.3866353034973145, 2.382051944732666, 2.378213405609131, 2.3751137256622314, 2.3727476596832275, 2.371112108230591, 2.370204210281372, 2.370022773742676, 2.3705673217773438, 2.3718388080596924, 2.3738391399383545, 2.3765716552734375, 2.380040168762207, 2.3842501640319824, 2.3892083168029785, 2.3949222564697266, 2.4014008045196533, 2.406933546066284, 2.399351119995117, 2.3584282398223877, 2.187835454940796, 2.02872896194458, 1.9801117181777954, 1.9899388551712036, 2.0004799365997314, 2.0117526054382324, 2.0237765312194824, 2.0365726947784424, 2.050163745880127, 2.0645737648010254, 2.079829692840576, 2.095959424972534, 2.1129934787750244, 2.130964994430542, 2.1499087810516357, 2.169863224029541, 2.190868616104126, 2.2129695415496826, 2.2362124919891357, 2.2606489658355713, 2.2863333225250244, 2.3133246898651123, 2.341686964035034, 2.3714888095855713, 2.402804374694824, 2.43571400642395, 2.4703049659729004, 2.50667142868042, 2.5449156761169434, 2.5851492881774902, 2.627493143081665, 2.67207932472229, 2.701601028442383, 2.7597734928131104, 2.7938308715820312, 2.8550069332122803, 2.8162052631378174, 2.7783498764038086, 2.7512283325195312, 2.7138166427612305, 2.678126335144043, 2.6441619396209717, 2.6118383407592773, 2.5810763835906982, 2.5518033504486084, 2.5239510536193848, 2.4974570274353027, 2.4722630977630615, 2.448314666748047, 2.4255614280700684, 2.403956890106201, 2.383457660675049, 2.364022731781006, 2.3456151485443115, 2.328199625015259, 2.3117434978485107, 2.2962169647216797, 2.2815916538238525, 2.2678418159484863, 2.254943370819092, 2.2428739070892334, 2.2316126823425293, 2.2211410999298096, 2.2114415168762207, 2.202498197555542, 2.19429612159729, 2.1868221759796143, 2.1800646781921387, 2.1740126609802246, 2.168656587600708, 2.163987874984741, 2.1599996089935303, 2.1566853523254395, 2.1540400981903076, 2.15205979347229, 2.1507411003112793, 2.1500823497772217, 2.1500823497772217, 2.1507411003112793, 2.15205979347229, 2.1540400981903076, 2.1566853523254395, 2.1599996089935303, 2.163987874984741, 2.168656587600708, 2.1740126609802246, 2.1800646781921387, 2.1868221759796143, 2.19429612159729, 2.202498197555542, 2.2114415168762207, 2.2211410999298096, 2.2316126823425293, 2.2428739070892334, 2.254943370819092, 2.2678418159484863, 2.2815916538238525, 2.2962169647216797, 2.3117434978485107, 2.328199625015259, 2.3456151485443115, 2.364022731781006, 2.383457660675049, 2.403956890106201, 2.4255614280700684, 2.448314666748047, 2.4722630977630615, 2.4974570274353027, 2.5239510536193848, 2.5518033504486084, 2.5810763835906982, 2.6118383407592773, 2.6441619396209717, 2.678126335144043, 2.7138166427612305, 2.7512283325195312, 2.7907519340515137, 2.832205295562744, 2.875802755355835, 2.9216725826263428, 2.969953775405884, 2.964597225189209, 2.9358389377593994, 2.8964955806732178, 2.8346381187438965, 2.8047714233398438, 2.753108501434326, 2.703108549118042, 2.665257692337036, 2.629246473312378, 2.594979763031006, 2.5623695850372314, 2.531334400177002, 2.5017993450164795, 2.473694324493408, 2.4469552040100098, 2.4446940422058105, 2.5120432376861572, 2.6015636920928955, 2.690200090408325, 2.8051373958587646, 2.8966448307037354, 3.0143775939941406, 3.144172191619873, 3.2631773948669434, 3.425668954849243, 3.5686051845550537, 3.7491037845611572, 3.947828531265259, 3.976558208465576, 3.948622226715088, 3.92912220954895, 3.911005973815918, 3.8942434787750244, 3.8788070678710938, 4.089005947113037, 4.441274166107178, 4.893993854522705, 5.426469326019287, 5.796602249145508, 5.784573078155518, 5.79166316986084, 5.775894641876221, 5.75931453704834, 5.754461288452148, 5.751376152038574, 5.750054836273193, 5.750495433807373, 5.752697944641113, 5.756666660308838, 5.762406349182129, 5.769927501678467, 5.779240131378174, 5.790359973907471, 5.803303241729736, 5.818090915679932, 5.83474588394165, 5.853294372558594, 5.8737664222717285, 5.896193981170654, 5.920614719390869, 5.9470672607421875, 5.975595951080322, 6.006248474121094, 6.039076328277588, 6.074135780334473, 6.111487865447998, 6.15119743347168, 6.193336486816406, 6.237980365753174, 6.28521203994751, 6.335119247436523, 6.387798309326172, 6.443350791931152, 6.50188684463501, 6.563525199890137, 6.628393173217773, 6.696628093719482, 6.76837682723999, 6.843799114227295, 6.923065662384033, 7.00636100769043, 7.093884468078613, 7.185851573944092, 7.282494068145752, 7.384064197540283, 7.490835189819336, 7.60310173034668, 7.586904048919678, 7.463397979736328, 7.309816360473633, 7.1820878982543945, 7.062735080718994, 6.945906162261963, 6.8349385261535645, 6.729489803314209, 6.629244804382324, 6.533914566040039, 6.443233489990234, 6.356955051422119, 6.274853229522705, 6.196719169616699, 6.122359275817871, 6.0515947341918945, 5.984259128570557, 5.920198917388916, 5.859272003173828, 5.801344871520996, 5.7462944984436035, 5.694007396697998, 5.644376277923584, 5.597302436828613, 5.552694320678711, 5.5104660987854, 5.470538139343262, 5.432837009429932, 5.397294044494629, 5.363845348358154, 5.332431793212891, 5.302999019622803, 5.275496482849121, 5.249877452850342, 5.226099014282227, 5.204122066497803, 5.183910369873047, 5.165431499481201, 5.148654937744141, 5.133554458618164, 5.120106220245361, 5.108288764953613, 5.09808349609375, 5.089475154876709, 5.082449436187744, 5.076996803283691, 5.073107719421387, 5.070776462554932, 5.070000171661377]
intensities: [0.0, 0.0, 0.0, 0.0, 0.0, 0.0, 0.0, 0.0, 0.0, 0.0, 0.0, 0.0, 0.0, 0.0, 0.0, 0.0, 0.0, 0.0, 0.0, 0.0, 0.0, 0.0, 0.0, 0.0, 0.0, 0.0, 0.0, 0.0, 0.0, 0.0, 0.0, 0.0, 0.0, 0.0, 0.0, 0.0, 0.0, 0.0, 0.0, 0.0, 0.0, 0.0, 0.0, 0.0, 0.0, 0.0, 0.0, 0.0, 0.0, 0.0, 0.0, 0.0, 0.0, 0.0, 0.0, 0.0, 0.0, 0.0, 0.0, 0.0, 0.0, 0.0, 0.0, 0.0, 0.0, 0.0, 0.0, 0.0, 0.0, 0.0, 0.0, 0.0, 0.0, 0.0, 0.0, 0.0, 0.0, 0.0, 0.0, 0.0, 0.0, 0.0, 0.0, 0.0, 0.0, 0.0, 0.0, 0.0, 0.0, 0.0, 0.0, 0.0, 0.0, 0.0, 0.0, 0.0, 0.0, 0.0, 0.0, 0.0, 0.0, 0.0, 0.0, 0.0, 0.0, 0.0, 0.0, 0.0, 0.0, 0.0, 0.0, 0.0, 0.0, 0.0, 0.0, 0.0, 0.0, 0.0, 0.0, 0.0, 0.0, 0.0, 0.0, 0.0, 0.0, 0.0, 0.0, 0.0, 0.0, 0.0, 0.0, 0.0, 0.0, 0.0, 0.0, 0.0, 0.0, 0.0, 0.0, 0.0, 0.0, 0.0, 0.0, 0.0, 0.0, 0.0, 0.0, 0.0, 0.0, 0.0, 0.0, 0.0, 0.0, 0.0, 0.0, 0.0, 0.0, 0.0, 0.0, 0.0, 0.0, 0.0, 0.0, 0.0, 0.0, 0.0, 0.0, 0.0, 0.0, 0.0, 0.0, 0.0, 0.0, 0.0, 0.0, 0.0, 0.0, 0.0, 0.0, 0.0, 0.0, 0.0, 0.0, 0.0, 0.0, 0.0, 0.0, 0.0, 0.0, 0.0, 0.0, 0.0, 0.0, 0.0, 0.0, 0.0, 0.0, 0.0, 0.0, 0.0, 0.0, 0.0, 0.0, 0.0, 0.0, 0.0, 0.0, 0.0, 0.0, 0.0, 0.0, 0.0, 0.0, 0.0, 0.0, 0.0, 0.0, 0.0, 0.0, 0.0, 0.0, 0.0, 0.0, 0.0, 0.0, 0.0, 0.0, 0.0, 0.0, 0.0, 0.0, 0.0, 0.0, 0.0, 0.0, 0.0, 0.0, 0.0, 0.0, 0.0, 0.0, 0.0, 0.0, 0.0, 0.0, 0.0, 0.0, 0.0, 0.0, 0.0, 0.0, 0.0, 0.0, 0.0, 0.0, 0.0, 0.0, 0.0, 0.0, 0.0, 0.0, 0.0, 0.0, 0.0, 0.0, 0.0, 0.0, 0.0, 0.0, 0.0, 0.0, 0.0, 0.0, 0.0, 0.0, 0.0, 0.0, 0.0, 0.0, 0.0, 0.0, 0.0, 0.0, 0.0, 0.0, 0.0, 0.0, 0.0, 0.0, 0.0, 0.0, 0.0, 0.0, 0.0, 0.0, 0.0, 0.0, 0.0, 0.0, 0.0, 0.0, 0.0, 0.0, 0.0, 0.0, 0.0, 0.0, 0.0, 0.0, 0.0, 0.0, 0.0, 0.0, 0.0, 0.0, 0.0, 0.0, 0.0, 0.0, 0.0, 0.0, 0.0, 0.0, 0.0, 0.0, 0.0, 0.0, 0.0, 0.0, 0.0, 0.0, 0.0, 0.0, 0.0, 0.0, 0.0, 0.0, 0.0, 0.0, 0.0, 0.0, 0.0, 0.0, 0.0, 0.0, 0.0, 0.0, 0.0, 0.0, 0.0, 0.0, 0.0, 0.0, 0.0, 0.0, 0.0, 0.0, 0.0, 0.0, 0.0]
---
header: 
  seq: 121
  stamp: 
    secs: 12
    nsecs: 200000000
  frame_id: "base_laser_link"
angle_min: -3.14159274101
angle_max: 3.14159274101
angle_increment: 0.0175019092858
time_increment: 0.0
scan_time: 0.0
range_min: 0.15000000596
range_max: 16.0
ranges: [5.070000171661377, 5.070776462554932, 5.073107719421387, 5.076996803283691, 5.082449436187744, 5.089475154876709, 5.09808349609375, 5.108288764953613, 5.120106220245361, 5.133554458618164, 5.148654937744141, 5.165431499481201, 5.183910369873047, 5.204122066497803, 5.226099014282227, 5.249877452850342, 5.275496482849121, 5.302999019622803, 5.332431793212891, 5.363845348358154, 5.397294044494629, 5.432837009429932, 5.487962245941162, 5.52557373046875, 5.57220458984375, 5.460978031158447, 5.363187789916992, 5.191515922546387, 5.007302761077881, 4.859184265136719, 4.71619987487793, 4.580355644226074, 4.436871528625488, 4.314455986022949, 4.214405059814453, 4.098525047302246, 4.016118049621582, 3.9048657417297363, 3.831479072570801, 3.73000431060791, 3.6642420291900635, 3.5976674556732178, 3.511841058731079, 3.4532952308654785, 3.400010108947754, 3.3443775177001953, 3.2875959873199463, 3.2336843013763428, 3.18247127532959, 3.1338002681732178, 3.087526798248291, 3.0435187816619873, 3.0016541481018066, 2.961820602416992, 2.9239141941070557, 2.8878393173217773, 2.8535070419311523, 2.820835590362549, 2.789748430252075, 2.7601754665374756, 2.732050895690918, 2.7053139209747314, 2.679908037185669, 2.6557810306549072, 2.6328837871551514, 2.611171007156372, 2.5906004905700684, 2.5711328983306885, 2.55273175239563, 2.53536319732666, 2.518995761871338, 2.5036003589630127, 2.489149808883667, 2.475618839263916, 2.462984800338745, 2.451225996017456, 2.4403228759765625, 2.4302573204040527, 2.421013116836548, 2.4125752449035645, 2.4049298763275146, 2.3980653285980225, 2.391970157623291, 2.3866353034973145, 2.382051944732666, 2.378213405609131, 2.3751137256622314, 2.3727476596832275, 2.371112108230591, 2.370204210281372, 2.370022773742676, 2.3705673217773438, 2.3718388080596924, 2.3738391399383545, 2.3765716552734375, 2.380040168762207, 2.3842501640319824, 2.3892083168029785, 2.3949222564697266, 2.4014008045196533, 2.406933546066284, 2.399351119995117, 2.3584282398223877, 2.187835454940796, 2.02872896194458, 1.9801117181777954, 1.9899388551712036, 2.0004799365997314, 2.0117526054382324, 2.0237765312194824, 2.0365726947784424, 2.050163745880127, 2.0645737648010254, 2.079829692840576, 2.095959424972534, 2.1129934787750244, 2.130964994430542, 2.1499087810516357, 2.169863224029541, 2.190868616104126, 2.2129695415496826, 2.2362124919891357, 2.2606489658355713, 2.2863333225250244, 2.3133246898651123, 2.341686964035034, 2.3714888095855713, 2.402804374694824, 2.43571400642395, 2.4703049659729004, 2.50667142868042, 2.5449156761169434, 2.5851492881774902, 2.627493143081665, 2.67207932472229, 2.701601028442383, 2.7597734928131104, 2.7938308715820312, 2.8550069332122803, 2.8162052631378174, 2.7783498764038086, 2.7512283325195312, 2.7138166427612305, 2.678126335144043, 2.6441619396209717, 2.6118383407592773, 2.5810763835906982, 2.5518033504486084, 2.5239510536193848, 2.4974570274353027, 2.4722630977630615, 2.448314666748047, 2.4255614280700684, 2.403956890106201, 2.383457660675049, 2.364022731781006, 2.3456151485443115, 2.328199625015259, 2.3117434978485107, 2.2962169647216797, 2.2815916538238525, 2.2678418159484863, 2.254943370819092, 2.2428739070892334, 2.2316126823425293, 2.2211410999298096, 2.2114415168762207, 2.202498197555542, 2.19429612159729, 2.1868221759796143, 2.1800646781921387, 2.1740126609802246, 2.168656587600708, 2.163987874984741, 2.1599996089935303, 2.1566853523254395, 2.1540400981903076, 2.15205979347229, 2.1507411003112793, 2.1500823497772217, 2.1500823497772217, 2.1507411003112793, 2.15205979347229, 2.1540400981903076, 2.1566853523254395, 2.1599996089935303, 2.163987874984741, 2.168656587600708, 2.1740126609802246, 2.1800646781921387, 2.1868221759796143, 2.19429612159729, 2.202498197555542, 2.2114415168762207, 2.2211410999298096, 2.2316126823425293, 2.2428739070892334, 2.254943370819092, 2.2678418159484863, 2.2815916538238525, 2.2962169647216797, 2.3117434978485107, 2.328199625015259, 2.3456151485443115, 2.364022731781006, 2.383457660675049, 2.403956890106201, 2.4255614280700684, 2.448314666748047, 2.4722630977630615, 2.4974570274353027, 2.5239510536193848, 2.5518033504486084, 2.5810763835906982, 2.6118383407592773, 2.6441619396209717, 2.678126335144043, 2.7138166427612305, 2.7512283325195312, 2.7907519340515137, 2.832205295562744, 2.875802755355835, 2.9216725826263428, 2.969953775405884, 2.964597225189209, 2.9358389377593994, 2.8964955806732178, 2.8346381187438965, 2.8047714233398438, 2.753108501434326, 2.703108549118042, 2.665257692337036, 2.629246473312378, 2.594979763031006, 2.5623695850372314, 2.531334400177002, 2.5017993450164795, 2.473694324493408, 2.4469552040100098, 2.4446940422058105, 2.5120432376861572, 2.6015636920928955, 2.690200090408325, 2.8051373958587646, 2.8966448307037354, 3.0143775939941406, 3.144172191619873, 3.2631773948669434, 3.425668954849243, 3.5686051845550537, 3.7491037845611572, 3.947828531265259, 3.976558208465576, 3.948622226715088, 3.92912220954895, 3.911005973815918, 3.8942434787750244, 3.8788070678710938, 4.089005947113037, 4.441274166107178, 4.893993854522705, 5.426469326019287, 5.796602249145508, 5.784573078155518, 5.79166316986084, 5.775894641876221, 5.75931453704834, 5.754461288452148, 5.751376152038574, 5.750054836273193, 5.750495433807373, 5.752697944641113, 5.756666660308838, 5.762406349182129, 5.769927501678467, 5.779240131378174, 5.790359973907471, 5.803303241729736, 5.818090915679932, 5.83474588394165, 5.853294372558594, 5.8737664222717285, 5.896193981170654, 5.920614719390869, 5.9470672607421875, 5.975595951080322, 6.006248474121094, 6.039076328277588, 6.074135780334473, 6.111487865447998, 6.15119743347168, 6.193336486816406, 6.237980365753174, 6.28521203994751, 6.335119247436523, 6.387798309326172, 6.443350791931152, 6.50188684463501, 6.563525199890137, 6.628393173217773, 6.696628093719482, 6.76837682723999, 6.843799114227295, 6.923065662384033, 7.00636100769043, 7.093884468078613, 7.185851573944092, 7.282494068145752, 7.384064197540283, 7.490835189819336, 7.60310173034668, 7.586904048919678, 7.463397979736328, 7.309816360473633, 7.1820878982543945, 7.062735080718994, 6.945906162261963, 6.8349385261535645, 6.729489803314209, 6.629244804382324, 6.533914566040039, 6.443233489990234, 6.356955051422119, 6.274853229522705, 6.196719169616699, 6.122359275817871, 6.0515947341918945, 5.984259128570557, 5.920198917388916, 5.859272003173828, 5.801344871520996, 5.7462944984436035, 5.694007396697998, 5.644376277923584, 5.597302436828613, 5.552694320678711, 5.5104660987854, 5.470538139343262, 5.432837009429932, 5.397294044494629, 5.363845348358154, 5.332431793212891, 5.302999019622803, 5.275496482849121, 5.249877452850342, 5.226099014282227, 5.204122066497803, 5.183910369873047, 5.165431499481201, 5.148654937744141, 5.133554458618164, 5.120106220245361, 5.108288764953613, 5.09808349609375, 5.089475154876709, 5.082449436187744, 5.076996803283691, 5.073107719421387, 5.070776462554932, 5.070000171661377]
intensities: [0.0, 0.0, 0.0, 0.0, 0.0, 0.0, 0.0, 0.0, 0.0, 0.0, 0.0, 0.0, 0.0, 0.0, 0.0, 0.0, 0.0, 0.0, 0.0, 0.0, 0.0, 0.0, 0.0, 0.0, 0.0, 0.0, 0.0, 0.0, 0.0, 0.0, 0.0, 0.0, 0.0, 0.0, 0.0, 0.0, 0.0, 0.0, 0.0, 0.0, 0.0, 0.0, 0.0, 0.0, 0.0, 0.0, 0.0, 0.0, 0.0, 0.0, 0.0, 0.0, 0.0, 0.0, 0.0, 0.0, 0.0, 0.0, 0.0, 0.0, 0.0, 0.0, 0.0, 0.0, 0.0, 0.0, 0.0, 0.0, 0.0, 0.0, 0.0, 0.0, 0.0, 0.0, 0.0, 0.0, 0.0, 0.0, 0.0, 0.0, 0.0, 0.0, 0.0, 0.0, 0.0, 0.0, 0.0, 0.0, 0.0, 0.0, 0.0, 0.0, 0.0, 0.0, 0.0, 0.0, 0.0, 0.0, 0.0, 0.0, 0.0, 0.0, 0.0, 0.0, 0.0, 0.0, 0.0, 0.0, 0.0, 0.0, 0.0, 0.0, 0.0, 0.0, 0.0, 0.0, 0.0, 0.0, 0.0, 0.0, 0.0, 0.0, 0.0, 0.0, 0.0, 0.0, 0.0, 0.0, 0.0, 0.0, 0.0, 0.0, 0.0, 0.0, 0.0, 0.0, 0.0, 0.0, 0.0, 0.0, 0.0, 0.0, 0.0, 0.0, 0.0, 0.0, 0.0, 0.0, 0.0, 0.0, 0.0, 0.0, 0.0, 0.0, 0.0, 0.0, 0.0, 0.0, 0.0, 0.0, 0.0, 0.0, 0.0, 0.0, 0.0, 0.0, 0.0, 0.0, 0.0, 0.0, 0.0, 0.0, 0.0, 0.0, 0.0, 0.0, 0.0, 0.0, 0.0, 0.0, 0.0, 0.0, 0.0, 0.0, 0.0, 0.0, 0.0, 0.0, 0.0, 0.0, 0.0, 0.0, 0.0, 0.0, 0.0, 0.0, 0.0, 0.0, 0.0, 0.0, 0.0, 0.0, 0.0, 0.0, 0.0, 0.0, 0.0, 0.0, 0.0, 0.0, 0.0, 0.0, 0.0, 0.0, 0.0, 0.0, 0.0, 0.0, 0.0, 0.0, 0.0, 0.0, 0.0, 0.0, 0.0, 0.0, 0.0, 0.0, 0.0, 0.0, 0.0, 0.0, 0.0, 0.0, 0.0, 0.0, 0.0, 0.0, 0.0, 0.0, 0.0, 0.0, 0.0, 0.0, 0.0, 0.0, 0.0, 0.0, 0.0, 0.0, 0.0, 0.0, 0.0, 0.0, 0.0, 0.0, 0.0, 0.0, 0.0, 0.0, 0.0, 0.0, 0.0, 0.0, 0.0, 0.0, 0.0, 0.0, 0.0, 0.0, 0.0, 0.0, 0.0, 0.0, 0.0, 0.0, 0.0, 0.0, 0.0, 0.0, 0.0, 0.0, 0.0, 0.0, 0.0, 0.0, 0.0, 0.0, 0.0, 0.0, 0.0, 0.0, 0.0, 0.0, 0.0, 0.0, 0.0, 0.0, 0.0, 0.0, 0.0, 0.0, 0.0, 0.0, 0.0, 0.0, 0.0, 0.0, 0.0, 0.0, 0.0, 0.0, 0.0, 0.0, 0.0, 0.0, 0.0, 0.0, 0.0, 0.0, 0.0, 0.0, 0.0, 0.0, 0.0, 0.0, 0.0, 0.0, 0.0, 0.0, 0.0, 0.0, 0.0, 0.0, 0.0, 0.0, 0.0, 0.0, 0.0, 0.0, 0.0, 0.0, 0.0, 0.0, 0.0, 0.0, 0.0, 0.0, 0.0, 0.0, 0.0, 0.0, 0.0, 0.0, 0.0, 0.0, 0.0, 0.0, 0.0, 0.0]
---
header: 
  seq: 122
  stamp: 
    secs: 12
    nsecs: 300000000
  frame_id: "base_laser_link"
angle_min: -3.14159274101
angle_max: 3.14159274101
angle_increment: 0.0175019092858
time_increment: 0.0
scan_time: 0.0
range_min: 0.15000000596
range_max: 16.0
ranges: [5.070000171661377, 5.070776462554932, 5.073107719421387, 5.076996803283691, 5.082449436187744, 5.089475154876709, 5.09808349609375, 5.108288764953613, 5.120106220245361, 5.133554458618164, 5.148654937744141, 5.165431499481201, 5.183910369873047, 5.204122066497803, 5.226099014282227, 5.249877452850342, 5.275496482849121, 5.302999019622803, 5.332431793212891, 5.363845348358154, 5.397294044494629, 5.432837009429932, 5.487962245941162, 5.52557373046875, 5.57220458984375, 5.460978031158447, 5.363187789916992, 5.191515922546387, 5.007302761077881, 4.859184265136719, 4.71619987487793, 4.580355644226074, 4.436871528625488, 4.314455986022949, 4.214405059814453, 4.098525047302246, 4.016118049621582, 3.9048657417297363, 3.831479072570801, 3.73000431060791, 3.6642420291900635, 3.5976674556732178, 3.511841058731079, 3.4532952308654785, 3.400010108947754, 3.3443775177001953, 3.2875959873199463, 3.2336843013763428, 3.18247127532959, 3.1338002681732178, 3.087526798248291, 3.0435187816619873, 3.0016541481018066, 2.961820602416992, 2.9239141941070557, 2.8878393173217773, 2.8535070419311523, 2.820835590362549, 2.789748430252075, 2.7601754665374756, 2.732050895690918, 2.7053139209747314, 2.679908037185669, 2.6557810306549072, 2.6328837871551514, 2.611171007156372, 2.5906004905700684, 2.5711328983306885, 2.55273175239563, 2.53536319732666, 2.518995761871338, 2.5036003589630127, 2.489149808883667, 2.475618839263916, 2.462984800338745, 2.451225996017456, 2.4403228759765625, 2.4302573204040527, 2.421013116836548, 2.4125752449035645, 2.4049298763275146, 2.3980653285980225, 2.391970157623291, 2.3866353034973145, 2.382051944732666, 2.378213405609131, 2.3751137256622314, 2.3727476596832275, 2.371112108230591, 2.370204210281372, 2.370022773742676, 2.3705673217773438, 2.3718388080596924, 2.3738391399383545, 2.3765716552734375, 2.380040168762207, 2.3842501640319824, 2.3892083168029785, 2.3949222564697266, 2.4014008045196533, 2.406933546066284, 2.399351119995117, 2.3584282398223877, 2.187835454940796, 2.02872896194458, 1.9801117181777954, 1.9899388551712036, 2.0004799365997314, 2.0117526054382324, 2.0237765312194824, 2.0365726947784424, 2.050163745880127, 2.0645737648010254, 2.079829692840576, 2.095959424972534, 2.1129934787750244, 2.130964994430542, 2.1499087810516357, 2.169863224029541, 2.190868616104126, 2.2129695415496826, 2.2362124919891357, 2.2606489658355713, 2.2863333225250244, 2.3133246898651123, 2.341686964035034, 2.3714888095855713, 2.402804374694824, 2.43571400642395, 2.4703049659729004, 2.50667142868042, 2.5449156761169434, 2.5851492881774902, 2.627493143081665, 2.67207932472229, 2.701601028442383, 2.7597734928131104, 2.7938308715820312, 2.8550069332122803, 2.8162052631378174, 2.7783498764038086, 2.7512283325195312, 2.7138166427612305, 2.678126335144043, 2.6441619396209717, 2.6118383407592773, 2.5810763835906982, 2.5518033504486084, 2.5239510536193848, 2.4974570274353027, 2.4722630977630615, 2.448314666748047, 2.4255614280700684, 2.403956890106201, 2.383457660675049, 2.364022731781006, 2.3456151485443115, 2.328199625015259, 2.3117434978485107, 2.2962169647216797, 2.2815916538238525, 2.2678418159484863, 2.254943370819092, 2.2428739070892334, 2.2316126823425293, 2.2211410999298096, 2.2114415168762207, 2.202498197555542, 2.19429612159729, 2.1868221759796143, 2.1800646781921387, 2.1740126609802246, 2.168656587600708, 2.163987874984741, 2.1599996089935303, 2.1566853523254395, 2.1540400981903076, 2.15205979347229, 2.1507411003112793, 2.1500823497772217, 2.1500823497772217, 2.1507411003112793, 2.15205979347229, 2.1540400981903076, 2.1566853523254395, 2.1599996089935303, 2.163987874984741, 2.168656587600708, 2.1740126609802246, 2.1800646781921387, 2.1868221759796143, 2.19429612159729, 2.202498197555542, 2.2114415168762207, 2.2211410999298096, 2.2316126823425293, 2.2428739070892334, 2.254943370819092, 2.2678418159484863, 2.2815916538238525, 2.2962169647216797, 2.3117434978485107, 2.328199625015259, 2.3456151485443115, 2.364022731781006, 2.383457660675049, 2.403956890106201, 2.4255614280700684, 2.448314666748047, 2.4722630977630615, 2.4974570274353027, 2.5239510536193848, 2.5518033504486084, 2.5810763835906982, 2.6118383407592773, 2.6441619396209717, 2.678126335144043, 2.7138166427612305, 2.7512283325195312, 2.7907519340515137, 2.832205295562744, 2.875802755355835, 2.9216725826263428, 2.969953775405884, 2.964597225189209, 2.9358389377593994, 2.8964955806732178, 2.8346381187438965, 2.8047714233398438, 2.753108501434326, 2.703108549118042, 2.665257692337036, 2.629246473312378, 2.594979763031006, 2.5623695850372314, 2.531334400177002, 2.5017993450164795, 2.473694324493408, 2.4469552040100098, 2.4446940422058105, 2.5120432376861572, 2.6015636920928955, 2.690200090408325, 2.8051373958587646, 2.8966448307037354, 3.0143775939941406, 3.144172191619873, 3.2631773948669434, 3.425668954849243, 3.5686051845550537, 3.7491037845611572, 3.947828531265259, 3.976558208465576, 3.948622226715088, 3.92912220954895, 3.911005973815918, 3.8942434787750244, 3.8788070678710938, 4.089005947113037, 4.441274166107178, 4.893993854522705, 5.426469326019287, 5.796602249145508, 5.784573078155518, 5.79166316986084, 5.775894641876221, 5.75931453704834, 5.754461288452148, 5.751376152038574, 5.750054836273193, 5.750495433807373, 5.752697944641113, 5.756666660308838, 5.762406349182129, 5.769927501678467, 5.779240131378174, 5.790359973907471, 5.803303241729736, 5.818090915679932, 5.83474588394165, 5.853294372558594, 5.8737664222717285, 5.896193981170654, 5.920614719390869, 5.9470672607421875, 5.975595951080322, 6.006248474121094, 6.039076328277588, 6.074135780334473, 6.111487865447998, 6.15119743347168, 6.193336486816406, 6.237980365753174, 6.28521203994751, 6.335119247436523, 6.387798309326172, 6.443350791931152, 6.50188684463501, 6.563525199890137, 6.628393173217773, 6.696628093719482, 6.76837682723999, 6.843799114227295, 6.923065662384033, 7.00636100769043, 7.093884468078613, 7.185851573944092, 7.282494068145752, 7.384064197540283, 7.490835189819336, 7.60310173034668, 7.586904048919678, 7.463397979736328, 7.309816360473633, 7.1820878982543945, 7.062735080718994, 6.945906162261963, 6.8349385261535645, 6.729489803314209, 6.629244804382324, 6.533914566040039, 6.443233489990234, 6.356955051422119, 6.274853229522705, 6.196719169616699, 6.122359275817871, 6.0515947341918945, 5.984259128570557, 5.920198917388916, 5.859272003173828, 5.801344871520996, 5.7462944984436035, 5.694007396697998, 5.644376277923584, 5.597302436828613, 5.552694320678711, 5.5104660987854, 5.470538139343262, 5.432837009429932, 5.397294044494629, 5.363845348358154, 5.332431793212891, 5.302999019622803, 5.275496482849121, 5.249877452850342, 5.226099014282227, 5.204122066497803, 5.183910369873047, 5.165431499481201, 5.148654937744141, 5.133554458618164, 5.120106220245361, 5.108288764953613, 5.09808349609375, 5.089475154876709, 5.082449436187744, 5.076996803283691, 5.073107719421387, 5.070776462554932, 5.070000171661377]
intensities: [0.0, 0.0, 0.0, 0.0, 0.0, 0.0, 0.0, 0.0, 0.0, 0.0, 0.0, 0.0, 0.0, 0.0, 0.0, 0.0, 0.0, 0.0, 0.0, 0.0, 0.0, 0.0, 0.0, 0.0, 0.0, 0.0, 0.0, 0.0, 0.0, 0.0, 0.0, 0.0, 0.0, 0.0, 0.0, 0.0, 0.0, 0.0, 0.0, 0.0, 0.0, 0.0, 0.0, 0.0, 0.0, 0.0, 0.0, 0.0, 0.0, 0.0, 0.0, 0.0, 0.0, 0.0, 0.0, 0.0, 0.0, 0.0, 0.0, 0.0, 0.0, 0.0, 0.0, 0.0, 0.0, 0.0, 0.0, 0.0, 0.0, 0.0, 0.0, 0.0, 0.0, 0.0, 0.0, 0.0, 0.0, 0.0, 0.0, 0.0, 0.0, 0.0, 0.0, 0.0, 0.0, 0.0, 0.0, 0.0, 0.0, 0.0, 0.0, 0.0, 0.0, 0.0, 0.0, 0.0, 0.0, 0.0, 0.0, 0.0, 0.0, 0.0, 0.0, 0.0, 0.0, 0.0, 0.0, 0.0, 0.0, 0.0, 0.0, 0.0, 0.0, 0.0, 0.0, 0.0, 0.0, 0.0, 0.0, 0.0, 0.0, 0.0, 0.0, 0.0, 0.0, 0.0, 0.0, 0.0, 0.0, 0.0, 0.0, 0.0, 0.0, 0.0, 0.0, 0.0, 0.0, 0.0, 0.0, 0.0, 0.0, 0.0, 0.0, 0.0, 0.0, 0.0, 0.0, 0.0, 0.0, 0.0, 0.0, 0.0, 0.0, 0.0, 0.0, 0.0, 0.0, 0.0, 0.0, 0.0, 0.0, 0.0, 0.0, 0.0, 0.0, 0.0, 0.0, 0.0, 0.0, 0.0, 0.0, 0.0, 0.0, 0.0, 0.0, 0.0, 0.0, 0.0, 0.0, 0.0, 0.0, 0.0, 0.0, 0.0, 0.0, 0.0, 0.0, 0.0, 0.0, 0.0, 0.0, 0.0, 0.0, 0.0, 0.0, 0.0, 0.0, 0.0, 0.0, 0.0, 0.0, 0.0, 0.0, 0.0, 0.0, 0.0, 0.0, 0.0, 0.0, 0.0, 0.0, 0.0, 0.0, 0.0, 0.0, 0.0, 0.0, 0.0, 0.0, 0.0, 0.0, 0.0, 0.0, 0.0, 0.0, 0.0, 0.0, 0.0, 0.0, 0.0, 0.0, 0.0, 0.0, 0.0, 0.0, 0.0, 0.0, 0.0, 0.0, 0.0, 0.0, 0.0, 0.0, 0.0, 0.0, 0.0, 0.0, 0.0, 0.0, 0.0, 0.0, 0.0, 0.0, 0.0, 0.0, 0.0, 0.0, 0.0, 0.0, 0.0, 0.0, 0.0, 0.0, 0.0, 0.0, 0.0, 0.0, 0.0, 0.0, 0.0, 0.0, 0.0, 0.0, 0.0, 0.0, 0.0, 0.0, 0.0, 0.0, 0.0, 0.0, 0.0, 0.0, 0.0, 0.0, 0.0, 0.0, 0.0, 0.0, 0.0, 0.0, 0.0, 0.0, 0.0, 0.0, 0.0, 0.0, 0.0, 0.0, 0.0, 0.0, 0.0, 0.0, 0.0, 0.0, 0.0, 0.0, 0.0, 0.0, 0.0, 0.0, 0.0, 0.0, 0.0, 0.0, 0.0, 0.0, 0.0, 0.0, 0.0, 0.0, 0.0, 0.0, 0.0, 0.0, 0.0, 0.0, 0.0, 0.0, 0.0, 0.0, 0.0, 0.0, 0.0, 0.0, 0.0, 0.0, 0.0, 0.0, 0.0, 0.0, 0.0, 0.0, 0.0, 0.0, 0.0, 0.0, 0.0, 0.0, 0.0, 0.0, 0.0, 0.0, 0.0, 0.0, 0.0, 0.0, 0.0, 0.0, 0.0]
---
header: 
  seq: 123
  stamp: 
    secs: 12
    nsecs: 400000000
  frame_id: "base_laser_link"
angle_min: -3.14159274101
angle_max: 3.14159274101
angle_increment: 0.0175019092858
time_increment: 0.0
scan_time: 0.0
range_min: 0.15000000596
range_max: 16.0
ranges: [5.070000171661377, 5.070776462554932, 5.073107719421387, 5.076996803283691, 5.082449436187744, 5.089475154876709, 5.09808349609375, 5.108288764953613, 5.120106220245361, 5.133554458618164, 5.148654937744141, 5.165431499481201, 5.183910369873047, 5.204122066497803, 5.226099014282227, 5.249877452850342, 5.275496482849121, 5.302999019622803, 5.332431793212891, 5.363845348358154, 5.397294044494629, 5.432837009429932, 5.487962245941162, 5.52557373046875, 5.57220458984375, 5.460978031158447, 5.363187789916992, 5.191515922546387, 5.007302761077881, 4.859184265136719, 4.71619987487793, 4.580355644226074, 4.436871528625488, 4.314455986022949, 4.214405059814453, 4.098525047302246, 4.016118049621582, 3.9048657417297363, 3.831479072570801, 3.73000431060791, 3.6642420291900635, 3.5976674556732178, 3.511841058731079, 3.4532952308654785, 3.400010108947754, 3.3443775177001953, 3.2875959873199463, 3.2336843013763428, 3.18247127532959, 3.1338002681732178, 3.087526798248291, 3.0435187816619873, 3.0016541481018066, 2.961820602416992, 2.9239141941070557, 2.8878393173217773, 2.8535070419311523, 2.820835590362549, 2.789748430252075, 2.7601754665374756, 2.732050895690918, 2.7053139209747314, 2.679908037185669, 2.6557810306549072, 2.6328837871551514, 2.611171007156372, 2.5906004905700684, 2.5711328983306885, 2.55273175239563, 2.53536319732666, 2.518995761871338, 2.5036003589630127, 2.489149808883667, 2.475618839263916, 2.462984800338745, 2.451225996017456, 2.4403228759765625, 2.4302573204040527, 2.421013116836548, 2.4125752449035645, 2.4049298763275146, 2.3980653285980225, 2.391970157623291, 2.3866353034973145, 2.382051944732666, 2.378213405609131, 2.3751137256622314, 2.3727476596832275, 2.371112108230591, 2.370204210281372, 2.370022773742676, 2.3705673217773438, 2.3718388080596924, 2.3738391399383545, 2.3765716552734375, 2.380040168762207, 2.3842501640319824, 2.3892083168029785, 2.3949222564697266, 2.4014008045196533, 2.406933546066284, 2.399351119995117, 2.3584282398223877, 2.187835454940796, 2.02872896194458, 1.9801117181777954, 1.9899388551712036, 2.0004799365997314, 2.0117526054382324, 2.0237765312194824, 2.0365726947784424, 2.050163745880127, 2.0645737648010254, 2.079829692840576, 2.095959424972534, 2.1129934787750244, 2.130964994430542, 2.1499087810516357, 2.169863224029541, 2.190868616104126, 2.2129695415496826, 2.2362124919891357, 2.2606489658355713, 2.2863333225250244, 2.3133246898651123, 2.341686964035034, 2.3714888095855713, 2.402804374694824, 2.43571400642395, 2.4703049659729004, 2.50667142868042, 2.5449156761169434, 2.5851492881774902, 2.627493143081665, 2.67207932472229, 2.701601028442383, 2.7597734928131104, 2.7938308715820312, 2.8550069332122803, 2.8162052631378174, 2.7783498764038086, 2.7512283325195312, 2.7138166427612305, 2.678126335144043, 2.6441619396209717, 2.6118383407592773, 2.5810763835906982, 2.5518033504486084, 2.5239510536193848, 2.4974570274353027, 2.4722630977630615, 2.448314666748047, 2.4255614280700684, 2.403956890106201, 2.383457660675049, 2.364022731781006, 2.3456151485443115, 2.328199625015259, 2.3117434978485107, 2.2962169647216797, 2.2815916538238525, 2.2678418159484863, 2.254943370819092, 2.2428739070892334, 2.2316126823425293, 2.2211410999298096, 2.2114415168762207, 2.202498197555542, 2.19429612159729, 2.1868221759796143, 2.1800646781921387, 2.1740126609802246, 2.168656587600708, 2.163987874984741, 2.1599996089935303, 2.1566853523254395, 2.1540400981903076, 2.15205979347229, 2.1507411003112793, 2.1500823497772217, 2.1500823497772217, 2.1507411003112793, 2.15205979347229, 2.1540400981903076, 2.1566853523254395, 2.1599996089935303, 2.163987874984741, 2.168656587600708, 2.1740126609802246, 2.1800646781921387, 2.1868221759796143, 2.19429612159729, 2.202498197555542, 2.2114415168762207, 2.2211410999298096, 2.2316126823425293, 2.2428739070892334, 2.254943370819092, 2.2678418159484863, 2.2815916538238525, 2.2962169647216797, 2.3117434978485107, 2.328199625015259, 2.3456151485443115, 2.364022731781006, 2.383457660675049, 2.403956890106201, 2.4255614280700684, 2.448314666748047, 2.4722630977630615, 2.4974570274353027, 2.5239510536193848, 2.5518033504486084, 2.5810763835906982, 2.6118383407592773, 2.6441619396209717, 2.678126335144043, 2.7138166427612305, 2.7512283325195312, 2.7907519340515137, 2.832205295562744, 2.875802755355835, 2.9216725826263428, 2.969953775405884, 2.964597225189209, 2.9358389377593994, 2.8964955806732178, 2.8346381187438965, 2.8047714233398438, 2.753108501434326, 2.703108549118042, 2.665257692337036, 2.629246473312378, 2.594979763031006, 2.5623695850372314, 2.531334400177002, 2.5017993450164795, 2.473694324493408, 2.4469552040100098, 2.4446940422058105, 2.5120432376861572, 2.6015636920928955, 2.690200090408325, 2.8051373958587646, 2.8966448307037354, 3.0143775939941406, 3.144172191619873, 3.2631773948669434, 3.425668954849243, 3.5686051845550537, 3.7491037845611572, 3.947828531265259, 3.976558208465576, 3.948622226715088, 3.92912220954895, 3.911005973815918, 3.8942434787750244, 3.8788070678710938, 4.089005947113037, 4.441274166107178, 4.893993854522705, 5.426469326019287, 5.796602249145508, 5.784573078155518, 5.79166316986084, 5.775894641876221, 5.75931453704834, 5.754461288452148, 5.751376152038574, 5.750054836273193, 5.750495433807373, 5.752697944641113, 5.756666660308838, 5.762406349182129, 5.769927501678467, 5.779240131378174, 5.790359973907471, 5.803303241729736, 5.818090915679932, 5.83474588394165, 5.853294372558594, 5.8737664222717285, 5.896193981170654, 5.920614719390869, 5.9470672607421875, 5.975595951080322, 6.006248474121094, 6.039076328277588, 6.074135780334473, 6.111487865447998, 6.15119743347168, 6.193336486816406, 6.237980365753174, 6.28521203994751, 6.335119247436523, 6.387798309326172, 6.443350791931152, 6.50188684463501, 6.563525199890137, 6.628393173217773, 6.696628093719482, 6.76837682723999, 6.843799114227295, 6.923065662384033, 7.00636100769043, 7.093884468078613, 7.185851573944092, 7.282494068145752, 7.384064197540283, 7.490835189819336, 7.60310173034668, 7.586904048919678, 7.463397979736328, 7.309816360473633, 7.1820878982543945, 7.062735080718994, 6.945906162261963, 6.8349385261535645, 6.729489803314209, 6.629244804382324, 6.533914566040039, 6.443233489990234, 6.356955051422119, 6.274853229522705, 6.196719169616699, 6.122359275817871, 6.0515947341918945, 5.984259128570557, 5.920198917388916, 5.859272003173828, 5.801344871520996, 5.7462944984436035, 5.694007396697998, 5.644376277923584, 5.597302436828613, 5.552694320678711, 5.5104660987854, 5.470538139343262, 5.432837009429932, 5.397294044494629, 5.363845348358154, 5.332431793212891, 5.302999019622803, 5.275496482849121, 5.249877452850342, 5.226099014282227, 5.204122066497803, 5.183910369873047, 5.165431499481201, 5.148654937744141, 5.133554458618164, 5.120106220245361, 5.108288764953613, 5.09808349609375, 5.089475154876709, 5.082449436187744, 5.076996803283691, 5.073107719421387, 5.070776462554932, 5.070000171661377]
intensities: [0.0, 0.0, 0.0, 0.0, 0.0, 0.0, 0.0, 0.0, 0.0, 0.0, 0.0, 0.0, 0.0, 0.0, 0.0, 0.0, 0.0, 0.0, 0.0, 0.0, 0.0, 0.0, 0.0, 0.0, 0.0, 0.0, 0.0, 0.0, 0.0, 0.0, 0.0, 0.0, 0.0, 0.0, 0.0, 0.0, 0.0, 0.0, 0.0, 0.0, 0.0, 0.0, 0.0, 0.0, 0.0, 0.0, 0.0, 0.0, 0.0, 0.0, 0.0, 0.0, 0.0, 0.0, 0.0, 0.0, 0.0, 0.0, 0.0, 0.0, 0.0, 0.0, 0.0, 0.0, 0.0, 0.0, 0.0, 0.0, 0.0, 0.0, 0.0, 0.0, 0.0, 0.0, 0.0, 0.0, 0.0, 0.0, 0.0, 0.0, 0.0, 0.0, 0.0, 0.0, 0.0, 0.0, 0.0, 0.0, 0.0, 0.0, 0.0, 0.0, 0.0, 0.0, 0.0, 0.0, 0.0, 0.0, 0.0, 0.0, 0.0, 0.0, 0.0, 0.0, 0.0, 0.0, 0.0, 0.0, 0.0, 0.0, 0.0, 0.0, 0.0, 0.0, 0.0, 0.0, 0.0, 0.0, 0.0, 0.0, 0.0, 0.0, 0.0, 0.0, 0.0, 0.0, 0.0, 0.0, 0.0, 0.0, 0.0, 0.0, 0.0, 0.0, 0.0, 0.0, 0.0, 0.0, 0.0, 0.0, 0.0, 0.0, 0.0, 0.0, 0.0, 0.0, 0.0, 0.0, 0.0, 0.0, 0.0, 0.0, 0.0, 0.0, 0.0, 0.0, 0.0, 0.0, 0.0, 0.0, 0.0, 0.0, 0.0, 0.0, 0.0, 0.0, 0.0, 0.0, 0.0, 0.0, 0.0, 0.0, 0.0, 0.0, 0.0, 0.0, 0.0, 0.0, 0.0, 0.0, 0.0, 0.0, 0.0, 0.0, 0.0, 0.0, 0.0, 0.0, 0.0, 0.0, 0.0, 0.0, 0.0, 0.0, 0.0, 0.0, 0.0, 0.0, 0.0, 0.0, 0.0, 0.0, 0.0, 0.0, 0.0, 0.0, 0.0, 0.0, 0.0, 0.0, 0.0, 0.0, 0.0, 0.0, 0.0, 0.0, 0.0, 0.0, 0.0, 0.0, 0.0, 0.0, 0.0, 0.0, 0.0, 0.0, 0.0, 0.0, 0.0, 0.0, 0.0, 0.0, 0.0, 0.0, 0.0, 0.0, 0.0, 0.0, 0.0, 0.0, 0.0, 0.0, 0.0, 0.0, 0.0, 0.0, 0.0, 0.0, 0.0, 0.0, 0.0, 0.0, 0.0, 0.0, 0.0, 0.0, 0.0, 0.0, 0.0, 0.0, 0.0, 0.0, 0.0, 0.0, 0.0, 0.0, 0.0, 0.0, 0.0, 0.0, 0.0, 0.0, 0.0, 0.0, 0.0, 0.0, 0.0, 0.0, 0.0, 0.0, 0.0, 0.0, 0.0, 0.0, 0.0, 0.0, 0.0, 0.0, 0.0, 0.0, 0.0, 0.0, 0.0, 0.0, 0.0, 0.0, 0.0, 0.0, 0.0, 0.0, 0.0, 0.0, 0.0, 0.0, 0.0, 0.0, 0.0, 0.0, 0.0, 0.0, 0.0, 0.0, 0.0, 0.0, 0.0, 0.0, 0.0, 0.0, 0.0, 0.0, 0.0, 0.0, 0.0, 0.0, 0.0, 0.0, 0.0, 0.0, 0.0, 0.0, 0.0, 0.0, 0.0, 0.0, 0.0, 0.0, 0.0, 0.0, 0.0, 0.0, 0.0, 0.0, 0.0, 0.0, 0.0, 0.0, 0.0, 0.0, 0.0, 0.0, 0.0, 0.0, 0.0, 0.0, 0.0, 0.0, 0.0, 0.0, 0.0, 0.0]
---
header: 
  seq: 124
  stamp: 
    secs: 12
    nsecs: 500000000
  frame_id: "base_laser_link"
angle_min: -3.14159274101
angle_max: 3.14159274101
angle_increment: 0.0175019092858
time_increment: 0.0
scan_time: 0.0
range_min: 0.15000000596
range_max: 16.0
ranges: [5.070000171661377, 5.070776462554932, 5.073107719421387, 5.076996803283691, 5.082449436187744, 5.089475154876709, 5.09808349609375, 5.108288764953613, 5.120106220245361, 5.133554458618164, 5.148654937744141, 5.165431499481201, 5.183910369873047, 5.204122066497803, 5.226099014282227, 5.249877452850342, 5.275496482849121, 5.302999019622803, 5.332431793212891, 5.363845348358154, 5.397294044494629, 5.432837009429932, 5.487962245941162, 5.52557373046875, 5.57220458984375, 5.460978031158447, 5.363187789916992, 5.191515922546387, 5.007302761077881, 4.859184265136719, 4.71619987487793, 4.580355644226074, 4.436871528625488, 4.314455986022949, 4.214405059814453, 4.098525047302246, 4.016118049621582, 3.9048657417297363, 3.831479072570801, 3.73000431060791, 3.6642420291900635, 3.5976674556732178, 3.511841058731079, 3.4532952308654785, 3.400010108947754, 3.3443775177001953, 3.2875959873199463, 3.2336843013763428, 3.18247127532959, 3.1338002681732178, 3.087526798248291, 3.0435187816619873, 3.0016541481018066, 2.961820602416992, 2.9239141941070557, 2.8878393173217773, 2.8535070419311523, 2.820835590362549, 2.789748430252075, 2.7601754665374756, 2.732050895690918, 2.7053139209747314, 2.679908037185669, 2.6557810306549072, 2.6328837871551514, 2.611171007156372, 2.5906004905700684, 2.5711328983306885, 2.55273175239563, 2.53536319732666, 2.518995761871338, 2.5036003589630127, 2.489149808883667, 2.475618839263916, 2.462984800338745, 2.451225996017456, 2.4403228759765625, 2.4302573204040527, 2.421013116836548, 2.4125752449035645, 2.4049298763275146, 2.3980653285980225, 2.391970157623291, 2.3866353034973145, 2.382051944732666, 2.378213405609131, 2.3751137256622314, 2.3727476596832275, 2.371112108230591, 2.370204210281372, 2.370022773742676, 2.3705673217773438, 2.3718388080596924, 2.3738391399383545, 2.3765716552734375, 2.380040168762207, 2.3842501640319824, 2.3892083168029785, 2.3949222564697266, 2.4014008045196533, 2.406933546066284, 2.399351119995117, 2.3584282398223877, 2.187835454940796, 2.02872896194458, 1.9801117181777954, 1.9899388551712036, 2.0004799365997314, 2.0117526054382324, 2.0237765312194824, 2.0365726947784424, 2.050163745880127, 2.0645737648010254, 2.079829692840576, 2.095959424972534, 2.1129934787750244, 2.130964994430542, 2.1499087810516357, 2.169863224029541, 2.190868616104126, 2.2129695415496826, 2.2362124919891357, 2.2606489658355713, 2.2863333225250244, 2.3133246898651123, 2.341686964035034, 2.3714888095855713, 2.402804374694824, 2.43571400642395, 2.4703049659729004, 2.50667142868042, 2.5449156761169434, 2.5851492881774902, 2.627493143081665, 2.67207932472229, 2.701601028442383, 2.7597734928131104, 2.7938308715820312, 2.8550069332122803, 2.8162052631378174, 2.7783498764038086, 2.7512283325195312, 2.7138166427612305, 2.678126335144043, 2.6441619396209717, 2.6118383407592773, 2.5810763835906982, 2.5518033504486084, 2.5239510536193848, 2.4974570274353027, 2.4722630977630615, 2.448314666748047, 2.4255614280700684, 2.403956890106201, 2.383457660675049, 2.364022731781006, 2.3456151485443115, 2.328199625015259, 2.3117434978485107, 2.2962169647216797, 2.2815916538238525, 2.2678418159484863, 2.254943370819092, 2.2428739070892334, 2.2316126823425293, 2.2211410999298096, 2.2114415168762207, 2.202498197555542, 2.19429612159729, 2.1868221759796143, 2.1800646781921387, 2.1740126609802246, 2.168656587600708, 2.163987874984741, 2.1599996089935303, 2.1566853523254395, 2.1540400981903076, 2.15205979347229, 2.1507411003112793, 2.1500823497772217, 2.1500823497772217, 2.1507411003112793, 2.15205979347229, 2.1540400981903076, 2.1566853523254395, 2.1599996089935303, 2.163987874984741, 2.168656587600708, 2.1740126609802246, 2.1800646781921387, 2.1868221759796143, 2.19429612159729, 2.202498197555542, 2.2114415168762207, 2.2211410999298096, 2.2316126823425293, 2.2428739070892334, 2.254943370819092, 2.2678418159484863, 2.2815916538238525, 2.2962169647216797, 2.3117434978485107, 2.328199625015259, 2.3456151485443115, 2.364022731781006, 2.383457660675049, 2.403956890106201, 2.4255614280700684, 2.448314666748047, 2.4722630977630615, 2.4974570274353027, 2.5239510536193848, 2.5518033504486084, 2.5810763835906982, 2.6118383407592773, 2.6441619396209717, 2.678126335144043, 2.7138166427612305, 2.7512283325195312, 2.7907519340515137, 2.832205295562744, 2.875802755355835, 2.9216725826263428, 2.969953775405884, 2.964597225189209, 2.9358389377593994, 2.8964955806732178, 2.8346381187438965, 2.8047714233398438, 2.753108501434326, 2.703108549118042, 2.665257692337036, 2.629246473312378, 2.594979763031006, 2.5623695850372314, 2.531334400177002, 2.5017993450164795, 2.473694324493408, 2.4469552040100098, 2.4446940422058105, 2.5120432376861572, 2.6015636920928955, 2.690200090408325, 2.8051373958587646, 2.8966448307037354, 3.0143775939941406, 3.144172191619873, 3.2631773948669434, 3.425668954849243, 3.5686051845550537, 3.7491037845611572, 3.947828531265259, 3.976558208465576, 3.948622226715088, 3.92912220954895, 3.911005973815918, 3.8942434787750244, 3.8788070678710938, 4.089005947113037, 4.441274166107178, 4.893993854522705, 5.426469326019287, 5.796602249145508, 5.784573078155518, 5.79166316986084, 5.775894641876221, 5.75931453704834, 5.754461288452148, 5.751376152038574, 5.750054836273193, 5.750495433807373, 5.752697944641113, 5.756666660308838, 5.762406349182129, 5.769927501678467, 5.779240131378174, 5.790359973907471, 5.803303241729736, 5.818090915679932, 5.83474588394165, 5.853294372558594, 5.8737664222717285, 5.896193981170654, 5.920614719390869, 5.9470672607421875, 5.975595951080322, 6.006248474121094, 6.039076328277588, 6.074135780334473, 6.111487865447998, 6.15119743347168, 6.193336486816406, 6.237980365753174, 6.28521203994751, 6.335119247436523, 6.387798309326172, 6.443350791931152, 6.50188684463501, 6.563525199890137, 6.628393173217773, 6.696628093719482, 6.76837682723999, 6.843799114227295, 6.923065662384033, 7.00636100769043, 7.093884468078613, 7.185851573944092, 7.282494068145752, 7.384064197540283, 7.490835189819336, 7.60310173034668, 7.586904048919678, 7.463397979736328, 7.309816360473633, 7.1820878982543945, 7.062735080718994, 6.945906162261963, 6.8349385261535645, 6.729489803314209, 6.629244804382324, 6.533914566040039, 6.443233489990234, 6.356955051422119, 6.274853229522705, 6.196719169616699, 6.122359275817871, 6.0515947341918945, 5.984259128570557, 5.920198917388916, 5.859272003173828, 5.801344871520996, 5.7462944984436035, 5.694007396697998, 5.644376277923584, 5.597302436828613, 5.552694320678711, 5.5104660987854, 5.470538139343262, 5.432837009429932, 5.397294044494629, 5.363845348358154, 5.332431793212891, 5.302999019622803, 5.275496482849121, 5.249877452850342, 5.226099014282227, 5.204122066497803, 5.183910369873047, 5.165431499481201, 5.148654937744141, 5.133554458618164, 5.120106220245361, 5.108288764953613, 5.09808349609375, 5.089475154876709, 5.082449436187744, 5.076996803283691, 5.073107719421387, 5.070776462554932, 5.070000171661377]
intensities: [0.0, 0.0, 0.0, 0.0, 0.0, 0.0, 0.0, 0.0, 0.0, 0.0, 0.0, 0.0, 0.0, 0.0, 0.0, 0.0, 0.0, 0.0, 0.0, 0.0, 0.0, 0.0, 0.0, 0.0, 0.0, 0.0, 0.0, 0.0, 0.0, 0.0, 0.0, 0.0, 0.0, 0.0, 0.0, 0.0, 0.0, 0.0, 0.0, 0.0, 0.0, 0.0, 0.0, 0.0, 0.0, 0.0, 0.0, 0.0, 0.0, 0.0, 0.0, 0.0, 0.0, 0.0, 0.0, 0.0, 0.0, 0.0, 0.0, 0.0, 0.0, 0.0, 0.0, 0.0, 0.0, 0.0, 0.0, 0.0, 0.0, 0.0, 0.0, 0.0, 0.0, 0.0, 0.0, 0.0, 0.0, 0.0, 0.0, 0.0, 0.0, 0.0, 0.0, 0.0, 0.0, 0.0, 0.0, 0.0, 0.0, 0.0, 0.0, 0.0, 0.0, 0.0, 0.0, 0.0, 0.0, 0.0, 0.0, 0.0, 0.0, 0.0, 0.0, 0.0, 0.0, 0.0, 0.0, 0.0, 0.0, 0.0, 0.0, 0.0, 0.0, 0.0, 0.0, 0.0, 0.0, 0.0, 0.0, 0.0, 0.0, 0.0, 0.0, 0.0, 0.0, 0.0, 0.0, 0.0, 0.0, 0.0, 0.0, 0.0, 0.0, 0.0, 0.0, 0.0, 0.0, 0.0, 0.0, 0.0, 0.0, 0.0, 0.0, 0.0, 0.0, 0.0, 0.0, 0.0, 0.0, 0.0, 0.0, 0.0, 0.0, 0.0, 0.0, 0.0, 0.0, 0.0, 0.0, 0.0, 0.0, 0.0, 0.0, 0.0, 0.0, 0.0, 0.0, 0.0, 0.0, 0.0, 0.0, 0.0, 0.0, 0.0, 0.0, 0.0, 0.0, 0.0, 0.0, 0.0, 0.0, 0.0, 0.0, 0.0, 0.0, 0.0, 0.0, 0.0, 0.0, 0.0, 0.0, 0.0, 0.0, 0.0, 0.0, 0.0, 0.0, 0.0, 0.0, 0.0, 0.0, 0.0, 0.0, 0.0, 0.0, 0.0, 0.0, 0.0, 0.0, 0.0, 0.0, 0.0, 0.0, 0.0, 0.0, 0.0, 0.0, 0.0, 0.0, 0.0, 0.0, 0.0, 0.0, 0.0, 0.0, 0.0, 0.0, 0.0, 0.0, 0.0, 0.0, 0.0, 0.0, 0.0, 0.0, 0.0, 0.0, 0.0, 0.0, 0.0, 0.0, 0.0, 0.0, 0.0, 0.0, 0.0, 0.0, 0.0, 0.0, 0.0, 0.0, 0.0, 0.0, 0.0, 0.0, 0.0, 0.0, 0.0, 0.0, 0.0, 0.0, 0.0, 0.0, 0.0, 0.0, 0.0, 0.0, 0.0, 0.0, 0.0, 0.0, 0.0, 0.0, 0.0, 0.0, 0.0, 0.0, 0.0, 0.0, 0.0, 0.0, 0.0, 0.0, 0.0, 0.0, 0.0, 0.0, 0.0, 0.0, 0.0, 0.0, 0.0, 0.0, 0.0, 0.0, 0.0, 0.0, 0.0, 0.0, 0.0, 0.0, 0.0, 0.0, 0.0, 0.0, 0.0, 0.0, 0.0, 0.0, 0.0, 0.0, 0.0, 0.0, 0.0, 0.0, 0.0, 0.0, 0.0, 0.0, 0.0, 0.0, 0.0, 0.0, 0.0, 0.0, 0.0, 0.0, 0.0, 0.0, 0.0, 0.0, 0.0, 0.0, 0.0, 0.0, 0.0, 0.0, 0.0, 0.0, 0.0, 0.0, 0.0, 0.0, 0.0, 0.0, 0.0, 0.0, 0.0, 0.0, 0.0, 0.0, 0.0, 0.0, 0.0, 0.0, 0.0, 0.0, 0.0, 0.0, 0.0]
---
