header: 
  seq: 845
  stamp: 
    secs: 84
    nsecs: 600000000
  frame_id: "base_laser_link"
angle_min: -3.14159274101
angle_max: 3.14159274101
angle_increment: 0.0175019092858
time_increment: 0.0
scan_time: 0.0
range_min: 0.15000000596
range_max: 16.0
ranges: [3.4700000286102295, 3.470531463623047, 3.4721269607543945, 3.4747886657714844, 3.4785208702087402, 3.4833290576934814, 3.4892208576202393, 3.4962053298950195, 3.504293441772461, 3.513497829437256, 3.5238327980041504, 3.5353150367736816, 3.5479624271392822, 3.561795711517334, 3.5768370628356934, 3.593111515045166, 3.6106455326080322, 3.6294686794281006, 3.64961314201355, 3.6711130142211914, 3.6940059661865234, 3.718332290649414, 3.744135618209839, 3.771462917327881, 3.8003647327423096, 3.83089542388916, 3.8631134033203125, 3.8970818519592285, 3.932868242263794, 3.970545530319214, 4.010191917419434, 4.051891803741455, 4.095735549926758, 4.141821384429932, 4.190253734588623, 4.241147041320801, 4.294623374938965, 4.350815296173096, 4.409865856170654, 4.471930027008057, 4.53717565536499, 4.605784893035889, 4.677955627441406, 4.753903865814209, 4.833864212036133, 4.91351318359375, 4.993371486663818, 5.0791449546813965, 5.197863578796387, 5.3155598640441895, 5.289180755615234, 5.290842533111572, 5.21806526184082, 5.1488189697265625, 5.082922458648682, 5.020209789276123, 4.960526943206787, 4.903730869293213, 4.849689483642578, 4.798279762268066, 4.749387741088867, 4.702908515930176, 4.658743381500244, 4.616800785064697, 4.576996326446533, 4.53925085067749, 4.503490924835205, 4.469648361206055, 4.437660217285156, 4.407466888427734, 4.379013538360596, 4.352250099182129, 4.327129364013672, 4.30360746383667, 4.281644344329834, 4.261202812194824, 4.242249011993408, 4.2247514724731445, 4.208681106567383, 4.194012641906738, 4.172346591949463, 4.168788433074951, 4.158193111419678, 4.148918628692627, 4.140951156616211, 4.134278297424316, 4.128889560699463, 4.124776840209961, 4.121933460235596, 4.120355129241943, 4.120039463043213, 4.120985984802246, 4.123196601867676, 4.126674175262451, 4.1314239501953125, 4.137453556060791, 4.144772529602051, 4.153391361236572, 4.163324356079102, 4.174586772918701, 4.187196731567383, 4.201173305511475, 4.21653938293457, 4.2333197593688965, 4.251542091369629, 4.271235942840576, 4.292433738708496, 4.315171241760254, 4.339487552642822, 4.365423679351807, 4.393025875091553, 4.422342777252197, 4.453426361083984, 4.486334323883057, 4.521127223968506, 4.557870864868164, 4.5966362953186035, 4.547451019287109, 4.424826622009277, 4.298773288726807, 4.233541965484619, 4.264809608459473, 4.315388202667236, 4.381141185760498, 4.432863235473633, 4.48721170425415, 4.544318675994873, 4.6043267250061035, 4.667388916015625, 4.733673095703125, 4.803359508514404, 4.876644611358643, 4.953741550445557, 5.034882068634033, 5.120319366455078, 5.189908504486084, 5.175008296966553, 5.095940589904785, 5.01593542098999, 4.9398932456970215, 4.86759090423584, 4.79882287979126, 4.733401298522949, 4.6650776863098145, 4.611910343170166, 4.555531978607178, 4.501877307891846, 4.450819492340088, 4.40224027633667, 4.356029987335205, 4.312086582183838, 4.270294666290283, 4.230630397796631, 4.192948341369629, 4.157193660736084, 4.123295783996582, 4.091189384460449, 4.060812950134277, 4.032110691070557, 4.005029678344727, 3.979520320892334, 3.955538034439087, 3.9330406188964844, 3.911989212036133, 3.892347812652588, 3.8740835189819336, 3.857165575027466, 3.841566324234009, 3.8272604942321777, 3.8142249584198, 3.802438497543335, 3.7918825149536133, 3.7825403213500977, 3.774397611618042, 3.7674412727355957, 3.761660575866699, 3.757046699523926, 3.7535924911499023, 3.7512927055358887, 3.750143527984619, 3.750143527984619, 3.7512927055358887, 3.7535924911499023, 3.749638557434082, 3.761660575866699, 3.526324987411499, 2.9289324283599854, 2.8747308254241943, 2.8818306922912598, 2.8898532390594482, 2.898810863494873, 2.9087181091308594, 2.919590473175049, 2.931445837020874, 2.944303512573242, 2.958184242248535, 2.973111867904663, 2.9891109466552734, 3.006208896636963, 3.024435520172119, 3.0438225269317627, 3.064404249191284, 3.0862178802490234, 3.1093037128448486, 3.133704662322998, 3.1594669818878174, 3.186640739440918, 3.2152791023254395, 3.2454402446746826, 3.2597544193267822, 3.3055403232574463, 3.335850954055786, 3.3733763694763184, 3.4178764820098877, 3.444875955581665, 3.4779443740844727, 3.417309522628784, 3.3449368476867676, 3.2631995677948, 3.2061197757720947, 3.1747045516967773, 3.22357439994812, 3.274991035461426, 3.329110860824585, 3.386104106903076, 3.4269700050354004, 3.48703670501709, 3.5495338439941406, 3.644930839538574, 3.7135403156280518, 3.785285234451294, 3.8604319095611572, 3.947075605392456, 4.055870532989502, 4.119407653808594, 4.261021137237549, 4.3588738441467285, 4.4762163162231445, 4.6109161376953125, 4.63629150390625, 4.588206768035889, 4.544216156005859, 4.502426624298096, 4.462753772735596, 4.425117492675781, 4.389443874359131, 4.355664253234863, 4.323714733123779, 4.29353666305542, 4.265073776245117, 4.238275527954102, 4.213094711303711, 4.189486503601074, 4.1674113273620605, 4.1468305587768555, 4.127710819244385, 4.110019207000732, 4.0937275886535645, 4.078808784484863, 4.065239429473877, 4.05299711227417, 4.042062759399414, 4.032419204711914, 4.024050712585449, 4.0169453620910645, 4.011091232299805, 4.006479740142822, 4.003103256225586, 4.000957489013672, 4.000038146972656, 4.000344753265381, 4.0018768310546875, 4.004637718200684, 4.008630752563477, 4.013862609863281, 4.020340919494629, 4.028076171875, 4.03708028793335, 4.047367572784424, 4.058953762054443, 4.07185697555542, 4.0860981941223145, 4.101700305938721, 4.118688583374023, 4.13709020614624, 4.156936168670654, 4.17825984954834, 4.201096534729004, 4.225485801696777, 4.251469612121582, 4.2790937423706055, 4.308407783508301, 4.3394646644592285, 4.372321128845215, 4.407039642333984, 4.443685531616211, 4.482330799102783, 4.523051738739014, 4.5659308433532715, 4.611056327819824, 4.658524036407471, 4.708436012268066, 4.760903835296631, 4.816045761108398, 4.873990058898926, 4.934876441955566, 4.9988532066345215, 5.066082954406738, 5.136740684509277, 5.211015701293945, 5.289113998413086, 5.2101216316223145, 5.075656414031982, 4.98234748840332, 4.915369510650635, 4.833864212036133, 4.753903865814209, 4.677955627441406, 4.605784893035889, 4.53717565536499, 4.471930027008057, 4.409865856170654, 4.350815296173096, 4.294623374938965, 4.241147041320801, 4.190253734588623, 4.141821384429932, 4.095735549926758, 4.051891803741455, 4.010191917419434, 3.970545530319214, 3.932868242263794, 3.8970818519592285, 3.8631134033203125, 3.83089542388916, 3.8003647327423096, 3.771462917327881, 3.744135618209839, 3.718332290649414, 3.6940059661865234, 3.6711130142211914, 3.64961314201355, 3.6294686794281006, 3.6106455326080322, 3.593111515045166, 3.5768370628356934, 3.561795711517334, 3.5479624271392822, 3.5353150367736816, 3.5238327980041504, 3.513497829437256, 3.504293441772461, 3.4962053298950195, 3.4892208576202393, 3.4833290576934814, 3.4785208702087402, 3.4747886657714844, 3.4721269607543945, 3.470531463623047, 3.4700000286102295]
intensities: [0.0, 0.0, 0.0, 0.0, 0.0, 0.0, 0.0, 0.0, 0.0, 0.0, 0.0, 0.0, 0.0, 0.0, 0.0, 0.0, 0.0, 0.0, 0.0, 0.0, 0.0, 0.0, 0.0, 0.0, 0.0, 0.0, 0.0, 0.0, 0.0, 0.0, 0.0, 0.0, 0.0, 0.0, 0.0, 0.0, 0.0, 0.0, 0.0, 0.0, 0.0, 0.0, 0.0, 0.0, 0.0, 0.0, 0.0, 0.0, 0.0, 0.0, 0.0, 0.0, 0.0, 0.0, 0.0, 0.0, 0.0, 0.0, 0.0, 0.0, 0.0, 0.0, 0.0, 0.0, 0.0, 0.0, 0.0, 0.0, 0.0, 0.0, 0.0, 0.0, 0.0, 0.0, 0.0, 0.0, 0.0, 0.0, 0.0, 0.0, 0.0, 0.0, 0.0, 0.0, 0.0, 0.0, 0.0, 0.0, 0.0, 0.0, 0.0, 0.0, 0.0, 0.0, 0.0, 0.0, 0.0, 0.0, 0.0, 0.0, 0.0, 0.0, 0.0, 0.0, 0.0, 0.0, 0.0, 0.0, 0.0, 0.0, 0.0, 0.0, 0.0, 0.0, 0.0, 0.0, 0.0, 0.0, 0.0, 0.0, 0.0, 0.0, 0.0, 0.0, 0.0, 0.0, 0.0, 0.0, 0.0, 0.0, 0.0, 0.0, 0.0, 0.0, 0.0, 0.0, 0.0, 0.0, 0.0, 0.0, 0.0, 0.0, 0.0, 0.0, 0.0, 0.0, 0.0, 0.0, 0.0, 0.0, 0.0, 0.0, 0.0, 0.0, 0.0, 0.0, 0.0, 0.0, 0.0, 0.0, 0.0, 0.0, 0.0, 0.0, 0.0, 0.0, 0.0, 0.0, 0.0, 0.0, 0.0, 0.0, 0.0, 0.0, 0.0, 0.0, 0.0, 0.0, 0.0, 0.0, 0.0, 0.0, 0.0, 0.0, 0.0, 0.0, 0.0, 0.0, 0.0, 0.0, 0.0, 0.0, 0.0, 0.0, 0.0, 0.0, 0.0, 0.0, 0.0, 0.0, 0.0, 0.0, 0.0, 0.0, 0.0, 0.0, 0.0, 0.0, 0.0, 0.0, 0.0, 0.0, 0.0, 0.0, 0.0, 0.0, 0.0, 0.0, 0.0, 0.0, 0.0, 0.0, 0.0, 0.0, 0.0, 0.0, 0.0, 0.0, 0.0, 0.0, 0.0, 0.0, 0.0, 0.0, 0.0, 0.0, 0.0, 0.0, 0.0, 0.0, 0.0, 0.0, 0.0, 0.0, 0.0, 0.0, 0.0, 0.0, 0.0, 0.0, 0.0, 0.0, 0.0, 0.0, 0.0, 0.0, 0.0, 0.0, 0.0, 0.0, 0.0, 0.0, 0.0, 0.0, 0.0, 0.0, 0.0, 0.0, 0.0, 0.0, 0.0, 0.0, 0.0, 0.0, 0.0, 0.0, 0.0, 0.0, 0.0, 0.0, 0.0, 0.0, 0.0, 0.0, 0.0, 0.0, 0.0, 0.0, 0.0, 0.0, 0.0, 0.0, 0.0, 0.0, 0.0, 0.0, 0.0, 0.0, 0.0, 0.0, 0.0, 0.0, 0.0, 0.0, 0.0, 0.0, 0.0, 0.0, 0.0, 0.0, 0.0, 0.0, 0.0, 0.0, 0.0, 0.0, 0.0, 0.0, 0.0, 0.0, 0.0, 0.0, 0.0, 0.0, 0.0, 0.0, 0.0, 0.0, 0.0, 0.0, 0.0, 0.0, 0.0, 0.0, 0.0, 0.0, 0.0, 0.0, 0.0, 0.0, 0.0, 0.0, 0.0, 0.0, 0.0, 0.0, 0.0, 0.0, 0.0, 0.0, 0.0, 0.0, 0.0, 0.0, 0.0, 0.0, 0.0, 0.0, 0.0, 0.0]
---
header: 
  seq: 846
  stamp: 
    secs: 84
    nsecs: 700000000
  frame_id: "base_laser_link"
angle_min: -3.14159274101
angle_max: 3.14159274101
angle_increment: 0.0175019092858
time_increment: 0.0
scan_time: 0.0
range_min: 0.15000000596
range_max: 16.0
ranges: [3.4700000286102295, 3.470531463623047, 3.4721269607543945, 3.4747886657714844, 3.4785208702087402, 3.4833290576934814, 3.4892208576202393, 3.4962053298950195, 3.504293441772461, 3.513497829437256, 3.5238327980041504, 3.5353150367736816, 3.5479624271392822, 3.561795711517334, 3.5768370628356934, 3.593111515045166, 3.6106455326080322, 3.6294686794281006, 3.64961314201355, 3.6711130142211914, 3.6940059661865234, 3.718332290649414, 3.744135618209839, 3.771462917327881, 3.8003647327423096, 3.83089542388916, 3.8631134033203125, 3.8970818519592285, 3.932868242263794, 3.970545530319214, 4.010191917419434, 4.051891803741455, 4.095735549926758, 4.141821384429932, 4.190253734588623, 4.241147041320801, 4.294623374938965, 4.350815296173096, 4.409865856170654, 4.471930027008057, 4.53717565536499, 4.605784893035889, 4.677955627441406, 4.753903865814209, 4.833864212036133, 4.91351318359375, 4.993371486663818, 5.0791449546813965, 5.197863578796387, 5.3155598640441895, 5.289180755615234, 5.290842533111572, 5.21806526184082, 5.1488189697265625, 5.082922458648682, 5.020209789276123, 4.960526943206787, 4.903730869293213, 4.849689483642578, 4.798279762268066, 4.749387741088867, 4.702908515930176, 4.658743381500244, 4.616800785064697, 4.576996326446533, 4.53925085067749, 4.503490924835205, 4.469648361206055, 4.437660217285156, 4.407466888427734, 4.379013538360596, 4.352250099182129, 4.327129364013672, 4.30360746383667, 4.281644344329834, 4.261202812194824, 4.242249011993408, 4.2247514724731445, 4.208681106567383, 4.194012641906738, 4.172346591949463, 4.168788433074951, 4.158193111419678, 4.148918628692627, 4.140951156616211, 4.134278297424316, 4.128889560699463, 4.124776840209961, 4.121933460235596, 4.120355129241943, 4.120039463043213, 4.120985984802246, 4.123196601867676, 4.126674175262451, 4.1314239501953125, 4.137453556060791, 4.144772529602051, 4.153391361236572, 4.163324356079102, 4.174586772918701, 4.187196731567383, 4.201173305511475, 4.21653938293457, 4.2333197593688965, 4.251542091369629, 4.271235942840576, 4.292433738708496, 4.315171241760254, 4.339487552642822, 4.365423679351807, 4.393025875091553, 4.422342777252197, 4.453426361083984, 4.486334323883057, 4.521127223968506, 4.557870864868164, 4.5966362953186035, 4.547451019287109, 4.424826622009277, 4.298773288726807, 4.233541965484619, 4.264809608459473, 4.315388202667236, 4.381141185760498, 4.432863235473633, 4.48721170425415, 4.544318675994873, 4.6043267250061035, 4.667388916015625, 4.733673095703125, 4.803359508514404, 4.876644611358643, 4.953741550445557, 5.034882068634033, 5.120319366455078, 5.189908504486084, 5.175008296966553, 5.095940589904785, 5.01593542098999, 4.9398932456970215, 4.86759090423584, 4.79882287979126, 4.733401298522949, 4.6650776863098145, 4.611910343170166, 4.555531978607178, 4.501877307891846, 4.450819492340088, 4.40224027633667, 4.356029987335205, 4.312086582183838, 4.270294666290283, 4.230630397796631, 4.192948341369629, 4.157193660736084, 4.123295783996582, 4.091189384460449, 4.060812950134277, 4.032110691070557, 4.005029678344727, 3.979520320892334, 3.955538034439087, 3.9330406188964844, 3.911989212036133, 3.892347812652588, 3.8740835189819336, 3.857165575027466, 3.841566324234009, 3.8272604942321777, 3.8142249584198, 3.802438497543335, 3.7918825149536133, 3.7825403213500977, 3.774397611618042, 3.7674412727355957, 3.761660575866699, 3.757046699523926, 3.7535924911499023, 3.7512927055358887, 3.750143527984619, 3.750143527984619, 3.7512927055358887, 3.7535924911499023, 3.749638557434082, 3.761660575866699, 3.526324987411499, 2.9289324283599854, 2.8747308254241943, 2.8818306922912598, 2.8898532390594482, 2.898810863494873, 2.9087181091308594, 2.919590473175049, 2.931445837020874, 2.944303512573242, 2.958184242248535, 2.973111867904663, 2.9891109466552734, 3.006208896636963, 3.024435520172119, 3.0438225269317627, 3.064404249191284, 3.0862178802490234, 3.1093037128448486, 3.133704662322998, 3.1594669818878174, 3.186640739440918, 3.2152791023254395, 3.2454402446746826, 3.2597544193267822, 3.3055403232574463, 3.335850954055786, 3.3733763694763184, 3.4178764820098877, 3.444875955581665, 3.4779443740844727, 3.417309522628784, 3.3449368476867676, 3.2631995677948, 3.2061197757720947, 3.1747045516967773, 3.22357439994812, 3.274991035461426, 3.329110860824585, 3.386104106903076, 3.4269700050354004, 3.48703670501709, 3.5495338439941406, 3.644930839538574, 3.7135403156280518, 3.785285234451294, 3.8604319095611572, 3.947075605392456, 4.055870532989502, 4.119407653808594, 4.261021137237549, 4.3588738441467285, 4.4762163162231445, 4.6109161376953125, 4.63629150390625, 4.588206768035889, 4.544216156005859, 4.502426624298096, 4.462753772735596, 4.425117492675781, 4.389443874359131, 4.355664253234863, 4.323714733123779, 4.29353666305542, 4.265073776245117, 4.238275527954102, 4.213094711303711, 4.189486503601074, 4.1674113273620605, 4.1468305587768555, 4.127710819244385, 4.110019207000732, 4.0937275886535645, 4.078808784484863, 4.065239429473877, 4.05299711227417, 4.042062759399414, 4.032419204711914, 4.024050712585449, 4.0169453620910645, 4.011091232299805, 4.006479740142822, 4.003103256225586, 4.000957489013672, 4.000038146972656, 4.000344753265381, 4.0018768310546875, 4.004637718200684, 4.008630752563477, 4.013862609863281, 4.020340919494629, 4.028076171875, 4.03708028793335, 4.047367572784424, 4.058953762054443, 4.07185697555542, 4.0860981941223145, 4.101700305938721, 4.118688583374023, 4.13709020614624, 4.156936168670654, 4.17825984954834, 4.201096534729004, 4.225485801696777, 4.251469612121582, 4.2790937423706055, 4.308407783508301, 4.3394646644592285, 4.372321128845215, 4.407039642333984, 4.443685531616211, 4.482330799102783, 4.523051738739014, 4.5659308433532715, 4.611056327819824, 4.658524036407471, 4.708436012268066, 4.760903835296631, 4.816045761108398, 4.873990058898926, 4.934876441955566, 4.9988532066345215, 5.066082954406738, 5.136740684509277, 5.211015701293945, 5.289113998413086, 5.2101216316223145, 5.075656414031982, 4.98234748840332, 4.915369510650635, 4.833864212036133, 4.753903865814209, 4.677955627441406, 4.605784893035889, 4.53717565536499, 4.471930027008057, 4.409865856170654, 4.350815296173096, 4.294623374938965, 4.241147041320801, 4.190253734588623, 4.141821384429932, 4.095735549926758, 4.051891803741455, 4.010191917419434, 3.970545530319214, 3.932868242263794, 3.8970818519592285, 3.8631134033203125, 3.83089542388916, 3.8003647327423096, 3.771462917327881, 3.744135618209839, 3.718332290649414, 3.6940059661865234, 3.6711130142211914, 3.64961314201355, 3.6294686794281006, 3.6106455326080322, 3.593111515045166, 3.5768370628356934, 3.561795711517334, 3.5479624271392822, 3.5353150367736816, 3.5238327980041504, 3.513497829437256, 3.504293441772461, 3.4962053298950195, 3.4892208576202393, 3.4833290576934814, 3.4785208702087402, 3.4747886657714844, 3.4721269607543945, 3.470531463623047, 3.4700000286102295]
intensities: [0.0, 0.0, 0.0, 0.0, 0.0, 0.0, 0.0, 0.0, 0.0, 0.0, 0.0, 0.0, 0.0, 0.0, 0.0, 0.0, 0.0, 0.0, 0.0, 0.0, 0.0, 0.0, 0.0, 0.0, 0.0, 0.0, 0.0, 0.0, 0.0, 0.0, 0.0, 0.0, 0.0, 0.0, 0.0, 0.0, 0.0, 0.0, 0.0, 0.0, 0.0, 0.0, 0.0, 0.0, 0.0, 0.0, 0.0, 0.0, 0.0, 0.0, 0.0, 0.0, 0.0, 0.0, 0.0, 0.0, 0.0, 0.0, 0.0, 0.0, 0.0, 0.0, 0.0, 0.0, 0.0, 0.0, 0.0, 0.0, 0.0, 0.0, 0.0, 0.0, 0.0, 0.0, 0.0, 0.0, 0.0, 0.0, 0.0, 0.0, 0.0, 0.0, 0.0, 0.0, 0.0, 0.0, 0.0, 0.0, 0.0, 0.0, 0.0, 0.0, 0.0, 0.0, 0.0, 0.0, 0.0, 0.0, 0.0, 0.0, 0.0, 0.0, 0.0, 0.0, 0.0, 0.0, 0.0, 0.0, 0.0, 0.0, 0.0, 0.0, 0.0, 0.0, 0.0, 0.0, 0.0, 0.0, 0.0, 0.0, 0.0, 0.0, 0.0, 0.0, 0.0, 0.0, 0.0, 0.0, 0.0, 0.0, 0.0, 0.0, 0.0, 0.0, 0.0, 0.0, 0.0, 0.0, 0.0, 0.0, 0.0, 0.0, 0.0, 0.0, 0.0, 0.0, 0.0, 0.0, 0.0, 0.0, 0.0, 0.0, 0.0, 0.0, 0.0, 0.0, 0.0, 0.0, 0.0, 0.0, 0.0, 0.0, 0.0, 0.0, 0.0, 0.0, 0.0, 0.0, 0.0, 0.0, 0.0, 0.0, 0.0, 0.0, 0.0, 0.0, 0.0, 0.0, 0.0, 0.0, 0.0, 0.0, 0.0, 0.0, 0.0, 0.0, 0.0, 0.0, 0.0, 0.0, 0.0, 0.0, 0.0, 0.0, 0.0, 0.0, 0.0, 0.0, 0.0, 0.0, 0.0, 0.0, 0.0, 0.0, 0.0, 0.0, 0.0, 0.0, 0.0, 0.0, 0.0, 0.0, 0.0, 0.0, 0.0, 0.0, 0.0, 0.0, 0.0, 0.0, 0.0, 0.0, 0.0, 0.0, 0.0, 0.0, 0.0, 0.0, 0.0, 0.0, 0.0, 0.0, 0.0, 0.0, 0.0, 0.0, 0.0, 0.0, 0.0, 0.0, 0.0, 0.0, 0.0, 0.0, 0.0, 0.0, 0.0, 0.0, 0.0, 0.0, 0.0, 0.0, 0.0, 0.0, 0.0, 0.0, 0.0, 0.0, 0.0, 0.0, 0.0, 0.0, 0.0, 0.0, 0.0, 0.0, 0.0, 0.0, 0.0, 0.0, 0.0, 0.0, 0.0, 0.0, 0.0, 0.0, 0.0, 0.0, 0.0, 0.0, 0.0, 0.0, 0.0, 0.0, 0.0, 0.0, 0.0, 0.0, 0.0, 0.0, 0.0, 0.0, 0.0, 0.0, 0.0, 0.0, 0.0, 0.0, 0.0, 0.0, 0.0, 0.0, 0.0, 0.0, 0.0, 0.0, 0.0, 0.0, 0.0, 0.0, 0.0, 0.0, 0.0, 0.0, 0.0, 0.0, 0.0, 0.0, 0.0, 0.0, 0.0, 0.0, 0.0, 0.0, 0.0, 0.0, 0.0, 0.0, 0.0, 0.0, 0.0, 0.0, 0.0, 0.0, 0.0, 0.0, 0.0, 0.0, 0.0, 0.0, 0.0, 0.0, 0.0, 0.0, 0.0, 0.0, 0.0, 0.0, 0.0, 0.0, 0.0, 0.0, 0.0, 0.0, 0.0, 0.0, 0.0, 0.0, 0.0, 0.0]
---
header: 
  seq: 847
  stamp: 
    secs: 84
    nsecs: 800000000
  frame_id: "base_laser_link"
angle_min: -3.14159274101
angle_max: 3.14159274101
angle_increment: 0.0175019092858
time_increment: 0.0
scan_time: 0.0
range_min: 0.15000000596
range_max: 16.0
ranges: [3.4700000286102295, 3.470531463623047, 3.4721269607543945, 3.4747886657714844, 3.4785208702087402, 3.4833290576934814, 3.4892208576202393, 3.4962053298950195, 3.504293441772461, 3.513497829437256, 3.5238327980041504, 3.5353150367736816, 3.5479624271392822, 3.561795711517334, 3.5768370628356934, 3.593111515045166, 3.6106455326080322, 3.6294686794281006, 3.64961314201355, 3.6711130142211914, 3.6940059661865234, 3.718332290649414, 3.744135618209839, 3.771462917327881, 3.8003647327423096, 3.83089542388916, 3.8631134033203125, 3.8970818519592285, 3.932868242263794, 3.970545530319214, 4.010191917419434, 4.051891803741455, 4.095735549926758, 4.141821384429932, 4.190253734588623, 4.241147041320801, 4.294623374938965, 4.350815296173096, 4.409865856170654, 4.471930027008057, 4.53717565536499, 4.605784893035889, 4.677955627441406, 4.753903865814209, 4.833864212036133, 4.91351318359375, 4.993371486663818, 5.0791449546813965, 5.197863578796387, 5.3155598640441895, 5.289180755615234, 5.290842533111572, 5.21806526184082, 5.1488189697265625, 5.082922458648682, 5.020209789276123, 4.960526943206787, 4.903730869293213, 4.849689483642578, 4.798279762268066, 4.749387741088867, 4.702908515930176, 4.658743381500244, 4.616800785064697, 4.576996326446533, 4.53925085067749, 4.503490924835205, 4.469648361206055, 4.437660217285156, 4.407466888427734, 4.379013538360596, 4.352250099182129, 4.327129364013672, 4.30360746383667, 4.281644344329834, 4.261202812194824, 4.242249011993408, 4.2247514724731445, 4.208681106567383, 4.194012641906738, 4.172346591949463, 4.168788433074951, 4.158193111419678, 4.148918628692627, 4.140951156616211, 4.134278297424316, 4.128889560699463, 4.124776840209961, 4.121933460235596, 4.120355129241943, 4.120039463043213, 4.120985984802246, 4.123196601867676, 4.126674175262451, 4.1314239501953125, 4.137453556060791, 4.144772529602051, 4.153391361236572, 4.163324356079102, 4.174586772918701, 4.187196731567383, 4.201173305511475, 4.21653938293457, 4.2333197593688965, 4.251542091369629, 4.271235942840576, 4.292433738708496, 4.315171241760254, 4.339487552642822, 4.365423679351807, 4.393025875091553, 4.422342777252197, 4.453426361083984, 4.486334323883057, 4.521127223968506, 4.557870864868164, 4.5966362953186035, 4.547451019287109, 4.424826622009277, 4.298773288726807, 4.233541965484619, 4.264809608459473, 4.315388202667236, 4.381141185760498, 4.432863235473633, 4.48721170425415, 4.544318675994873, 4.6043267250061035, 4.667388916015625, 4.733673095703125, 4.803359508514404, 4.876644611358643, 4.953741550445557, 5.034882068634033, 5.120319366455078, 5.189908504486084, 5.175008296966553, 5.095940589904785, 5.01593542098999, 4.9398932456970215, 4.86759090423584, 4.79882287979126, 4.733401298522949, 4.6650776863098145, 4.611910343170166, 4.555531978607178, 4.501877307891846, 4.450819492340088, 4.40224027633667, 4.356029987335205, 4.312086582183838, 4.270294666290283, 4.230630397796631, 4.192948341369629, 4.157193660736084, 4.123295783996582, 4.091189384460449, 4.060812950134277, 4.032110691070557, 4.005029678344727, 3.979520320892334, 3.955538034439087, 3.9330406188964844, 3.911989212036133, 3.892347812652588, 3.8740835189819336, 3.857165575027466, 3.841566324234009, 3.8272604942321777, 3.8142249584198, 3.802438497543335, 3.7918825149536133, 3.7825403213500977, 3.774397611618042, 3.7674412727355957, 3.761660575866699, 3.757046699523926, 3.7535924911499023, 3.7512927055358887, 3.750143527984619, 3.750143527984619, 3.7512927055358887, 3.7535924911499023, 3.749638557434082, 3.761660575866699, 3.526324987411499, 2.9289324283599854, 2.8747308254241943, 2.8818306922912598, 2.8898532390594482, 2.898810863494873, 2.9087181091308594, 2.919590473175049, 2.931445837020874, 2.944303512573242, 2.958184242248535, 2.973111867904663, 2.9891109466552734, 3.006208896636963, 3.024435520172119, 3.0438225269317627, 3.064404249191284, 3.0862178802490234, 3.1093037128448486, 3.133704662322998, 3.1594669818878174, 3.186640739440918, 3.2152791023254395, 3.2454402446746826, 3.2597544193267822, 3.3055403232574463, 3.335850954055786, 3.3733763694763184, 3.4178764820098877, 3.444875955581665, 3.4779443740844727, 3.417309522628784, 3.3449368476867676, 3.2631995677948, 3.2061197757720947, 3.1747045516967773, 3.22357439994812, 3.274991035461426, 3.329110860824585, 3.386104106903076, 3.4269700050354004, 3.48703670501709, 3.5495338439941406, 3.644930839538574, 3.7135403156280518, 3.785285234451294, 3.8604319095611572, 3.947075605392456, 4.055870532989502, 4.119407653808594, 4.261021137237549, 4.3588738441467285, 4.4762163162231445, 4.6109161376953125, 4.63629150390625, 4.588206768035889, 4.544216156005859, 4.502426624298096, 4.462753772735596, 4.425117492675781, 4.389443874359131, 4.355664253234863, 4.323714733123779, 4.29353666305542, 4.265073776245117, 4.238275527954102, 4.213094711303711, 4.189486503601074, 4.1674113273620605, 4.1468305587768555, 4.127710819244385, 4.110019207000732, 4.0937275886535645, 4.078808784484863, 4.065239429473877, 4.05299711227417, 4.042062759399414, 4.032419204711914, 4.024050712585449, 4.0169453620910645, 4.011091232299805, 4.006479740142822, 4.003103256225586, 4.000957489013672, 4.000038146972656, 4.000344753265381, 4.0018768310546875, 4.004637718200684, 4.008630752563477, 4.013862609863281, 4.020340919494629, 4.028076171875, 4.03708028793335, 4.047367572784424, 4.058953762054443, 4.07185697555542, 4.0860981941223145, 4.101700305938721, 4.118688583374023, 4.13709020614624, 4.156936168670654, 4.17825984954834, 4.201096534729004, 4.225485801696777, 4.251469612121582, 4.2790937423706055, 4.308407783508301, 4.3394646644592285, 4.372321128845215, 4.407039642333984, 4.443685531616211, 4.482330799102783, 4.523051738739014, 4.5659308433532715, 4.611056327819824, 4.658524036407471, 4.708436012268066, 4.760903835296631, 4.816045761108398, 4.873990058898926, 4.934876441955566, 4.9988532066345215, 5.066082954406738, 5.136740684509277, 5.211015701293945, 5.289113998413086, 5.2101216316223145, 5.075656414031982, 4.98234748840332, 4.915369510650635, 4.833864212036133, 4.753903865814209, 4.677955627441406, 4.605784893035889, 4.53717565536499, 4.471930027008057, 4.409865856170654, 4.350815296173096, 4.294623374938965, 4.241147041320801, 4.190253734588623, 4.141821384429932, 4.095735549926758, 4.051891803741455, 4.010191917419434, 3.970545530319214, 3.932868242263794, 3.8970818519592285, 3.8631134033203125, 3.83089542388916, 3.8003647327423096, 3.771462917327881, 3.744135618209839, 3.718332290649414, 3.6940059661865234, 3.6711130142211914, 3.64961314201355, 3.6294686794281006, 3.6106455326080322, 3.593111515045166, 3.5768370628356934, 3.561795711517334, 3.5479624271392822, 3.5353150367736816, 3.5238327980041504, 3.513497829437256, 3.504293441772461, 3.4962053298950195, 3.4892208576202393, 3.4833290576934814, 3.4785208702087402, 3.4747886657714844, 3.4721269607543945, 3.470531463623047, 3.4700000286102295]
intensities: [0.0, 0.0, 0.0, 0.0, 0.0, 0.0, 0.0, 0.0, 0.0, 0.0, 0.0, 0.0, 0.0, 0.0, 0.0, 0.0, 0.0, 0.0, 0.0, 0.0, 0.0, 0.0, 0.0, 0.0, 0.0, 0.0, 0.0, 0.0, 0.0, 0.0, 0.0, 0.0, 0.0, 0.0, 0.0, 0.0, 0.0, 0.0, 0.0, 0.0, 0.0, 0.0, 0.0, 0.0, 0.0, 0.0, 0.0, 0.0, 0.0, 0.0, 0.0, 0.0, 0.0, 0.0, 0.0, 0.0, 0.0, 0.0, 0.0, 0.0, 0.0, 0.0, 0.0, 0.0, 0.0, 0.0, 0.0, 0.0, 0.0, 0.0, 0.0, 0.0, 0.0, 0.0, 0.0, 0.0, 0.0, 0.0, 0.0, 0.0, 0.0, 0.0, 0.0, 0.0, 0.0, 0.0, 0.0, 0.0, 0.0, 0.0, 0.0, 0.0, 0.0, 0.0, 0.0, 0.0, 0.0, 0.0, 0.0, 0.0, 0.0, 0.0, 0.0, 0.0, 0.0, 0.0, 0.0, 0.0, 0.0, 0.0, 0.0, 0.0, 0.0, 0.0, 0.0, 0.0, 0.0, 0.0, 0.0, 0.0, 0.0, 0.0, 0.0, 0.0, 0.0, 0.0, 0.0, 0.0, 0.0, 0.0, 0.0, 0.0, 0.0, 0.0, 0.0, 0.0, 0.0, 0.0, 0.0, 0.0, 0.0, 0.0, 0.0, 0.0, 0.0, 0.0, 0.0, 0.0, 0.0, 0.0, 0.0, 0.0, 0.0, 0.0, 0.0, 0.0, 0.0, 0.0, 0.0, 0.0, 0.0, 0.0, 0.0, 0.0, 0.0, 0.0, 0.0, 0.0, 0.0, 0.0, 0.0, 0.0, 0.0, 0.0, 0.0, 0.0, 0.0, 0.0, 0.0, 0.0, 0.0, 0.0, 0.0, 0.0, 0.0, 0.0, 0.0, 0.0, 0.0, 0.0, 0.0, 0.0, 0.0, 0.0, 0.0, 0.0, 0.0, 0.0, 0.0, 0.0, 0.0, 0.0, 0.0, 0.0, 0.0, 0.0, 0.0, 0.0, 0.0, 0.0, 0.0, 0.0, 0.0, 0.0, 0.0, 0.0, 0.0, 0.0, 0.0, 0.0, 0.0, 0.0, 0.0, 0.0, 0.0, 0.0, 0.0, 0.0, 0.0, 0.0, 0.0, 0.0, 0.0, 0.0, 0.0, 0.0, 0.0, 0.0, 0.0, 0.0, 0.0, 0.0, 0.0, 0.0, 0.0, 0.0, 0.0, 0.0, 0.0, 0.0, 0.0, 0.0, 0.0, 0.0, 0.0, 0.0, 0.0, 0.0, 0.0, 0.0, 0.0, 0.0, 0.0, 0.0, 0.0, 0.0, 0.0, 0.0, 0.0, 0.0, 0.0, 0.0, 0.0, 0.0, 0.0, 0.0, 0.0, 0.0, 0.0, 0.0, 0.0, 0.0, 0.0, 0.0, 0.0, 0.0, 0.0, 0.0, 0.0, 0.0, 0.0, 0.0, 0.0, 0.0, 0.0, 0.0, 0.0, 0.0, 0.0, 0.0, 0.0, 0.0, 0.0, 0.0, 0.0, 0.0, 0.0, 0.0, 0.0, 0.0, 0.0, 0.0, 0.0, 0.0, 0.0, 0.0, 0.0, 0.0, 0.0, 0.0, 0.0, 0.0, 0.0, 0.0, 0.0, 0.0, 0.0, 0.0, 0.0, 0.0, 0.0, 0.0, 0.0, 0.0, 0.0, 0.0, 0.0, 0.0, 0.0, 0.0, 0.0, 0.0, 0.0, 0.0, 0.0, 0.0, 0.0, 0.0, 0.0, 0.0, 0.0, 0.0, 0.0, 0.0, 0.0, 0.0, 0.0, 0.0, 0.0, 0.0]
---
header: 
  seq: 848
  stamp: 
    secs: 84
    nsecs: 900000000
  frame_id: "base_laser_link"
angle_min: -3.14159274101
angle_max: 3.14159274101
angle_increment: 0.0175019092858
time_increment: 0.0
scan_time: 0.0
range_min: 0.15000000596
range_max: 16.0
ranges: [3.4700000286102295, 3.470531463623047, 3.4721269607543945, 3.4747886657714844, 3.4785208702087402, 3.4833290576934814, 3.4892208576202393, 3.4962053298950195, 3.504293441772461, 3.513497829437256, 3.5238327980041504, 3.5353150367736816, 3.5479624271392822, 3.561795711517334, 3.5768370628356934, 3.593111515045166, 3.6106455326080322, 3.6294686794281006, 3.64961314201355, 3.6711130142211914, 3.6940059661865234, 3.718332290649414, 3.744135618209839, 3.771462917327881, 3.8003647327423096, 3.83089542388916, 3.8631134033203125, 3.8970818519592285, 3.932868242263794, 3.970545530319214, 4.010191917419434, 4.051891803741455, 4.095735549926758, 4.141821384429932, 4.190253734588623, 4.241147041320801, 4.294623374938965, 4.350815296173096, 4.409865856170654, 4.471930027008057, 4.53717565536499, 4.605784893035889, 4.677955627441406, 4.753903865814209, 4.833864212036133, 4.91351318359375, 4.993371486663818, 5.0791449546813965, 5.197863578796387, 5.3155598640441895, 5.289180755615234, 5.290842533111572, 5.21806526184082, 5.1488189697265625, 5.082922458648682, 5.020209789276123, 4.960526943206787, 4.903730869293213, 4.849689483642578, 4.798279762268066, 4.749387741088867, 4.702908515930176, 4.658743381500244, 4.616800785064697, 4.576996326446533, 4.53925085067749, 4.503490924835205, 4.469648361206055, 4.437660217285156, 4.407466888427734, 4.379013538360596, 4.352250099182129, 4.327129364013672, 4.30360746383667, 4.281644344329834, 4.261202812194824, 4.242249011993408, 4.2247514724731445, 4.208681106567383, 4.194012641906738, 4.172346591949463, 4.168788433074951, 4.158193111419678, 4.148918628692627, 4.140951156616211, 4.134278297424316, 4.128889560699463, 4.124776840209961, 4.121933460235596, 4.120355129241943, 4.120039463043213, 4.120985984802246, 4.123196601867676, 4.126674175262451, 4.1314239501953125, 4.137453556060791, 4.144772529602051, 4.153391361236572, 4.163324356079102, 4.174586772918701, 4.187196731567383, 4.201173305511475, 4.21653938293457, 4.2333197593688965, 4.251542091369629, 4.271235942840576, 4.292433738708496, 4.315171241760254, 4.339487552642822, 4.365423679351807, 4.393025875091553, 4.422342777252197, 4.453426361083984, 4.486334323883057, 4.521127223968506, 4.557870864868164, 4.5966362953186035, 4.547451019287109, 4.424826622009277, 4.298773288726807, 4.233541965484619, 4.264809608459473, 4.315388202667236, 4.381141185760498, 4.432863235473633, 4.48721170425415, 4.544318675994873, 4.6043267250061035, 4.667388916015625, 4.733673095703125, 4.803359508514404, 4.876644611358643, 4.953741550445557, 5.034882068634033, 5.120319366455078, 5.189908504486084, 5.175008296966553, 5.095940589904785, 5.01593542098999, 4.9398932456970215, 4.86759090423584, 4.79882287979126, 4.733401298522949, 4.6650776863098145, 4.611910343170166, 4.555531978607178, 4.501877307891846, 4.450819492340088, 4.40224027633667, 4.356029987335205, 4.312086582183838, 4.270294666290283, 4.230630397796631, 4.192948341369629, 4.157193660736084, 4.123295783996582, 4.091189384460449, 4.060812950134277, 4.032110691070557, 4.005029678344727, 3.979520320892334, 3.955538034439087, 3.9330406188964844, 3.911989212036133, 3.892347812652588, 3.8740835189819336, 3.857165575027466, 3.841566324234009, 3.8272604942321777, 3.8142249584198, 3.802438497543335, 3.7918825149536133, 3.7825403213500977, 3.774397611618042, 3.7674412727355957, 3.761660575866699, 3.757046699523926, 3.7535924911499023, 3.7512927055358887, 3.750143527984619, 3.750143527984619, 3.7512927055358887, 3.7535924911499023, 3.749638557434082, 3.761660575866699, 3.526324987411499, 2.9289324283599854, 2.8747308254241943, 2.8818306922912598, 2.8898532390594482, 2.898810863494873, 2.9087181091308594, 2.919590473175049, 2.931445837020874, 2.944303512573242, 2.958184242248535, 2.973111867904663, 2.9891109466552734, 3.006208896636963, 3.024435520172119, 3.0438225269317627, 3.064404249191284, 3.0862178802490234, 3.1093037128448486, 3.133704662322998, 3.1594669818878174, 3.186640739440918, 3.2152791023254395, 3.2454402446746826, 3.2597544193267822, 3.3055403232574463, 3.335850954055786, 3.3733763694763184, 3.4178764820098877, 3.444875955581665, 3.4779443740844727, 3.417309522628784, 3.3449368476867676, 3.2631995677948, 3.2061197757720947, 3.1747045516967773, 3.22357439994812, 3.274991035461426, 3.329110860824585, 3.386104106903076, 3.4269700050354004, 3.48703670501709, 3.5495338439941406, 3.644930839538574, 3.7135403156280518, 3.785285234451294, 3.8604319095611572, 3.947075605392456, 4.055870532989502, 4.119407653808594, 4.261021137237549, 4.3588738441467285, 4.4762163162231445, 4.6109161376953125, 4.63629150390625, 4.588206768035889, 4.544216156005859, 4.502426624298096, 4.462753772735596, 4.425117492675781, 4.389443874359131, 4.355664253234863, 4.323714733123779, 4.29353666305542, 4.265073776245117, 4.238275527954102, 4.213094711303711, 4.189486503601074, 4.1674113273620605, 4.1468305587768555, 4.127710819244385, 4.110019207000732, 4.0937275886535645, 4.078808784484863, 4.065239429473877, 4.05299711227417, 4.042062759399414, 4.032419204711914, 4.024050712585449, 4.0169453620910645, 4.011091232299805, 4.006479740142822, 4.003103256225586, 4.000957489013672, 4.000038146972656, 4.000344753265381, 4.0018768310546875, 4.004637718200684, 4.008630752563477, 4.013862609863281, 4.020340919494629, 4.028076171875, 4.03708028793335, 4.047367572784424, 4.058953762054443, 4.07185697555542, 4.0860981941223145, 4.101700305938721, 4.118688583374023, 4.13709020614624, 4.156936168670654, 4.17825984954834, 4.201096534729004, 4.225485801696777, 4.251469612121582, 4.2790937423706055, 4.308407783508301, 4.3394646644592285, 4.372321128845215, 4.407039642333984, 4.443685531616211, 4.482330799102783, 4.523051738739014, 4.5659308433532715, 4.611056327819824, 4.658524036407471, 4.708436012268066, 4.760903835296631, 4.816045761108398, 4.873990058898926, 4.934876441955566, 4.9988532066345215, 5.066082954406738, 5.136740684509277, 5.211015701293945, 5.289113998413086, 5.2101216316223145, 5.075656414031982, 4.98234748840332, 4.915369510650635, 4.833864212036133, 4.753903865814209, 4.677955627441406, 4.605784893035889, 4.53717565536499, 4.471930027008057, 4.409865856170654, 4.350815296173096, 4.294623374938965, 4.241147041320801, 4.190253734588623, 4.141821384429932, 4.095735549926758, 4.051891803741455, 4.010191917419434, 3.970545530319214, 3.932868242263794, 3.8970818519592285, 3.8631134033203125, 3.83089542388916, 3.8003647327423096, 3.771462917327881, 3.744135618209839, 3.718332290649414, 3.6940059661865234, 3.6711130142211914, 3.64961314201355, 3.6294686794281006, 3.6106455326080322, 3.593111515045166, 3.5768370628356934, 3.561795711517334, 3.5479624271392822, 3.5353150367736816, 3.5238327980041504, 3.513497829437256, 3.504293441772461, 3.4962053298950195, 3.4892208576202393, 3.4833290576934814, 3.4785208702087402, 3.4747886657714844, 3.4721269607543945, 3.470531463623047, 3.4700000286102295]
intensities: [0.0, 0.0, 0.0, 0.0, 0.0, 0.0, 0.0, 0.0, 0.0, 0.0, 0.0, 0.0, 0.0, 0.0, 0.0, 0.0, 0.0, 0.0, 0.0, 0.0, 0.0, 0.0, 0.0, 0.0, 0.0, 0.0, 0.0, 0.0, 0.0, 0.0, 0.0, 0.0, 0.0, 0.0, 0.0, 0.0, 0.0, 0.0, 0.0, 0.0, 0.0, 0.0, 0.0, 0.0, 0.0, 0.0, 0.0, 0.0, 0.0, 0.0, 0.0, 0.0, 0.0, 0.0, 0.0, 0.0, 0.0, 0.0, 0.0, 0.0, 0.0, 0.0, 0.0, 0.0, 0.0, 0.0, 0.0, 0.0, 0.0, 0.0, 0.0, 0.0, 0.0, 0.0, 0.0, 0.0, 0.0, 0.0, 0.0, 0.0, 0.0, 0.0, 0.0, 0.0, 0.0, 0.0, 0.0, 0.0, 0.0, 0.0, 0.0, 0.0, 0.0, 0.0, 0.0, 0.0, 0.0, 0.0, 0.0, 0.0, 0.0, 0.0, 0.0, 0.0, 0.0, 0.0, 0.0, 0.0, 0.0, 0.0, 0.0, 0.0, 0.0, 0.0, 0.0, 0.0, 0.0, 0.0, 0.0, 0.0, 0.0, 0.0, 0.0, 0.0, 0.0, 0.0, 0.0, 0.0, 0.0, 0.0, 0.0, 0.0, 0.0, 0.0, 0.0, 0.0, 0.0, 0.0, 0.0, 0.0, 0.0, 0.0, 0.0, 0.0, 0.0, 0.0, 0.0, 0.0, 0.0, 0.0, 0.0, 0.0, 0.0, 0.0, 0.0, 0.0, 0.0, 0.0, 0.0, 0.0, 0.0, 0.0, 0.0, 0.0, 0.0, 0.0, 0.0, 0.0, 0.0, 0.0, 0.0, 0.0, 0.0, 0.0, 0.0, 0.0, 0.0, 0.0, 0.0, 0.0, 0.0, 0.0, 0.0, 0.0, 0.0, 0.0, 0.0, 0.0, 0.0, 0.0, 0.0, 0.0, 0.0, 0.0, 0.0, 0.0, 0.0, 0.0, 0.0, 0.0, 0.0, 0.0, 0.0, 0.0, 0.0, 0.0, 0.0, 0.0, 0.0, 0.0, 0.0, 0.0, 0.0, 0.0, 0.0, 0.0, 0.0, 0.0, 0.0, 0.0, 0.0, 0.0, 0.0, 0.0, 0.0, 0.0, 0.0, 0.0, 0.0, 0.0, 0.0, 0.0, 0.0, 0.0, 0.0, 0.0, 0.0, 0.0, 0.0, 0.0, 0.0, 0.0, 0.0, 0.0, 0.0, 0.0, 0.0, 0.0, 0.0, 0.0, 0.0, 0.0, 0.0, 0.0, 0.0, 0.0, 0.0, 0.0, 0.0, 0.0, 0.0, 0.0, 0.0, 0.0, 0.0, 0.0, 0.0, 0.0, 0.0, 0.0, 0.0, 0.0, 0.0, 0.0, 0.0, 0.0, 0.0, 0.0, 0.0, 0.0, 0.0, 0.0, 0.0, 0.0, 0.0, 0.0, 0.0, 0.0, 0.0, 0.0, 0.0, 0.0, 0.0, 0.0, 0.0, 0.0, 0.0, 0.0, 0.0, 0.0, 0.0, 0.0, 0.0, 0.0, 0.0, 0.0, 0.0, 0.0, 0.0, 0.0, 0.0, 0.0, 0.0, 0.0, 0.0, 0.0, 0.0, 0.0, 0.0, 0.0, 0.0, 0.0, 0.0, 0.0, 0.0, 0.0, 0.0, 0.0, 0.0, 0.0, 0.0, 0.0, 0.0, 0.0, 0.0, 0.0, 0.0, 0.0, 0.0, 0.0, 0.0, 0.0, 0.0, 0.0, 0.0, 0.0, 0.0, 0.0, 0.0, 0.0, 0.0, 0.0, 0.0, 0.0, 0.0, 0.0, 0.0, 0.0, 0.0, 0.0]
---
header: 
  seq: 849
  stamp: 
    secs: 85
    nsecs:         0
  frame_id: "base_laser_link"
angle_min: -3.14159274101
angle_max: 3.14159274101
angle_increment: 0.0175019092858
time_increment: 0.0
scan_time: 0.0
range_min: 0.15000000596
range_max: 16.0
ranges: [3.4700000286102295, 3.470531463623047, 3.4721269607543945, 3.4747886657714844, 3.4785208702087402, 3.4833290576934814, 3.4892208576202393, 3.4962053298950195, 3.504293441772461, 3.513497829437256, 3.5238327980041504, 3.5353150367736816, 3.5479624271392822, 3.561795711517334, 3.5768370628356934, 3.593111515045166, 3.6106455326080322, 3.6294686794281006, 3.64961314201355, 3.6711130142211914, 3.6940059661865234, 3.718332290649414, 3.744135618209839, 3.771462917327881, 3.8003647327423096, 3.83089542388916, 3.8631134033203125, 3.8970818519592285, 3.932868242263794, 3.970545530319214, 4.010191917419434, 4.051891803741455, 4.095735549926758, 4.141821384429932, 4.190253734588623, 4.241147041320801, 4.294623374938965, 4.350815296173096, 4.409865856170654, 4.471930027008057, 4.53717565536499, 4.605784893035889, 4.677955627441406, 4.753903865814209, 4.833864212036133, 4.91351318359375, 4.993371486663818, 5.0791449546813965, 5.197863578796387, 5.3155598640441895, 5.289180755615234, 5.290842533111572, 5.21806526184082, 5.1488189697265625, 5.082922458648682, 5.020209789276123, 4.960526943206787, 4.903730869293213, 4.849689483642578, 4.798279762268066, 4.749387741088867, 4.702908515930176, 4.658743381500244, 4.616800785064697, 4.576996326446533, 4.53925085067749, 4.503490924835205, 4.469648361206055, 4.437660217285156, 4.407466888427734, 4.379013538360596, 4.352250099182129, 4.327129364013672, 4.30360746383667, 4.281644344329834, 4.261202812194824, 4.242249011993408, 4.2247514724731445, 4.208681106567383, 4.194012641906738, 4.172346591949463, 4.168788433074951, 4.158193111419678, 4.148918628692627, 4.140951156616211, 4.134278297424316, 4.128889560699463, 4.124776840209961, 4.121933460235596, 4.120355129241943, 4.120039463043213, 4.120985984802246, 4.123196601867676, 4.126674175262451, 4.1314239501953125, 4.137453556060791, 4.144772529602051, 4.153391361236572, 4.163324356079102, 4.174586772918701, 4.187196731567383, 4.201173305511475, 4.21653938293457, 4.2333197593688965, 4.251542091369629, 4.271235942840576, 4.292433738708496, 4.315171241760254, 4.339487552642822, 4.365423679351807, 4.393025875091553, 4.422342777252197, 4.453426361083984, 4.486334323883057, 4.521127223968506, 4.557870864868164, 4.5966362953186035, 4.547451019287109, 4.424826622009277, 4.298773288726807, 4.233541965484619, 4.264809608459473, 4.315388202667236, 4.381141185760498, 4.432863235473633, 4.48721170425415, 4.544318675994873, 4.6043267250061035, 4.667388916015625, 4.733673095703125, 4.803359508514404, 4.876644611358643, 4.953741550445557, 5.034882068634033, 5.120319366455078, 5.189908504486084, 5.175008296966553, 5.095940589904785, 5.01593542098999, 4.9398932456970215, 4.86759090423584, 4.79882287979126, 4.733401298522949, 4.6650776863098145, 4.611910343170166, 4.555531978607178, 4.501877307891846, 4.450819492340088, 4.40224027633667, 4.356029987335205, 4.312086582183838, 4.270294666290283, 4.230630397796631, 4.192948341369629, 4.157193660736084, 4.123295783996582, 4.091189384460449, 4.060812950134277, 4.032110691070557, 4.005029678344727, 3.979520320892334, 3.955538034439087, 3.9330406188964844, 3.911989212036133, 3.892347812652588, 3.8740835189819336, 3.857165575027466, 3.841566324234009, 3.8272604942321777, 3.8142249584198, 3.802438497543335, 3.7918825149536133, 3.7825403213500977, 3.774397611618042, 3.7674412727355957, 3.761660575866699, 3.757046699523926, 3.7535924911499023, 3.7512927055358887, 3.750143527984619, 3.750143527984619, 3.7512927055358887, 3.7535924911499023, 3.749638557434082, 3.761660575866699, 3.526324987411499, 2.9289324283599854, 2.8747308254241943, 2.8818306922912598, 2.8898532390594482, 2.898810863494873, 2.9087181091308594, 2.919590473175049, 2.931445837020874, 2.944303512573242, 2.958184242248535, 2.973111867904663, 2.9891109466552734, 3.006208896636963, 3.024435520172119, 3.0438225269317627, 3.064404249191284, 3.0862178802490234, 3.1093037128448486, 3.133704662322998, 3.1594669818878174, 3.186640739440918, 3.2152791023254395, 3.2454402446746826, 3.2597544193267822, 3.3055403232574463, 3.335850954055786, 3.3733763694763184, 3.4178764820098877, 3.444875955581665, 3.4779443740844727, 3.417309522628784, 3.3449368476867676, 3.2631995677948, 3.2061197757720947, 3.1747045516967773, 3.22357439994812, 3.274991035461426, 3.329110860824585, 3.386104106903076, 3.4269700050354004, 3.48703670501709, 3.5495338439941406, 3.644930839538574, 3.7135403156280518, 3.785285234451294, 3.8604319095611572, 3.947075605392456, 4.055870532989502, 4.119407653808594, 4.261021137237549, 4.3588738441467285, 4.4762163162231445, 4.6109161376953125, 4.63629150390625, 4.588206768035889, 4.544216156005859, 4.502426624298096, 4.462753772735596, 4.425117492675781, 4.389443874359131, 4.355664253234863, 4.323714733123779, 4.29353666305542, 4.265073776245117, 4.238275527954102, 4.213094711303711, 4.189486503601074, 4.1674113273620605, 4.1468305587768555, 4.127710819244385, 4.110019207000732, 4.0937275886535645, 4.078808784484863, 4.065239429473877, 4.05299711227417, 4.042062759399414, 4.032419204711914, 4.024050712585449, 4.0169453620910645, 4.011091232299805, 4.006479740142822, 4.003103256225586, 4.000957489013672, 4.000038146972656, 4.000344753265381, 4.0018768310546875, 4.004637718200684, 4.008630752563477, 4.013862609863281, 4.020340919494629, 4.028076171875, 4.03708028793335, 4.047367572784424, 4.058953762054443, 4.07185697555542, 4.0860981941223145, 4.101700305938721, 4.118688583374023, 4.13709020614624, 4.156936168670654, 4.17825984954834, 4.201096534729004, 4.225485801696777, 4.251469612121582, 4.2790937423706055, 4.308407783508301, 4.3394646644592285, 4.372321128845215, 4.407039642333984, 4.443685531616211, 4.482330799102783, 4.523051738739014, 4.5659308433532715, 4.611056327819824, 4.658524036407471, 4.708436012268066, 4.760903835296631, 4.816045761108398, 4.873990058898926, 4.934876441955566, 4.9988532066345215, 5.066082954406738, 5.136740684509277, 5.211015701293945, 5.289113998413086, 5.2101216316223145, 5.075656414031982, 4.98234748840332, 4.915369510650635, 4.833864212036133, 4.753903865814209, 4.677955627441406, 4.605784893035889, 4.53717565536499, 4.471930027008057, 4.409865856170654, 4.350815296173096, 4.294623374938965, 4.241147041320801, 4.190253734588623, 4.141821384429932, 4.095735549926758, 4.051891803741455, 4.010191917419434, 3.970545530319214, 3.932868242263794, 3.8970818519592285, 3.8631134033203125, 3.83089542388916, 3.8003647327423096, 3.771462917327881, 3.744135618209839, 3.718332290649414, 3.6940059661865234, 3.6711130142211914, 3.64961314201355, 3.6294686794281006, 3.6106455326080322, 3.593111515045166, 3.5768370628356934, 3.561795711517334, 3.5479624271392822, 3.5353150367736816, 3.5238327980041504, 3.513497829437256, 3.504293441772461, 3.4962053298950195, 3.4892208576202393, 3.4833290576934814, 3.4785208702087402, 3.4747886657714844, 3.4721269607543945, 3.470531463623047, 3.4700000286102295]
intensities: [0.0, 0.0, 0.0, 0.0, 0.0, 0.0, 0.0, 0.0, 0.0, 0.0, 0.0, 0.0, 0.0, 0.0, 0.0, 0.0, 0.0, 0.0, 0.0, 0.0, 0.0, 0.0, 0.0, 0.0, 0.0, 0.0, 0.0, 0.0, 0.0, 0.0, 0.0, 0.0, 0.0, 0.0, 0.0, 0.0, 0.0, 0.0, 0.0, 0.0, 0.0, 0.0, 0.0, 0.0, 0.0, 0.0, 0.0, 0.0, 0.0, 0.0, 0.0, 0.0, 0.0, 0.0, 0.0, 0.0, 0.0, 0.0, 0.0, 0.0, 0.0, 0.0, 0.0, 0.0, 0.0, 0.0, 0.0, 0.0, 0.0, 0.0, 0.0, 0.0, 0.0, 0.0, 0.0, 0.0, 0.0, 0.0, 0.0, 0.0, 0.0, 0.0, 0.0, 0.0, 0.0, 0.0, 0.0, 0.0, 0.0, 0.0, 0.0, 0.0, 0.0, 0.0, 0.0, 0.0, 0.0, 0.0, 0.0, 0.0, 0.0, 0.0, 0.0, 0.0, 0.0, 0.0, 0.0, 0.0, 0.0, 0.0, 0.0, 0.0, 0.0, 0.0, 0.0, 0.0, 0.0, 0.0, 0.0, 0.0, 0.0, 0.0, 0.0, 0.0, 0.0, 0.0, 0.0, 0.0, 0.0, 0.0, 0.0, 0.0, 0.0, 0.0, 0.0, 0.0, 0.0, 0.0, 0.0, 0.0, 0.0, 0.0, 0.0, 0.0, 0.0, 0.0, 0.0, 0.0, 0.0, 0.0, 0.0, 0.0, 0.0, 0.0, 0.0, 0.0, 0.0, 0.0, 0.0, 0.0, 0.0, 0.0, 0.0, 0.0, 0.0, 0.0, 0.0, 0.0, 0.0, 0.0, 0.0, 0.0, 0.0, 0.0, 0.0, 0.0, 0.0, 0.0, 0.0, 0.0, 0.0, 0.0, 0.0, 0.0, 0.0, 0.0, 0.0, 0.0, 0.0, 0.0, 0.0, 0.0, 0.0, 0.0, 0.0, 0.0, 0.0, 0.0, 0.0, 0.0, 0.0, 0.0, 0.0, 0.0, 0.0, 0.0, 0.0, 0.0, 0.0, 0.0, 0.0, 0.0, 0.0, 0.0, 0.0, 0.0, 0.0, 0.0, 0.0, 0.0, 0.0, 0.0, 0.0, 0.0, 0.0, 0.0, 0.0, 0.0, 0.0, 0.0, 0.0, 0.0, 0.0, 0.0, 0.0, 0.0, 0.0, 0.0, 0.0, 0.0, 0.0, 0.0, 0.0, 0.0, 0.0, 0.0, 0.0, 0.0, 0.0, 0.0, 0.0, 0.0, 0.0, 0.0, 0.0, 0.0, 0.0, 0.0, 0.0, 0.0, 0.0, 0.0, 0.0, 0.0, 0.0, 0.0, 0.0, 0.0, 0.0, 0.0, 0.0, 0.0, 0.0, 0.0, 0.0, 0.0, 0.0, 0.0, 0.0, 0.0, 0.0, 0.0, 0.0, 0.0, 0.0, 0.0, 0.0, 0.0, 0.0, 0.0, 0.0, 0.0, 0.0, 0.0, 0.0, 0.0, 0.0, 0.0, 0.0, 0.0, 0.0, 0.0, 0.0, 0.0, 0.0, 0.0, 0.0, 0.0, 0.0, 0.0, 0.0, 0.0, 0.0, 0.0, 0.0, 0.0, 0.0, 0.0, 0.0, 0.0, 0.0, 0.0, 0.0, 0.0, 0.0, 0.0, 0.0, 0.0, 0.0, 0.0, 0.0, 0.0, 0.0, 0.0, 0.0, 0.0, 0.0, 0.0, 0.0, 0.0, 0.0, 0.0, 0.0, 0.0, 0.0, 0.0, 0.0, 0.0, 0.0, 0.0, 0.0, 0.0, 0.0, 0.0, 0.0, 0.0, 0.0, 0.0, 0.0, 0.0]
---
header: 
  seq: 850
  stamp: 
    secs: 85
    nsecs: 100000000
  frame_id: "base_laser_link"
angle_min: -3.14159274101
angle_max: 3.14159274101
angle_increment: 0.0175019092858
time_increment: 0.0
scan_time: 0.0
range_min: 0.15000000596
range_max: 16.0
ranges: [3.4700000286102295, 3.470531463623047, 3.4721269607543945, 3.4747886657714844, 3.4785208702087402, 3.4833290576934814, 3.4892208576202393, 3.4962053298950195, 3.504293441772461, 3.513497829437256, 3.5238327980041504, 3.5353150367736816, 3.5479624271392822, 3.561795711517334, 3.5768370628356934, 3.593111515045166, 3.6106455326080322, 3.6294686794281006, 3.64961314201355, 3.6711130142211914, 3.6940059661865234, 3.718332290649414, 3.744135618209839, 3.771462917327881, 3.8003647327423096, 3.83089542388916, 3.8631134033203125, 3.8970818519592285, 3.932868242263794, 3.970545530319214, 4.010191917419434, 4.051891803741455, 4.095735549926758, 4.141821384429932, 4.190253734588623, 4.241147041320801, 4.294623374938965, 4.350815296173096, 4.409865856170654, 4.471930027008057, 4.53717565536499, 4.605784893035889, 4.677955627441406, 4.753903865814209, 4.833864212036133, 4.91351318359375, 4.993371486663818, 5.0791449546813965, 5.197863578796387, 5.3155598640441895, 5.289180755615234, 5.290842533111572, 5.21806526184082, 5.1488189697265625, 5.082922458648682, 5.020209789276123, 4.960526943206787, 4.903730869293213, 4.849689483642578, 4.798279762268066, 4.749387741088867, 4.702908515930176, 4.658743381500244, 4.616800785064697, 4.576996326446533, 4.53925085067749, 4.503490924835205, 4.469648361206055, 4.437660217285156, 4.407466888427734, 4.379013538360596, 4.352250099182129, 4.327129364013672, 4.30360746383667, 4.281644344329834, 4.261202812194824, 4.242249011993408, 4.2247514724731445, 4.208681106567383, 4.194012641906738, 4.172346591949463, 4.168788433074951, 4.158193111419678, 4.148918628692627, 4.140951156616211, 4.134278297424316, 4.128889560699463, 4.124776840209961, 4.121933460235596, 4.120355129241943, 4.120039463043213, 4.120985984802246, 4.123196601867676, 4.126674175262451, 4.1314239501953125, 4.137453556060791, 4.144772529602051, 4.153391361236572, 4.163324356079102, 4.174586772918701, 4.187196731567383, 4.201173305511475, 4.21653938293457, 4.2333197593688965, 4.251542091369629, 4.271235942840576, 4.292433738708496, 4.315171241760254, 4.339487552642822, 4.365423679351807, 4.393025875091553, 4.422342777252197, 4.453426361083984, 4.486334323883057, 4.521127223968506, 4.557870864868164, 4.5966362953186035, 4.547451019287109, 4.424826622009277, 4.298773288726807, 4.233541965484619, 4.264809608459473, 4.315388202667236, 4.381141185760498, 4.432863235473633, 4.48721170425415, 4.544318675994873, 4.6043267250061035, 4.667388916015625, 4.733673095703125, 4.803359508514404, 4.876644611358643, 4.953741550445557, 5.034882068634033, 5.120319366455078, 5.189908504486084, 5.175008296966553, 5.095940589904785, 5.01593542098999, 4.9398932456970215, 4.86759090423584, 4.79882287979126, 4.733401298522949, 4.6650776863098145, 4.611910343170166, 4.555531978607178, 4.501877307891846, 4.450819492340088, 4.40224027633667, 4.356029987335205, 4.312086582183838, 4.270294666290283, 4.230630397796631, 4.192948341369629, 4.157193660736084, 4.123295783996582, 4.091189384460449, 4.060812950134277, 4.032110691070557, 4.005029678344727, 3.979520320892334, 3.955538034439087, 3.9330406188964844, 3.911989212036133, 3.892347812652588, 3.8740835189819336, 3.857165575027466, 3.841566324234009, 3.8272604942321777, 3.8142249584198, 3.802438497543335, 3.7918825149536133, 3.7825403213500977, 3.774397611618042, 3.7674412727355957, 3.761660575866699, 3.757046699523926, 3.7535924911499023, 3.7512927055358887, 3.750143527984619, 3.750143527984619, 3.7512927055358887, 3.7535924911499023, 3.749638557434082, 3.761660575866699, 3.526324987411499, 2.9289324283599854, 2.8747308254241943, 2.8818306922912598, 2.8898532390594482, 2.898810863494873, 2.9087181091308594, 2.919590473175049, 2.931445837020874, 2.944303512573242, 2.958184242248535, 2.973111867904663, 2.9891109466552734, 3.006208896636963, 3.024435520172119, 3.0438225269317627, 3.064404249191284, 3.0862178802490234, 3.1093037128448486, 3.133704662322998, 3.1594669818878174, 3.186640739440918, 3.2152791023254395, 3.2454402446746826, 3.2597544193267822, 3.3055403232574463, 3.335850954055786, 3.3733763694763184, 3.4178764820098877, 3.444875955581665, 3.4779443740844727, 3.417309522628784, 3.3449368476867676, 3.2631995677948, 3.2061197757720947, 3.1747045516967773, 3.22357439994812, 3.274991035461426, 3.329110860824585, 3.386104106903076, 3.4269700050354004, 3.48703670501709, 3.5495338439941406, 3.644930839538574, 3.7135403156280518, 3.785285234451294, 3.8604319095611572, 3.947075605392456, 4.055870532989502, 4.119407653808594, 4.261021137237549, 4.3588738441467285, 4.4762163162231445, 4.6109161376953125, 4.63629150390625, 4.588206768035889, 4.544216156005859, 4.502426624298096, 4.462753772735596, 4.425117492675781, 4.389443874359131, 4.355664253234863, 4.323714733123779, 4.29353666305542, 4.265073776245117, 4.238275527954102, 4.213094711303711, 4.189486503601074, 4.1674113273620605, 4.1468305587768555, 4.127710819244385, 4.110019207000732, 4.0937275886535645, 4.078808784484863, 4.065239429473877, 4.05299711227417, 4.042062759399414, 4.032419204711914, 4.024050712585449, 4.0169453620910645, 4.011091232299805, 4.006479740142822, 4.003103256225586, 4.000957489013672, 4.000038146972656, 4.000344753265381, 4.0018768310546875, 4.004637718200684, 4.008630752563477, 4.013862609863281, 4.020340919494629, 4.028076171875, 4.03708028793335, 4.047367572784424, 4.058953762054443, 4.07185697555542, 4.0860981941223145, 4.101700305938721, 4.118688583374023, 4.13709020614624, 4.156936168670654, 4.17825984954834, 4.201096534729004, 4.225485801696777, 4.251469612121582, 4.2790937423706055, 4.308407783508301, 4.3394646644592285, 4.372321128845215, 4.407039642333984, 4.443685531616211, 4.482330799102783, 4.523051738739014, 4.5659308433532715, 4.611056327819824, 4.658524036407471, 4.708436012268066, 4.760903835296631, 4.816045761108398, 4.873990058898926, 4.934876441955566, 4.9988532066345215, 5.066082954406738, 5.136740684509277, 5.211015701293945, 5.289113998413086, 5.2101216316223145, 5.075656414031982, 4.98234748840332, 4.915369510650635, 4.833864212036133, 4.753903865814209, 4.677955627441406, 4.605784893035889, 4.53717565536499, 4.471930027008057, 4.409865856170654, 4.350815296173096, 4.294623374938965, 4.241147041320801, 4.190253734588623, 4.141821384429932, 4.095735549926758, 4.051891803741455, 4.010191917419434, 3.970545530319214, 3.932868242263794, 3.8970818519592285, 3.8631134033203125, 3.83089542388916, 3.8003647327423096, 3.771462917327881, 3.744135618209839, 3.718332290649414, 3.6940059661865234, 3.6711130142211914, 3.64961314201355, 3.6294686794281006, 3.6106455326080322, 3.593111515045166, 3.5768370628356934, 3.561795711517334, 3.5479624271392822, 3.5353150367736816, 3.5238327980041504, 3.513497829437256, 3.504293441772461, 3.4962053298950195, 3.4892208576202393, 3.4833290576934814, 3.4785208702087402, 3.4747886657714844, 3.4721269607543945, 3.470531463623047, 3.4700000286102295]
intensities: [0.0, 0.0, 0.0, 0.0, 0.0, 0.0, 0.0, 0.0, 0.0, 0.0, 0.0, 0.0, 0.0, 0.0, 0.0, 0.0, 0.0, 0.0, 0.0, 0.0, 0.0, 0.0, 0.0, 0.0, 0.0, 0.0, 0.0, 0.0, 0.0, 0.0, 0.0, 0.0, 0.0, 0.0, 0.0, 0.0, 0.0, 0.0, 0.0, 0.0, 0.0, 0.0, 0.0, 0.0, 0.0, 0.0, 0.0, 0.0, 0.0, 0.0, 0.0, 0.0, 0.0, 0.0, 0.0, 0.0, 0.0, 0.0, 0.0, 0.0, 0.0, 0.0, 0.0, 0.0, 0.0, 0.0, 0.0, 0.0, 0.0, 0.0, 0.0, 0.0, 0.0, 0.0, 0.0, 0.0, 0.0, 0.0, 0.0, 0.0, 0.0, 0.0, 0.0, 0.0, 0.0, 0.0, 0.0, 0.0, 0.0, 0.0, 0.0, 0.0, 0.0, 0.0, 0.0, 0.0, 0.0, 0.0, 0.0, 0.0, 0.0, 0.0, 0.0, 0.0, 0.0, 0.0, 0.0, 0.0, 0.0, 0.0, 0.0, 0.0, 0.0, 0.0, 0.0, 0.0, 0.0, 0.0, 0.0, 0.0, 0.0, 0.0, 0.0, 0.0, 0.0, 0.0, 0.0, 0.0, 0.0, 0.0, 0.0, 0.0, 0.0, 0.0, 0.0, 0.0, 0.0, 0.0, 0.0, 0.0, 0.0, 0.0, 0.0, 0.0, 0.0, 0.0, 0.0, 0.0, 0.0, 0.0, 0.0, 0.0, 0.0, 0.0, 0.0, 0.0, 0.0, 0.0, 0.0, 0.0, 0.0, 0.0, 0.0, 0.0, 0.0, 0.0, 0.0, 0.0, 0.0, 0.0, 0.0, 0.0, 0.0, 0.0, 0.0, 0.0, 0.0, 0.0, 0.0, 0.0, 0.0, 0.0, 0.0, 0.0, 0.0, 0.0, 0.0, 0.0, 0.0, 0.0, 0.0, 0.0, 0.0, 0.0, 0.0, 0.0, 0.0, 0.0, 0.0, 0.0, 0.0, 0.0, 0.0, 0.0, 0.0, 0.0, 0.0, 0.0, 0.0, 0.0, 0.0, 0.0, 0.0, 0.0, 0.0, 0.0, 0.0, 0.0, 0.0, 0.0, 0.0, 0.0, 0.0, 0.0, 0.0, 0.0, 0.0, 0.0, 0.0, 0.0, 0.0, 0.0, 0.0, 0.0, 0.0, 0.0, 0.0, 0.0, 0.0, 0.0, 0.0, 0.0, 0.0, 0.0, 0.0, 0.0, 0.0, 0.0, 0.0, 0.0, 0.0, 0.0, 0.0, 0.0, 0.0, 0.0, 0.0, 0.0, 0.0, 0.0, 0.0, 0.0, 0.0, 0.0, 0.0, 0.0, 0.0, 0.0, 0.0, 0.0, 0.0, 0.0, 0.0, 0.0, 0.0, 0.0, 0.0, 0.0, 0.0, 0.0, 0.0, 0.0, 0.0, 0.0, 0.0, 0.0, 0.0, 0.0, 0.0, 0.0, 0.0, 0.0, 0.0, 0.0, 0.0, 0.0, 0.0, 0.0, 0.0, 0.0, 0.0, 0.0, 0.0, 0.0, 0.0, 0.0, 0.0, 0.0, 0.0, 0.0, 0.0, 0.0, 0.0, 0.0, 0.0, 0.0, 0.0, 0.0, 0.0, 0.0, 0.0, 0.0, 0.0, 0.0, 0.0, 0.0, 0.0, 0.0, 0.0, 0.0, 0.0, 0.0, 0.0, 0.0, 0.0, 0.0, 0.0, 0.0, 0.0, 0.0, 0.0, 0.0, 0.0, 0.0, 0.0, 0.0, 0.0, 0.0, 0.0, 0.0, 0.0, 0.0, 0.0, 0.0, 0.0, 0.0, 0.0, 0.0, 0.0, 0.0]
---
header: 
  seq: 851
  stamp: 
    secs: 85
    nsecs: 200000000
  frame_id: "base_laser_link"
angle_min: -3.14159274101
angle_max: 3.14159274101
angle_increment: 0.0175019092858
time_increment: 0.0
scan_time: 0.0
range_min: 0.15000000596
range_max: 16.0
ranges: [3.4700000286102295, 3.470531463623047, 3.4721269607543945, 3.4747886657714844, 3.4785208702087402, 3.4833290576934814, 3.4892208576202393, 3.4962053298950195, 3.504293441772461, 3.513497829437256, 3.5238327980041504, 3.5353150367736816, 3.5479624271392822, 3.561795711517334, 3.5768370628356934, 3.593111515045166, 3.6106455326080322, 3.6294686794281006, 3.64961314201355, 3.6711130142211914, 3.6940059661865234, 3.718332290649414, 3.744135618209839, 3.771462917327881, 3.8003647327423096, 3.83089542388916, 3.8631134033203125, 3.8970818519592285, 3.932868242263794, 3.970545530319214, 4.010191917419434, 4.051891803741455, 4.095735549926758, 4.141821384429932, 4.190253734588623, 4.241147041320801, 4.294623374938965, 4.350815296173096, 4.409865856170654, 4.471930027008057, 4.53717565536499, 4.605784893035889, 4.677955627441406, 4.753903865814209, 4.833864212036133, 4.91351318359375, 4.993371486663818, 5.0791449546813965, 5.197863578796387, 5.3155598640441895, 5.289180755615234, 5.290842533111572, 5.21806526184082, 5.1488189697265625, 5.082922458648682, 5.020209789276123, 4.960526943206787, 4.903730869293213, 4.849689483642578, 4.798279762268066, 4.749387741088867, 4.702908515930176, 4.658743381500244, 4.616800785064697, 4.576996326446533, 4.53925085067749, 4.503490924835205, 4.469648361206055, 4.437660217285156, 4.407466888427734, 4.379013538360596, 4.352250099182129, 4.327129364013672, 4.30360746383667, 4.281644344329834, 4.261202812194824, 4.242249011993408, 4.2247514724731445, 4.208681106567383, 4.194012641906738, 4.172346591949463, 4.168788433074951, 4.158193111419678, 4.148918628692627, 4.140951156616211, 4.134278297424316, 4.128889560699463, 4.124776840209961, 4.121933460235596, 4.120355129241943, 4.120039463043213, 4.120985984802246, 4.123196601867676, 4.126674175262451, 4.1314239501953125, 4.137453556060791, 4.144772529602051, 4.153391361236572, 4.163324356079102, 4.174586772918701, 4.187196731567383, 4.201173305511475, 4.21653938293457, 4.2333197593688965, 4.251542091369629, 4.271235942840576, 4.292433738708496, 4.315171241760254, 4.339487552642822, 4.365423679351807, 4.393025875091553, 4.422342777252197, 4.453426361083984, 4.486334323883057, 4.521127223968506, 4.557870864868164, 4.5966362953186035, 4.547451019287109, 4.424826622009277, 4.298773288726807, 4.233541965484619, 4.264809608459473, 4.315388202667236, 4.381141185760498, 4.432863235473633, 4.48721170425415, 4.544318675994873, 4.6043267250061035, 4.667388916015625, 4.733673095703125, 4.803359508514404, 4.876644611358643, 4.953741550445557, 5.034882068634033, 5.120319366455078, 5.189908504486084, 5.175008296966553, 5.095940589904785, 5.01593542098999, 4.9398932456970215, 4.86759090423584, 4.79882287979126, 4.733401298522949, 4.6650776863098145, 4.611910343170166, 4.555531978607178, 4.501877307891846, 4.450819492340088, 4.40224027633667, 4.356029987335205, 4.312086582183838, 4.270294666290283, 4.230630397796631, 4.192948341369629, 4.157193660736084, 4.123295783996582, 4.091189384460449, 4.060812950134277, 4.032110691070557, 4.005029678344727, 3.979520320892334, 3.955538034439087, 3.9330406188964844, 3.911989212036133, 3.892347812652588, 3.8740835189819336, 3.857165575027466, 3.841566324234009, 3.8272604942321777, 3.8142249584198, 3.802438497543335, 3.7918825149536133, 3.7825403213500977, 3.774397611618042, 3.7674412727355957, 3.761660575866699, 3.757046699523926, 3.7535924911499023, 3.7512927055358887, 3.750143527984619, 3.750143527984619, 3.7512927055358887, 3.7535924911499023, 3.749638557434082, 3.761660575866699, 3.526324987411499, 2.9289324283599854, 2.8747308254241943, 2.8818306922912598, 2.8898532390594482, 2.898810863494873, 2.9087181091308594, 2.919590473175049, 2.931445837020874, 2.944303512573242, 2.958184242248535, 2.973111867904663, 2.9891109466552734, 3.006208896636963, 3.024435520172119, 3.0438225269317627, 3.064404249191284, 3.0862178802490234, 3.1093037128448486, 3.133704662322998, 3.1594669818878174, 3.186640739440918, 3.2152791023254395, 3.2454402446746826, 3.2597544193267822, 3.3055403232574463, 3.335850954055786, 3.3733763694763184, 3.4178764820098877, 3.444875955581665, 3.4779443740844727, 3.417309522628784, 3.3449368476867676, 3.2631995677948, 3.2061197757720947, 3.1747045516967773, 3.22357439994812, 3.274991035461426, 3.329110860824585, 3.386104106903076, 3.4269700050354004, 3.48703670501709, 3.5495338439941406, 3.644930839538574, 3.7135403156280518, 3.785285234451294, 3.8604319095611572, 3.947075605392456, 4.055870532989502, 4.119407653808594, 4.261021137237549, 4.3588738441467285, 4.4762163162231445, 4.6109161376953125, 4.63629150390625, 4.588206768035889, 4.544216156005859, 4.502426624298096, 4.462753772735596, 4.425117492675781, 4.389443874359131, 4.355664253234863, 4.323714733123779, 4.29353666305542, 4.265073776245117, 4.238275527954102, 4.213094711303711, 4.189486503601074, 4.1674113273620605, 4.1468305587768555, 4.127710819244385, 4.110019207000732, 4.0937275886535645, 4.078808784484863, 4.065239429473877, 4.05299711227417, 4.042062759399414, 4.032419204711914, 4.024050712585449, 4.0169453620910645, 4.011091232299805, 4.006479740142822, 4.003103256225586, 4.000957489013672, 4.000038146972656, 4.000344753265381, 4.0018768310546875, 4.004637718200684, 4.008630752563477, 4.013862609863281, 4.020340919494629, 4.028076171875, 4.03708028793335, 4.047367572784424, 4.058953762054443, 4.07185697555542, 4.0860981941223145, 4.101700305938721, 4.118688583374023, 4.13709020614624, 4.156936168670654, 4.17825984954834, 4.201096534729004, 4.225485801696777, 4.251469612121582, 4.2790937423706055, 4.308407783508301, 4.3394646644592285, 4.372321128845215, 4.407039642333984, 4.443685531616211, 4.482330799102783, 4.523051738739014, 4.5659308433532715, 4.611056327819824, 4.658524036407471, 4.708436012268066, 4.760903835296631, 4.816045761108398, 4.873990058898926, 4.934876441955566, 4.9988532066345215, 5.066082954406738, 5.136740684509277, 5.211015701293945, 5.289113998413086, 5.2101216316223145, 5.075656414031982, 4.98234748840332, 4.915369510650635, 4.833864212036133, 4.753903865814209, 4.677955627441406, 4.605784893035889, 4.53717565536499, 4.471930027008057, 4.409865856170654, 4.350815296173096, 4.294623374938965, 4.241147041320801, 4.190253734588623, 4.141821384429932, 4.095735549926758, 4.051891803741455, 4.010191917419434, 3.970545530319214, 3.932868242263794, 3.8970818519592285, 3.8631134033203125, 3.83089542388916, 3.8003647327423096, 3.771462917327881, 3.744135618209839, 3.718332290649414, 3.6940059661865234, 3.6711130142211914, 3.64961314201355, 3.6294686794281006, 3.6106455326080322, 3.593111515045166, 3.5768370628356934, 3.561795711517334, 3.5479624271392822, 3.5353150367736816, 3.5238327980041504, 3.513497829437256, 3.504293441772461, 3.4962053298950195, 3.4892208576202393, 3.4833290576934814, 3.4785208702087402, 3.4747886657714844, 3.4721269607543945, 3.470531463623047, 3.4700000286102295]
intensities: [0.0, 0.0, 0.0, 0.0, 0.0, 0.0, 0.0, 0.0, 0.0, 0.0, 0.0, 0.0, 0.0, 0.0, 0.0, 0.0, 0.0, 0.0, 0.0, 0.0, 0.0, 0.0, 0.0, 0.0, 0.0, 0.0, 0.0, 0.0, 0.0, 0.0, 0.0, 0.0, 0.0, 0.0, 0.0, 0.0, 0.0, 0.0, 0.0, 0.0, 0.0, 0.0, 0.0, 0.0, 0.0, 0.0, 0.0, 0.0, 0.0, 0.0, 0.0, 0.0, 0.0, 0.0, 0.0, 0.0, 0.0, 0.0, 0.0, 0.0, 0.0, 0.0, 0.0, 0.0, 0.0, 0.0, 0.0, 0.0, 0.0, 0.0, 0.0, 0.0, 0.0, 0.0, 0.0, 0.0, 0.0, 0.0, 0.0, 0.0, 0.0, 0.0, 0.0, 0.0, 0.0, 0.0, 0.0, 0.0, 0.0, 0.0, 0.0, 0.0, 0.0, 0.0, 0.0, 0.0, 0.0, 0.0, 0.0, 0.0, 0.0, 0.0, 0.0, 0.0, 0.0, 0.0, 0.0, 0.0, 0.0, 0.0, 0.0, 0.0, 0.0, 0.0, 0.0, 0.0, 0.0, 0.0, 0.0, 0.0, 0.0, 0.0, 0.0, 0.0, 0.0, 0.0, 0.0, 0.0, 0.0, 0.0, 0.0, 0.0, 0.0, 0.0, 0.0, 0.0, 0.0, 0.0, 0.0, 0.0, 0.0, 0.0, 0.0, 0.0, 0.0, 0.0, 0.0, 0.0, 0.0, 0.0, 0.0, 0.0, 0.0, 0.0, 0.0, 0.0, 0.0, 0.0, 0.0, 0.0, 0.0, 0.0, 0.0, 0.0, 0.0, 0.0, 0.0, 0.0, 0.0, 0.0, 0.0, 0.0, 0.0, 0.0, 0.0, 0.0, 0.0, 0.0, 0.0, 0.0, 0.0, 0.0, 0.0, 0.0, 0.0, 0.0, 0.0, 0.0, 0.0, 0.0, 0.0, 0.0, 0.0, 0.0, 0.0, 0.0, 0.0, 0.0, 0.0, 0.0, 0.0, 0.0, 0.0, 0.0, 0.0, 0.0, 0.0, 0.0, 0.0, 0.0, 0.0, 0.0, 0.0, 0.0, 0.0, 0.0, 0.0, 0.0, 0.0, 0.0, 0.0, 0.0, 0.0, 0.0, 0.0, 0.0, 0.0, 0.0, 0.0, 0.0, 0.0, 0.0, 0.0, 0.0, 0.0, 0.0, 0.0, 0.0, 0.0, 0.0, 0.0, 0.0, 0.0, 0.0, 0.0, 0.0, 0.0, 0.0, 0.0, 0.0, 0.0, 0.0, 0.0, 0.0, 0.0, 0.0, 0.0, 0.0, 0.0, 0.0, 0.0, 0.0, 0.0, 0.0, 0.0, 0.0, 0.0, 0.0, 0.0, 0.0, 0.0, 0.0, 0.0, 0.0, 0.0, 0.0, 0.0, 0.0, 0.0, 0.0, 0.0, 0.0, 0.0, 0.0, 0.0, 0.0, 0.0, 0.0, 0.0, 0.0, 0.0, 0.0, 0.0, 0.0, 0.0, 0.0, 0.0, 0.0, 0.0, 0.0, 0.0, 0.0, 0.0, 0.0, 0.0, 0.0, 0.0, 0.0, 0.0, 0.0, 0.0, 0.0, 0.0, 0.0, 0.0, 0.0, 0.0, 0.0, 0.0, 0.0, 0.0, 0.0, 0.0, 0.0, 0.0, 0.0, 0.0, 0.0, 0.0, 0.0, 0.0, 0.0, 0.0, 0.0, 0.0, 0.0, 0.0, 0.0, 0.0, 0.0, 0.0, 0.0, 0.0, 0.0, 0.0, 0.0, 0.0, 0.0, 0.0, 0.0, 0.0, 0.0, 0.0, 0.0, 0.0, 0.0, 0.0, 0.0, 0.0, 0.0]
---
header: 
  seq: 852
  stamp: 
    secs: 85
    nsecs: 300000000
  frame_id: "base_laser_link"
angle_min: -3.14159274101
angle_max: 3.14159274101
angle_increment: 0.0175019092858
time_increment: 0.0
scan_time: 0.0
range_min: 0.15000000596
range_max: 16.0
ranges: [3.4700000286102295, 3.470531463623047, 3.4721269607543945, 3.4747886657714844, 3.4785208702087402, 3.4833290576934814, 3.4892208576202393, 3.4962053298950195, 3.504293441772461, 3.513497829437256, 3.5238327980041504, 3.5353150367736816, 3.5479624271392822, 3.561795711517334, 3.5768370628356934, 3.593111515045166, 3.6106455326080322, 3.6294686794281006, 3.64961314201355, 3.6711130142211914, 3.6940059661865234, 3.718332290649414, 3.744135618209839, 3.771462917327881, 3.8003647327423096, 3.83089542388916, 3.8631134033203125, 3.8970818519592285, 3.932868242263794, 3.970545530319214, 4.010191917419434, 4.051891803741455, 4.095735549926758, 4.141821384429932, 4.190253734588623, 4.241147041320801, 4.294623374938965, 4.350815296173096, 4.409865856170654, 4.471930027008057, 4.53717565536499, 4.605784893035889, 4.677955627441406, 4.753903865814209, 4.833864212036133, 4.91351318359375, 4.993371486663818, 5.0791449546813965, 5.197863578796387, 5.3155598640441895, 5.289180755615234, 5.290842533111572, 5.21806526184082, 5.1488189697265625, 5.082922458648682, 5.020209789276123, 4.960526943206787, 4.903730869293213, 4.849689483642578, 4.798279762268066, 4.749387741088867, 4.702908515930176, 4.658743381500244, 4.616800785064697, 4.576996326446533, 4.53925085067749, 4.503490924835205, 4.469648361206055, 4.437660217285156, 4.407466888427734, 4.379013538360596, 4.352250099182129, 4.327129364013672, 4.30360746383667, 4.281644344329834, 4.261202812194824, 4.242249011993408, 4.2247514724731445, 4.208681106567383, 4.194012641906738, 4.172346591949463, 4.168788433074951, 4.158193111419678, 4.148918628692627, 4.140951156616211, 4.134278297424316, 4.128889560699463, 4.124776840209961, 4.121933460235596, 4.120355129241943, 4.120039463043213, 4.120985984802246, 4.123196601867676, 4.126674175262451, 4.1314239501953125, 4.137453556060791, 4.144772529602051, 4.153391361236572, 4.163324356079102, 4.174586772918701, 4.187196731567383, 4.201173305511475, 4.21653938293457, 4.2333197593688965, 4.251542091369629, 4.271235942840576, 4.292433738708496, 4.315171241760254, 4.339487552642822, 4.365423679351807, 4.393025875091553, 4.422342777252197, 4.453426361083984, 4.486334323883057, 4.521127223968506, 4.557870864868164, 4.5966362953186035, 4.547451019287109, 4.424826622009277, 4.298773288726807, 4.233541965484619, 4.264809608459473, 4.315388202667236, 4.381141185760498, 4.432863235473633, 4.48721170425415, 4.544318675994873, 4.6043267250061035, 4.667388916015625, 4.733673095703125, 4.803359508514404, 4.876644611358643, 4.953741550445557, 5.034882068634033, 5.120319366455078, 5.189908504486084, 5.175008296966553, 5.095940589904785, 5.01593542098999, 4.9398932456970215, 4.86759090423584, 4.79882287979126, 4.733401298522949, 4.6650776863098145, 4.611910343170166, 4.555531978607178, 4.501877307891846, 4.450819492340088, 4.40224027633667, 4.356029987335205, 4.312086582183838, 4.270294666290283, 4.230630397796631, 4.192948341369629, 4.157193660736084, 4.123295783996582, 4.091189384460449, 4.060812950134277, 4.032110691070557, 4.005029678344727, 3.979520320892334, 3.955538034439087, 3.9330406188964844, 3.911989212036133, 3.892347812652588, 3.8740835189819336, 3.857165575027466, 3.841566324234009, 3.8272604942321777, 3.8142249584198, 3.802438497543335, 3.7918825149536133, 3.7825403213500977, 3.774397611618042, 3.7674412727355957, 3.761660575866699, 3.757046699523926, 3.7535924911499023, 3.7512927055358887, 3.750143527984619, 3.750143527984619, 3.7512927055358887, 3.7535924911499023, 3.749638557434082, 3.761660575866699, 3.526324987411499, 2.9289324283599854, 2.8747308254241943, 2.8818306922912598, 2.8898532390594482, 2.898810863494873, 2.9087181091308594, 2.919590473175049, 2.931445837020874, 2.944303512573242, 2.958184242248535, 2.973111867904663, 2.9891109466552734, 3.006208896636963, 3.024435520172119, 3.0438225269317627, 3.064404249191284, 3.0862178802490234, 3.1093037128448486, 3.133704662322998, 3.1594669818878174, 3.186640739440918, 3.2152791023254395, 3.2454402446746826, 3.2597544193267822, 3.3055403232574463, 3.335850954055786, 3.3733763694763184, 3.4178764820098877, 3.444875955581665, 3.4779443740844727, 3.417309522628784, 3.3449368476867676, 3.2631995677948, 3.2061197757720947, 3.1747045516967773, 3.22357439994812, 3.274991035461426, 3.329110860824585, 3.386104106903076, 3.4269700050354004, 3.48703670501709, 3.5495338439941406, 3.644930839538574, 3.7135403156280518, 3.785285234451294, 3.8604319095611572, 3.947075605392456, 4.055870532989502, 4.119407653808594, 4.261021137237549, 4.3588738441467285, 4.4762163162231445, 4.6109161376953125, 4.63629150390625, 4.588206768035889, 4.544216156005859, 4.502426624298096, 4.462753772735596, 4.425117492675781, 4.389443874359131, 4.355664253234863, 4.323714733123779, 4.29353666305542, 4.265073776245117, 4.238275527954102, 4.213094711303711, 4.189486503601074, 4.1674113273620605, 4.1468305587768555, 4.127710819244385, 4.110019207000732, 4.0937275886535645, 4.078808784484863, 4.065239429473877, 4.05299711227417, 4.042062759399414, 4.032419204711914, 4.024050712585449, 4.0169453620910645, 4.011091232299805, 4.006479740142822, 4.003103256225586, 4.000957489013672, 4.000038146972656, 4.000344753265381, 4.0018768310546875, 4.004637718200684, 4.008630752563477, 4.013862609863281, 4.020340919494629, 4.028076171875, 4.03708028793335, 4.047367572784424, 4.058953762054443, 4.07185697555542, 4.0860981941223145, 4.101700305938721, 4.118688583374023, 4.13709020614624, 4.156936168670654, 4.17825984954834, 4.201096534729004, 4.225485801696777, 4.251469612121582, 4.2790937423706055, 4.308407783508301, 4.3394646644592285, 4.372321128845215, 4.407039642333984, 4.443685531616211, 4.482330799102783, 4.523051738739014, 4.5659308433532715, 4.611056327819824, 4.658524036407471, 4.708436012268066, 4.760903835296631, 4.816045761108398, 4.873990058898926, 4.934876441955566, 4.9988532066345215, 5.066082954406738, 5.136740684509277, 5.211015701293945, 5.289113998413086, 5.2101216316223145, 5.075656414031982, 4.98234748840332, 4.915369510650635, 4.833864212036133, 4.753903865814209, 4.677955627441406, 4.605784893035889, 4.53717565536499, 4.471930027008057, 4.409865856170654, 4.350815296173096, 4.294623374938965, 4.241147041320801, 4.190253734588623, 4.141821384429932, 4.095735549926758, 4.051891803741455, 4.010191917419434, 3.970545530319214, 3.932868242263794, 3.8970818519592285, 3.8631134033203125, 3.83089542388916, 3.8003647327423096, 3.771462917327881, 3.744135618209839, 3.718332290649414, 3.6940059661865234, 3.6711130142211914, 3.64961314201355, 3.6294686794281006, 3.6106455326080322, 3.593111515045166, 3.5768370628356934, 3.561795711517334, 3.5479624271392822, 3.5353150367736816, 3.5238327980041504, 3.513497829437256, 3.504293441772461, 3.4962053298950195, 3.4892208576202393, 3.4833290576934814, 3.4785208702087402, 3.4747886657714844, 3.4721269607543945, 3.470531463623047, 3.4700000286102295]
intensities: [0.0, 0.0, 0.0, 0.0, 0.0, 0.0, 0.0, 0.0, 0.0, 0.0, 0.0, 0.0, 0.0, 0.0, 0.0, 0.0, 0.0, 0.0, 0.0, 0.0, 0.0, 0.0, 0.0, 0.0, 0.0, 0.0, 0.0, 0.0, 0.0, 0.0, 0.0, 0.0, 0.0, 0.0, 0.0, 0.0, 0.0, 0.0, 0.0, 0.0, 0.0, 0.0, 0.0, 0.0, 0.0, 0.0, 0.0, 0.0, 0.0, 0.0, 0.0, 0.0, 0.0, 0.0, 0.0, 0.0, 0.0, 0.0, 0.0, 0.0, 0.0, 0.0, 0.0, 0.0, 0.0, 0.0, 0.0, 0.0, 0.0, 0.0, 0.0, 0.0, 0.0, 0.0, 0.0, 0.0, 0.0, 0.0, 0.0, 0.0, 0.0, 0.0, 0.0, 0.0, 0.0, 0.0, 0.0, 0.0, 0.0, 0.0, 0.0, 0.0, 0.0, 0.0, 0.0, 0.0, 0.0, 0.0, 0.0, 0.0, 0.0, 0.0, 0.0, 0.0, 0.0, 0.0, 0.0, 0.0, 0.0, 0.0, 0.0, 0.0, 0.0, 0.0, 0.0, 0.0, 0.0, 0.0, 0.0, 0.0, 0.0, 0.0, 0.0, 0.0, 0.0, 0.0, 0.0, 0.0, 0.0, 0.0, 0.0, 0.0, 0.0, 0.0, 0.0, 0.0, 0.0, 0.0, 0.0, 0.0, 0.0, 0.0, 0.0, 0.0, 0.0, 0.0, 0.0, 0.0, 0.0, 0.0, 0.0, 0.0, 0.0, 0.0, 0.0, 0.0, 0.0, 0.0, 0.0, 0.0, 0.0, 0.0, 0.0, 0.0, 0.0, 0.0, 0.0, 0.0, 0.0, 0.0, 0.0, 0.0, 0.0, 0.0, 0.0, 0.0, 0.0, 0.0, 0.0, 0.0, 0.0, 0.0, 0.0, 0.0, 0.0, 0.0, 0.0, 0.0, 0.0, 0.0, 0.0, 0.0, 0.0, 0.0, 0.0, 0.0, 0.0, 0.0, 0.0, 0.0, 0.0, 0.0, 0.0, 0.0, 0.0, 0.0, 0.0, 0.0, 0.0, 0.0, 0.0, 0.0, 0.0, 0.0, 0.0, 0.0, 0.0, 0.0, 0.0, 0.0, 0.0, 0.0, 0.0, 0.0, 0.0, 0.0, 0.0, 0.0, 0.0, 0.0, 0.0, 0.0, 0.0, 0.0, 0.0, 0.0, 0.0, 0.0, 0.0, 0.0, 0.0, 0.0, 0.0, 0.0, 0.0, 0.0, 0.0, 0.0, 0.0, 0.0, 0.0, 0.0, 0.0, 0.0, 0.0, 0.0, 0.0, 0.0, 0.0, 0.0, 0.0, 0.0, 0.0, 0.0, 0.0, 0.0, 0.0, 0.0, 0.0, 0.0, 0.0, 0.0, 0.0, 0.0, 0.0, 0.0, 0.0, 0.0, 0.0, 0.0, 0.0, 0.0, 0.0, 0.0, 0.0, 0.0, 0.0, 0.0, 0.0, 0.0, 0.0, 0.0, 0.0, 0.0, 0.0, 0.0, 0.0, 0.0, 0.0, 0.0, 0.0, 0.0, 0.0, 0.0, 0.0, 0.0, 0.0, 0.0, 0.0, 0.0, 0.0, 0.0, 0.0, 0.0, 0.0, 0.0, 0.0, 0.0, 0.0, 0.0, 0.0, 0.0, 0.0, 0.0, 0.0, 0.0, 0.0, 0.0, 0.0, 0.0, 0.0, 0.0, 0.0, 0.0, 0.0, 0.0, 0.0, 0.0, 0.0, 0.0, 0.0, 0.0, 0.0, 0.0, 0.0, 0.0, 0.0, 0.0, 0.0, 0.0, 0.0, 0.0, 0.0, 0.0, 0.0, 0.0, 0.0, 0.0, 0.0, 0.0]
---
header: 
  seq: 853
  stamp: 
    secs: 85
    nsecs: 400000000
  frame_id: "base_laser_link"
angle_min: -3.14159274101
angle_max: 3.14159274101
angle_increment: 0.0175019092858
time_increment: 0.0
scan_time: 0.0
range_min: 0.15000000596
range_max: 16.0
ranges: [3.4700000286102295, 3.470531463623047, 3.4721269607543945, 3.4747886657714844, 3.4785208702087402, 3.4833290576934814, 3.4892208576202393, 3.4962053298950195, 3.504293441772461, 3.513497829437256, 3.5238327980041504, 3.5353150367736816, 3.5479624271392822, 3.561795711517334, 3.5768370628356934, 3.593111515045166, 3.6106455326080322, 3.6294686794281006, 3.64961314201355, 3.6711130142211914, 3.6940059661865234, 3.718332290649414, 3.744135618209839, 3.771462917327881, 3.8003647327423096, 3.83089542388916, 3.8631134033203125, 3.8970818519592285, 3.932868242263794, 3.970545530319214, 4.010191917419434, 4.051891803741455, 4.095735549926758, 4.141821384429932, 4.190253734588623, 4.241147041320801, 4.294623374938965, 4.350815296173096, 4.409865856170654, 4.471930027008057, 4.53717565536499, 4.605784893035889, 4.677955627441406, 4.753903865814209, 4.833864212036133, 4.91351318359375, 4.993371486663818, 5.0791449546813965, 5.197863578796387, 5.3155598640441895, 5.289180755615234, 5.290842533111572, 5.21806526184082, 5.1488189697265625, 5.082922458648682, 5.020209789276123, 4.960526943206787, 4.903730869293213, 4.849689483642578, 4.798279762268066, 4.749387741088867, 4.702908515930176, 4.658743381500244, 4.616800785064697, 4.576996326446533, 4.53925085067749, 4.503490924835205, 4.469648361206055, 4.437660217285156, 4.407466888427734, 4.379013538360596, 4.352250099182129, 4.327129364013672, 4.30360746383667, 4.281644344329834, 4.261202812194824, 4.242249011993408, 4.2247514724731445, 4.208681106567383, 4.194012641906738, 4.172346591949463, 4.168788433074951, 4.158193111419678, 4.148918628692627, 4.140951156616211, 4.134278297424316, 4.128889560699463, 4.124776840209961, 4.121933460235596, 4.120355129241943, 4.120039463043213, 4.120985984802246, 4.123196601867676, 4.126674175262451, 4.1314239501953125, 4.137453556060791, 4.144772529602051, 4.153391361236572, 4.163324356079102, 4.174586772918701, 4.187196731567383, 4.201173305511475, 4.21653938293457, 4.2333197593688965, 4.251542091369629, 4.271235942840576, 4.292433738708496, 4.315171241760254, 4.339487552642822, 4.365423679351807, 4.393025875091553, 4.422342777252197, 4.453426361083984, 4.486334323883057, 4.521127223968506, 4.557870864868164, 4.5966362953186035, 4.547451019287109, 4.424826622009277, 4.298773288726807, 4.233541965484619, 4.264809608459473, 4.315388202667236, 4.381141185760498, 4.432863235473633, 4.48721170425415, 4.544318675994873, 4.6043267250061035, 4.667388916015625, 4.733673095703125, 4.803359508514404, 4.876644611358643, 4.953741550445557, 5.034882068634033, 5.120319366455078, 5.189908504486084, 5.175008296966553, 5.095940589904785, 5.01593542098999, 4.9398932456970215, 4.86759090423584, 4.79882287979126, 4.733401298522949, 4.6650776863098145, 4.611910343170166, 4.555531978607178, 4.501877307891846, 4.450819492340088, 4.40224027633667, 4.356029987335205, 4.312086582183838, 4.270294666290283, 4.230630397796631, 4.192948341369629, 4.157193660736084, 4.123295783996582, 4.091189384460449, 4.060812950134277, 4.032110691070557, 4.005029678344727, 3.979520320892334, 3.955538034439087, 3.9330406188964844, 3.911989212036133, 3.892347812652588, 3.8740835189819336, 3.857165575027466, 3.841566324234009, 3.8272604942321777, 3.8142249584198, 3.802438497543335, 3.7918825149536133, 3.7825403213500977, 3.774397611618042, 3.7674412727355957, 3.761660575866699, 3.757046699523926, 3.7535924911499023, 3.7512927055358887, 3.750143527984619, 3.750143527984619, 3.7512927055358887, 3.7535924911499023, 3.749638557434082, 3.761660575866699, 3.526324987411499, 2.9289324283599854, 2.8747308254241943, 2.8818306922912598, 2.8898532390594482, 2.898810863494873, 2.9087181091308594, 2.919590473175049, 2.931445837020874, 2.944303512573242, 2.958184242248535, 2.973111867904663, 2.9891109466552734, 3.006208896636963, 3.024435520172119, 3.0438225269317627, 3.064404249191284, 3.0862178802490234, 3.1093037128448486, 3.133704662322998, 3.1594669818878174, 3.186640739440918, 3.2152791023254395, 3.2454402446746826, 3.2597544193267822, 3.3055403232574463, 3.335850954055786, 3.3733763694763184, 3.4178764820098877, 3.444875955581665, 3.4779443740844727, 3.417309522628784, 3.3449368476867676, 3.2631995677948, 3.2061197757720947, 3.1747045516967773, 3.22357439994812, 3.274991035461426, 3.329110860824585, 3.386104106903076, 3.4269700050354004, 3.48703670501709, 3.5495338439941406, 3.644930839538574, 3.7135403156280518, 3.785285234451294, 3.8604319095611572, 3.947075605392456, 4.055870532989502, 4.119407653808594, 4.261021137237549, 4.3588738441467285, 4.4762163162231445, 4.6109161376953125, 4.63629150390625, 4.588206768035889, 4.544216156005859, 4.502426624298096, 4.462753772735596, 4.425117492675781, 4.389443874359131, 4.355664253234863, 4.323714733123779, 4.29353666305542, 4.265073776245117, 4.238275527954102, 4.213094711303711, 4.189486503601074, 4.1674113273620605, 4.1468305587768555, 4.127710819244385, 4.110019207000732, 4.0937275886535645, 4.078808784484863, 4.065239429473877, 4.05299711227417, 4.042062759399414, 4.032419204711914, 4.024050712585449, 4.0169453620910645, 4.011091232299805, 4.006479740142822, 4.003103256225586, 4.000957489013672, 4.000038146972656, 4.000344753265381, 4.0018768310546875, 4.004637718200684, 4.008630752563477, 4.013862609863281, 4.020340919494629, 4.028076171875, 4.03708028793335, 4.047367572784424, 4.058953762054443, 4.07185697555542, 4.0860981941223145, 4.101700305938721, 4.118688583374023, 4.13709020614624, 4.156936168670654, 4.17825984954834, 4.201096534729004, 4.225485801696777, 4.251469612121582, 4.2790937423706055, 4.308407783508301, 4.3394646644592285, 4.372321128845215, 4.407039642333984, 4.443685531616211, 4.482330799102783, 4.523051738739014, 4.5659308433532715, 4.611056327819824, 4.658524036407471, 4.708436012268066, 4.760903835296631, 4.816045761108398, 4.873990058898926, 4.934876441955566, 4.9988532066345215, 5.066082954406738, 5.136740684509277, 5.211015701293945, 5.289113998413086, 5.2101216316223145, 5.075656414031982, 4.98234748840332, 4.915369510650635, 4.833864212036133, 4.753903865814209, 4.677955627441406, 4.605784893035889, 4.53717565536499, 4.471930027008057, 4.409865856170654, 4.350815296173096, 4.294623374938965, 4.241147041320801, 4.190253734588623, 4.141821384429932, 4.095735549926758, 4.051891803741455, 4.010191917419434, 3.970545530319214, 3.932868242263794, 3.8970818519592285, 3.8631134033203125, 3.83089542388916, 3.8003647327423096, 3.771462917327881, 3.744135618209839, 3.718332290649414, 3.6940059661865234, 3.6711130142211914, 3.64961314201355, 3.6294686794281006, 3.6106455326080322, 3.593111515045166, 3.5768370628356934, 3.561795711517334, 3.5479624271392822, 3.5353150367736816, 3.5238327980041504, 3.513497829437256, 3.504293441772461, 3.4962053298950195, 3.4892208576202393, 3.4833290576934814, 3.4785208702087402, 3.4747886657714844, 3.4721269607543945, 3.470531463623047, 3.4700000286102295]
intensities: [0.0, 0.0, 0.0, 0.0, 0.0, 0.0, 0.0, 0.0, 0.0, 0.0, 0.0, 0.0, 0.0, 0.0, 0.0, 0.0, 0.0, 0.0, 0.0, 0.0, 0.0, 0.0, 0.0, 0.0, 0.0, 0.0, 0.0, 0.0, 0.0, 0.0, 0.0, 0.0, 0.0, 0.0, 0.0, 0.0, 0.0, 0.0, 0.0, 0.0, 0.0, 0.0, 0.0, 0.0, 0.0, 0.0, 0.0, 0.0, 0.0, 0.0, 0.0, 0.0, 0.0, 0.0, 0.0, 0.0, 0.0, 0.0, 0.0, 0.0, 0.0, 0.0, 0.0, 0.0, 0.0, 0.0, 0.0, 0.0, 0.0, 0.0, 0.0, 0.0, 0.0, 0.0, 0.0, 0.0, 0.0, 0.0, 0.0, 0.0, 0.0, 0.0, 0.0, 0.0, 0.0, 0.0, 0.0, 0.0, 0.0, 0.0, 0.0, 0.0, 0.0, 0.0, 0.0, 0.0, 0.0, 0.0, 0.0, 0.0, 0.0, 0.0, 0.0, 0.0, 0.0, 0.0, 0.0, 0.0, 0.0, 0.0, 0.0, 0.0, 0.0, 0.0, 0.0, 0.0, 0.0, 0.0, 0.0, 0.0, 0.0, 0.0, 0.0, 0.0, 0.0, 0.0, 0.0, 0.0, 0.0, 0.0, 0.0, 0.0, 0.0, 0.0, 0.0, 0.0, 0.0, 0.0, 0.0, 0.0, 0.0, 0.0, 0.0, 0.0, 0.0, 0.0, 0.0, 0.0, 0.0, 0.0, 0.0, 0.0, 0.0, 0.0, 0.0, 0.0, 0.0, 0.0, 0.0, 0.0, 0.0, 0.0, 0.0, 0.0, 0.0, 0.0, 0.0, 0.0, 0.0, 0.0, 0.0, 0.0, 0.0, 0.0, 0.0, 0.0, 0.0, 0.0, 0.0, 0.0, 0.0, 0.0, 0.0, 0.0, 0.0, 0.0, 0.0, 0.0, 0.0, 0.0, 0.0, 0.0, 0.0, 0.0, 0.0, 0.0, 0.0, 0.0, 0.0, 0.0, 0.0, 0.0, 0.0, 0.0, 0.0, 0.0, 0.0, 0.0, 0.0, 0.0, 0.0, 0.0, 0.0, 0.0, 0.0, 0.0, 0.0, 0.0, 0.0, 0.0, 0.0, 0.0, 0.0, 0.0, 0.0, 0.0, 0.0, 0.0, 0.0, 0.0, 0.0, 0.0, 0.0, 0.0, 0.0, 0.0, 0.0, 0.0, 0.0, 0.0, 0.0, 0.0, 0.0, 0.0, 0.0, 0.0, 0.0, 0.0, 0.0, 0.0, 0.0, 0.0, 0.0, 0.0, 0.0, 0.0, 0.0, 0.0, 0.0, 0.0, 0.0, 0.0, 0.0, 0.0, 0.0, 0.0, 0.0, 0.0, 0.0, 0.0, 0.0, 0.0, 0.0, 0.0, 0.0, 0.0, 0.0, 0.0, 0.0, 0.0, 0.0, 0.0, 0.0, 0.0, 0.0, 0.0, 0.0, 0.0, 0.0, 0.0, 0.0, 0.0, 0.0, 0.0, 0.0, 0.0, 0.0, 0.0, 0.0, 0.0, 0.0, 0.0, 0.0, 0.0, 0.0, 0.0, 0.0, 0.0, 0.0, 0.0, 0.0, 0.0, 0.0, 0.0, 0.0, 0.0, 0.0, 0.0, 0.0, 0.0, 0.0, 0.0, 0.0, 0.0, 0.0, 0.0, 0.0, 0.0, 0.0, 0.0, 0.0, 0.0, 0.0, 0.0, 0.0, 0.0, 0.0, 0.0, 0.0, 0.0, 0.0, 0.0, 0.0, 0.0, 0.0, 0.0, 0.0, 0.0, 0.0, 0.0, 0.0, 0.0, 0.0, 0.0, 0.0, 0.0, 0.0, 0.0, 0.0, 0.0]
---
header: 
  seq: 854
  stamp: 
    secs: 85
    nsecs: 500000000
  frame_id: "base_laser_link"
angle_min: -3.14159274101
angle_max: 3.14159274101
angle_increment: 0.0175019092858
time_increment: 0.0
scan_time: 0.0
range_min: 0.15000000596
range_max: 16.0
ranges: [3.4700000286102295, 3.470531463623047, 3.4721269607543945, 3.4747886657714844, 3.4785208702087402, 3.4833290576934814, 3.4892208576202393, 3.4962053298950195, 3.504293441772461, 3.513497829437256, 3.5238327980041504, 3.5353150367736816, 3.5479624271392822, 3.561795711517334, 3.5768370628356934, 3.593111515045166, 3.6106455326080322, 3.6294686794281006, 3.64961314201355, 3.6711130142211914, 3.6940059661865234, 3.718332290649414, 3.744135618209839, 3.771462917327881, 3.8003647327423096, 3.83089542388916, 3.8631134033203125, 3.8970818519592285, 3.932868242263794, 3.970545530319214, 4.010191917419434, 4.051891803741455, 4.095735549926758, 4.141821384429932, 4.190253734588623, 4.241147041320801, 4.294623374938965, 4.350815296173096, 4.409865856170654, 4.471930027008057, 4.53717565536499, 4.605784893035889, 4.677955627441406, 4.753903865814209, 4.833864212036133, 4.91351318359375, 4.993371486663818, 5.0791449546813965, 5.197863578796387, 5.3155598640441895, 5.289180755615234, 5.290842533111572, 5.21806526184082, 5.1488189697265625, 5.082922458648682, 5.020209789276123, 4.960526943206787, 4.903730869293213, 4.849689483642578, 4.798279762268066, 4.749387741088867, 4.702908515930176, 4.658743381500244, 4.616800785064697, 4.576996326446533, 4.53925085067749, 4.503490924835205, 4.469648361206055, 4.437660217285156, 4.407466888427734, 4.379013538360596, 4.352250099182129, 4.327129364013672, 4.30360746383667, 4.281644344329834, 4.261202812194824, 4.242249011993408, 4.2247514724731445, 4.208681106567383, 4.194012641906738, 4.172346591949463, 4.168788433074951, 4.158193111419678, 4.148918628692627, 4.140951156616211, 4.134278297424316, 4.128889560699463, 4.124776840209961, 4.121933460235596, 4.120355129241943, 4.120039463043213, 4.120985984802246, 4.123196601867676, 4.126674175262451, 4.1314239501953125, 4.137453556060791, 4.144772529602051, 4.153391361236572, 4.163324356079102, 4.174586772918701, 4.187196731567383, 4.201173305511475, 4.21653938293457, 4.2333197593688965, 4.251542091369629, 4.271235942840576, 4.292433738708496, 4.315171241760254, 4.339487552642822, 4.365423679351807, 4.393025875091553, 4.422342777252197, 4.453426361083984, 4.486334323883057, 4.521127223968506, 4.557870864868164, 4.5966362953186035, 4.547451019287109, 4.424826622009277, 4.298773288726807, 4.233541965484619, 4.264809608459473, 4.315388202667236, 4.381141185760498, 4.432863235473633, 4.48721170425415, 4.544318675994873, 4.6043267250061035, 4.667388916015625, 4.733673095703125, 4.803359508514404, 4.876644611358643, 4.953741550445557, 5.034882068634033, 5.120319366455078, 5.189908504486084, 5.175008296966553, 5.095940589904785, 5.01593542098999, 4.9398932456970215, 4.86759090423584, 4.79882287979126, 4.733401298522949, 4.6650776863098145, 4.611910343170166, 4.555531978607178, 4.501877307891846, 4.450819492340088, 4.40224027633667, 4.356029987335205, 4.312086582183838, 4.270294666290283, 4.230630397796631, 4.192948341369629, 4.157193660736084, 4.123295783996582, 4.091189384460449, 4.060812950134277, 4.032110691070557, 4.005029678344727, 3.979520320892334, 3.955538034439087, 3.9330406188964844, 3.911989212036133, 3.892347812652588, 3.8740835189819336, 3.857165575027466, 3.841566324234009, 3.8272604942321777, 3.8142249584198, 3.802438497543335, 3.7918825149536133, 3.7825403213500977, 3.774397611618042, 3.7674412727355957, 3.761660575866699, 3.757046699523926, 3.7535924911499023, 3.7512927055358887, 3.750143527984619, 3.750143527984619, 3.7512927055358887, 3.7535924911499023, 3.749638557434082, 3.761660575866699, 3.526324987411499, 2.9289324283599854, 2.8747308254241943, 2.8818306922912598, 2.8898532390594482, 2.898810863494873, 2.9087181091308594, 2.919590473175049, 2.931445837020874, 2.944303512573242, 2.958184242248535, 2.973111867904663, 2.9891109466552734, 3.006208896636963, 3.024435520172119, 3.0438225269317627, 3.064404249191284, 3.0862178802490234, 3.1093037128448486, 3.133704662322998, 3.1594669818878174, 3.186640739440918, 3.2152791023254395, 3.2454402446746826, 3.2597544193267822, 3.3055403232574463, 3.335850954055786, 3.3733763694763184, 3.4178764820098877, 3.444875955581665, 3.4779443740844727, 3.417309522628784, 3.3449368476867676, 3.2631995677948, 3.2061197757720947, 3.1747045516967773, 3.22357439994812, 3.274991035461426, 3.329110860824585, 3.386104106903076, 3.4269700050354004, 3.48703670501709, 3.5495338439941406, 3.644930839538574, 3.7135403156280518, 3.785285234451294, 3.8604319095611572, 3.947075605392456, 4.055870532989502, 4.119407653808594, 4.261021137237549, 4.3588738441467285, 4.4762163162231445, 4.6109161376953125, 4.63629150390625, 4.588206768035889, 4.544216156005859, 4.502426624298096, 4.462753772735596, 4.425117492675781, 4.389443874359131, 4.355664253234863, 4.323714733123779, 4.29353666305542, 4.265073776245117, 4.238275527954102, 4.213094711303711, 4.189486503601074, 4.1674113273620605, 4.1468305587768555, 4.127710819244385, 4.110019207000732, 4.0937275886535645, 4.078808784484863, 4.065239429473877, 4.05299711227417, 4.042062759399414, 4.032419204711914, 4.024050712585449, 4.0169453620910645, 4.011091232299805, 4.006479740142822, 4.003103256225586, 4.000957489013672, 4.000038146972656, 4.000344753265381, 4.0018768310546875, 4.004637718200684, 4.008630752563477, 4.013862609863281, 4.020340919494629, 4.028076171875, 4.03708028793335, 4.047367572784424, 4.058953762054443, 4.07185697555542, 4.0860981941223145, 4.101700305938721, 4.118688583374023, 4.13709020614624, 4.156936168670654, 4.17825984954834, 4.201096534729004, 4.225485801696777, 4.251469612121582, 4.2790937423706055, 4.308407783508301, 4.3394646644592285, 4.372321128845215, 4.407039642333984, 4.443685531616211, 4.482330799102783, 4.523051738739014, 4.5659308433532715, 4.611056327819824, 4.658524036407471, 4.708436012268066, 4.760903835296631, 4.816045761108398, 4.873990058898926, 4.934876441955566, 4.9988532066345215, 5.066082954406738, 5.136740684509277, 5.211015701293945, 5.289113998413086, 5.2101216316223145, 5.075656414031982, 4.98234748840332, 4.915369510650635, 4.833864212036133, 4.753903865814209, 4.677955627441406, 4.605784893035889, 4.53717565536499, 4.471930027008057, 4.409865856170654, 4.350815296173096, 4.294623374938965, 4.241147041320801, 4.190253734588623, 4.141821384429932, 4.095735549926758, 4.051891803741455, 4.010191917419434, 3.970545530319214, 3.932868242263794, 3.8970818519592285, 3.8631134033203125, 3.83089542388916, 3.8003647327423096, 3.771462917327881, 3.744135618209839, 3.718332290649414, 3.6940059661865234, 3.6711130142211914, 3.64961314201355, 3.6294686794281006, 3.6106455326080322, 3.593111515045166, 3.5768370628356934, 3.561795711517334, 3.5479624271392822, 3.5353150367736816, 3.5238327980041504, 3.513497829437256, 3.504293441772461, 3.4962053298950195, 3.4892208576202393, 3.4833290576934814, 3.4785208702087402, 3.4747886657714844, 3.4721269607543945, 3.470531463623047, 3.4700000286102295]
intensities: [0.0, 0.0, 0.0, 0.0, 0.0, 0.0, 0.0, 0.0, 0.0, 0.0, 0.0, 0.0, 0.0, 0.0, 0.0, 0.0, 0.0, 0.0, 0.0, 0.0, 0.0, 0.0, 0.0, 0.0, 0.0, 0.0, 0.0, 0.0, 0.0, 0.0, 0.0, 0.0, 0.0, 0.0, 0.0, 0.0, 0.0, 0.0, 0.0, 0.0, 0.0, 0.0, 0.0, 0.0, 0.0, 0.0, 0.0, 0.0, 0.0, 0.0, 0.0, 0.0, 0.0, 0.0, 0.0, 0.0, 0.0, 0.0, 0.0, 0.0, 0.0, 0.0, 0.0, 0.0, 0.0, 0.0, 0.0, 0.0, 0.0, 0.0, 0.0, 0.0, 0.0, 0.0, 0.0, 0.0, 0.0, 0.0, 0.0, 0.0, 0.0, 0.0, 0.0, 0.0, 0.0, 0.0, 0.0, 0.0, 0.0, 0.0, 0.0, 0.0, 0.0, 0.0, 0.0, 0.0, 0.0, 0.0, 0.0, 0.0, 0.0, 0.0, 0.0, 0.0, 0.0, 0.0, 0.0, 0.0, 0.0, 0.0, 0.0, 0.0, 0.0, 0.0, 0.0, 0.0, 0.0, 0.0, 0.0, 0.0, 0.0, 0.0, 0.0, 0.0, 0.0, 0.0, 0.0, 0.0, 0.0, 0.0, 0.0, 0.0, 0.0, 0.0, 0.0, 0.0, 0.0, 0.0, 0.0, 0.0, 0.0, 0.0, 0.0, 0.0, 0.0, 0.0, 0.0, 0.0, 0.0, 0.0, 0.0, 0.0, 0.0, 0.0, 0.0, 0.0, 0.0, 0.0, 0.0, 0.0, 0.0, 0.0, 0.0, 0.0, 0.0, 0.0, 0.0, 0.0, 0.0, 0.0, 0.0, 0.0, 0.0, 0.0, 0.0, 0.0, 0.0, 0.0, 0.0, 0.0, 0.0, 0.0, 0.0, 0.0, 0.0, 0.0, 0.0, 0.0, 0.0, 0.0, 0.0, 0.0, 0.0, 0.0, 0.0, 0.0, 0.0, 0.0, 0.0, 0.0, 0.0, 0.0, 0.0, 0.0, 0.0, 0.0, 0.0, 0.0, 0.0, 0.0, 0.0, 0.0, 0.0, 0.0, 0.0, 0.0, 0.0, 0.0, 0.0, 0.0, 0.0, 0.0, 0.0, 0.0, 0.0, 0.0, 0.0, 0.0, 0.0, 0.0, 0.0, 0.0, 0.0, 0.0, 0.0, 0.0, 0.0, 0.0, 0.0, 0.0, 0.0, 0.0, 0.0, 0.0, 0.0, 0.0, 0.0, 0.0, 0.0, 0.0, 0.0, 0.0, 0.0, 0.0, 0.0, 0.0, 0.0, 0.0, 0.0, 0.0, 0.0, 0.0, 0.0, 0.0, 0.0, 0.0, 0.0, 0.0, 0.0, 0.0, 0.0, 0.0, 0.0, 0.0, 0.0, 0.0, 0.0, 0.0, 0.0, 0.0, 0.0, 0.0, 0.0, 0.0, 0.0, 0.0, 0.0, 0.0, 0.0, 0.0, 0.0, 0.0, 0.0, 0.0, 0.0, 0.0, 0.0, 0.0, 0.0, 0.0, 0.0, 0.0, 0.0, 0.0, 0.0, 0.0, 0.0, 0.0, 0.0, 0.0, 0.0, 0.0, 0.0, 0.0, 0.0, 0.0, 0.0, 0.0, 0.0, 0.0, 0.0, 0.0, 0.0, 0.0, 0.0, 0.0, 0.0, 0.0, 0.0, 0.0, 0.0, 0.0, 0.0, 0.0, 0.0, 0.0, 0.0, 0.0, 0.0, 0.0, 0.0, 0.0, 0.0, 0.0, 0.0, 0.0, 0.0, 0.0, 0.0, 0.0, 0.0, 0.0, 0.0, 0.0, 0.0, 0.0, 0.0, 0.0, 0.0, 0.0]
---
