header: 
  seq: 784
  stamp: 
    secs: 78
    nsecs: 500000000
  frame_id: "base_laser_link"
angle_min: -3.14159274101
angle_max: 3.14159274101
angle_increment: 0.0175019092858
time_increment: 0.0
scan_time: 0.0
range_min: 0.15000000596
range_max: 16.0
ranges: [0.10000000149011612, 0.1000153198838234, 0.10006129741668701, 0.10013800114393234, 0.10024555772542953, 0.10038412362337112, 0.10055391490459442, 0.10075519979000092, 0.10098828375339508, 0.10125353932380676, 0.10155137628316879, 0.10188227146863937, 0.10224675387144089, 0.10264541208744049, 0.10307887941598892, 0.10354787856340408, 0.10405318439006805, 0.10459563881158829, 0.1051761656999588, 0.10579576343297958, 0.10645550489425659, 0.10715655237436295, 0.10790016502141953, 0.10868769139051437, 0.10952059924602509, 0.11040044575929642, 0.11132891476154327, 0.1123078316450119, 0.1133391410112381, 0.1144249439239502, 0.11556749045848846, 0.1167692169547081, 0.11803272366523743, 0.11936084181070328, 0.120756596326828, 0.12222325801849365, 0.12376436591148376, 0.12538371980190277, 0.12708546221256256, 0.1288740634918213, 0.13075433671474457, 0.13273155689239502, 0.1348114013671875, 0.13700011372566223, 0.13930444419384003, 0.14111298322677612, 0.13871712982654572, 0.1364423781633377, 0.1342814862728119, 0.1322278529405594, 0.1302753984928131, 0.15410222113132477, 0.15198248624801636, 0.14996559917926788, 0.14804628491401672, 0.14621971547603607, 0.16856159269809723, 0.16663162410259247, 0.16479526460170746, 0.18634095788002014, 0.18444225192070007, 0.18263722956180573, 0.20353733003139496, 0.20170488953590393, 0.19996586441993713, 0.22035197913646698, 0.2186160683631897, 0.23867055773735046, 0.2369624376296997, 0.2567456364631653, 0.2550881803035736, 0.2746565639972687, 0.2940767705440521, 0.313369482755661, 0.3325549066066742, 0.35165268182754517, 0.3706819415092468, 0.4101700186729431, 0.4494708180427551, 0.48862284421920776, 0.5276639461517334, 0.5868682861328125, 0.6661182641983032, 0.7653344869613647, 0.9045767188072205, 1.0837428569793701, 1.3829776048660278, 1.902202844619751, 3.0014076232910156, 3.8403308391571045, 3.8400368690490723, 3.840919017791748, 3.8429794311523438, 3.8462204933166504, 3.8506476879119873, 3.8562674522399902, 3.863088846206665, 3.871122360229492, 3.880380153656006, 3.8908772468566895, 3.902629852294922, 3.915656566619873, 5.6698126792907715, 7.706286430358887, 7.739457607269287, 7.775307655334473, 7.813896179199219, 7.855287551879883, 7.899552345275879, 7.9467668533325195, 7.997013092041016, 8.05038070678711, 8.106965065002441, 8.1668701171875, 8.230207443237305, 8.29709529876709, 8.367663383483887, 8.442049980163574, 8.520404815673828, 8.602888107299805, 8.68967056274414, 8.780939102172852, 8.876893997192383, 8.97774887084961, 9.083736419677734, 9.19510555267334, 9.312128067016602, 9.435094833374023, 9.564321517944336, 9.700150489807129, 9.842949867248535, 9.993124008178711, 10.15110969543457, 10.317380905151367, 10.156699180603027, 10.003759384155273, 9.835381507873535, 9.675492286682129, 9.523589134216309, 9.379210472106934, 9.241931915283203, 9.11136531829834, 8.987151145935059, 8.86895751953125, 8.75648021697998, 8.649435997009277, 8.547564506530762, 8.45062255859375, 8.358386993408203, 8.270648956298828, 8.187214851379395, 8.10790729522705, 8.032557487487793, 7.961010932922363, 7.893124580383301, 7.828763961791992, 7.7678046226501465, 7.71013069152832, 7.65563440322876, 7.6042160987854, 7.555782794952393, 7.510248184204102, 7.467533111572266, 7.427563667297363, 7.390271186828613, 7.355593204498291, 7.323471546173096, 7.293854236602783, 7.266692161560059, 7.241941452026367, 7.219563007354736, 7.199521064758301, 7.181783199310303, 7.166322708129883, 7.153115272521973, 7.142139434814453, 7.1333794593811035, 7.126821041107178, 7.1224541664123535, 7.120272636413574, 7.120272636413574, 7.1224541664123535, 7.126821041107178, 7.1333794593811035, 7.148991584777832, 6.416833877563477, 1.3285878896713257, 1.1498923301696777, 1.0111687183380127, 0.9125851988792419, 0.813701331615448, 0.755246102809906, 0.6966040730476379, 0.6377180218696594, 0.5991915464401245, 0.560498058795929, 0.5215985774993896, 0.5034292340278625, 0.46411648392677307, 0.4457062780857086, 0.42720314860343933, 0.4085872173309326, 0.3898380696773529, 0.37093448638916016, 0.3518545627593994, 0.3547471761703491, 0.3354358673095703, 0.31588706374168396, 0.3188502788543701, 0.29897135496139526, 0.30201807618141174, 0.2817433774471283, 0.28485244512557983, 0.26411014795303345, 0.2672578692436218, 0.2459685504436493, 0.24912802875041962, 0.25244805216789246, 0.2303435057401657, 0.23364435136318207, 0.23711486160755157, 0.2140132337808609, 0.21742679178714752, 0.22101980447769165, 0.22480358183383942, 0.22383910417556763, 0.2201041281223297, 0.21655699610710144, 0.21318665146827698, 0.20998293161392212, 0.2069365382194519, 0.20403887331485748, 0.20128203928470612, 0.19865873456001282, 0.19616225361824036, 0.1937863677740097, 0.19152531027793884, 0.18937373161315918, 0.18732671439647675, 0.18537963926792145, 0.18352827429771423, 0.18176864087581635, 0.1800970733165741, 0.1785101443529129, 0.17700469493865967, 0.17557774484157562, 0.1742265671491623, 0.17294859886169434, 0.17174145579338074, 0.170602947473526, 0.16953101754188538, 0.16852378845214844, 0.16757947206497192, 0.1666964441537857, 0.1658732295036316, 0.16510842740535736, 0.16440077126026154, 0.163749098777771, 0.16315235197544098, 0.16260957717895508, 0.16211988031864166, 0.16168250143527985, 0.1612967550754547, 0.1609620302915573, 0.16067780554294586, 0.16044364869594574, 0.1602591872215271, 0.16012413799762726, 0.1600382924079895, 0.16000153124332428, 0.16001377999782562, 0.1600750833749771, 0.16018550097942352, 0.16034522652626038, 0.16055449843406677, 0.16081364452838898, 0.16112305223941803, 0.16148321330547333, 0.16189469397068024, 0.1623581349849701, 0.1628742814064026, 0.163443922996521, 0.16406801342964172, 0.16474753618240356, 0.16548360884189606, 0.1662774533033371, 0.16713039577007294, 0.16804386675357819, 0.1690194308757782, 0.17005878686904907, 0.17116375267505646, 0.17233631014823914, 0.17357859015464783, 0.174892857670784, 0.17628158628940582, 0.1777474284172058, 0.17929323017597198, 0.18092207610607147, 0.18263722956180573, 0.18444225192070007, 0.18634095788002014, 0.16479526460170746, 0.16663162410259247, 0.16856159269809723, 0.14621971547603607, 0.14804628491401672, 0.14996559917926788, 0.15198248624801636, 0.15410222113132477, 0.1302753984928131, 0.1322278529405594, 0.1342814862728119, 0.1364423781633377, 0.13871712982654572, 0.14111298322677612, 0.13930444419384003, 0.13700011372566223, 0.1348114013671875, 0.13273155689239502, 0.13075433671474457, 0.1288740634918213, 0.12708546221256256, 0.12538371980190277, 0.12376436591148376, 0.12222325801849365, 0.120756596326828, 0.11936084181070328, 0.11803272366523743, 0.1167692169547081, 0.11556749045848846, 0.1144249439239502, 0.1133391410112381, 0.1123078316450119, 0.11132891476154327, 0.11040044575929642, 0.10952059924602509, 0.10868769139051437, 0.10790016502141953, 0.10715655237436295, 0.10645550489425659, 0.10579576343297958, 0.1051761656999588, 0.10459563881158829, 0.10405318439006805, 0.10354787856340408, 0.10307887941598892, 0.10264541208744049, 0.10224675387144089, 0.10188227146863937, 0.10155137628316879, 0.10125353932380676, 0.10098828375339508, 0.10075519979000092, 0.10055391490459442, 0.10038412362337112, 0.10024555772542953, 0.10013800114393234, 0.10006129741668701, 0.1000153198838234, 0.10000000149011612]
intensities: [0.0, 0.0, 0.0, 0.0, 0.0, 0.0, 0.0, 0.0, 0.0, 0.0, 0.0, 0.0, 0.0, 0.0, 0.0, 0.0, 0.0, 0.0, 0.0, 0.0, 0.0, 0.0, 0.0, 0.0, 0.0, 0.0, 0.0, 0.0, 0.0, 0.0, 0.0, 0.0, 0.0, 0.0, 0.0, 0.0, 0.0, 0.0, 0.0, 0.0, 0.0, 0.0, 0.0, 0.0, 0.0, 0.0, 0.0, 0.0, 0.0, 0.0, 0.0, 0.0, 0.0, 0.0, 0.0, 0.0, 0.0, 0.0, 0.0, 0.0, 0.0, 0.0, 0.0, 0.0, 0.0, 0.0, 0.0, 0.0, 0.0, 0.0, 0.0, 0.0, 0.0, 0.0, 0.0, 0.0, 0.0, 0.0, 0.0, 0.0, 0.0, 0.0, 0.0, 0.0, 0.0, 0.0, 0.0, 0.0, 0.0, 0.0, 0.0, 0.0, 0.0, 0.0, 0.0, 0.0, 0.0, 0.0, 0.0, 0.0, 0.0, 0.0, 0.0, 0.0, 0.0, 0.0, 0.0, 0.0, 0.0, 0.0, 0.0, 0.0, 0.0, 0.0, 0.0, 0.0, 0.0, 0.0, 0.0, 0.0, 0.0, 0.0, 0.0, 0.0, 0.0, 0.0, 0.0, 0.0, 0.0, 0.0, 0.0, 0.0, 0.0, 0.0, 0.0, 0.0, 0.0, 0.0, 0.0, 0.0, 0.0, 0.0, 0.0, 0.0, 0.0, 0.0, 0.0, 0.0, 0.0, 0.0, 0.0, 0.0, 0.0, 0.0, 0.0, 0.0, 0.0, 0.0, 0.0, 0.0, 0.0, 0.0, 0.0, 0.0, 0.0, 0.0, 0.0, 0.0, 0.0, 0.0, 0.0, 0.0, 0.0, 0.0, 0.0, 0.0, 0.0, 0.0, 0.0, 0.0, 0.0, 0.0, 0.0, 0.0, 0.0, 0.0, 0.0, 0.0, 0.0, 0.0, 0.0, 0.0, 0.0, 0.0, 0.0, 0.0, 0.0, 0.0, 0.0, 0.0, 0.0, 0.0, 0.0, 0.0, 0.0, 0.0, 0.0, 0.0, 0.0, 0.0, 0.0, 0.0, 0.0, 0.0, 0.0, 0.0, 0.0, 0.0, 0.0, 0.0, 0.0, 0.0, 0.0, 0.0, 0.0, 0.0, 0.0, 0.0, 0.0, 0.0, 0.0, 0.0, 0.0, 0.0, 0.0, 0.0, 0.0, 0.0, 0.0, 0.0, 0.0, 0.0, 0.0, 0.0, 0.0, 0.0, 0.0, 0.0, 0.0, 0.0, 0.0, 0.0, 0.0, 0.0, 0.0, 0.0, 0.0, 0.0, 0.0, 0.0, 0.0, 0.0, 0.0, 0.0, 0.0, 0.0, 0.0, 0.0, 0.0, 0.0, 0.0, 0.0, 0.0, 0.0, 0.0, 0.0, 0.0, 0.0, 0.0, 0.0, 0.0, 0.0, 0.0, 0.0, 0.0, 0.0, 0.0, 0.0, 0.0, 0.0, 0.0, 0.0, 0.0, 0.0, 0.0, 0.0, 0.0, 0.0, 0.0, 0.0, 0.0, 0.0, 0.0, 0.0, 0.0, 0.0, 0.0, 0.0, 0.0, 0.0, 0.0, 0.0, 0.0, 0.0, 0.0, 0.0, 0.0, 0.0, 0.0, 0.0, 0.0, 0.0, 0.0, 0.0, 0.0, 0.0, 0.0, 0.0, 0.0, 0.0, 0.0, 0.0, 0.0, 0.0, 0.0, 0.0, 0.0, 0.0, 0.0, 0.0, 0.0, 0.0, 0.0, 0.0, 0.0, 0.0, 0.0, 0.0, 0.0, 0.0, 0.0, 0.0, 0.0, 0.0, 0.0, 0.0, 0.0, 0.0, 0.0, 0.0]
---
header: 
  seq: 785
  stamp: 
    secs: 78
    nsecs: 600000000
  frame_id: "base_laser_link"
angle_min: -3.14159274101
angle_max: 3.14159274101
angle_increment: 0.0175019092858
time_increment: 0.0
scan_time: 0.0
range_min: 0.15000000596
range_max: 16.0
ranges: [0.10000000149011612, 0.1000153198838234, 0.10006129741668701, 0.10013800114393234, 0.10024555772542953, 0.10038412362337112, 0.10055391490459442, 0.10075519979000092, 0.10098828375339508, 0.10125353932380676, 0.10155137628316879, 0.10188227146863937, 0.10224675387144089, 0.10264541208744049, 0.10307887941598892, 0.10354787856340408, 0.10405318439006805, 0.10459563881158829, 0.1051761656999588, 0.10579576343297958, 0.10645550489425659, 0.10715655237436295, 0.10790016502141953, 0.10868769139051437, 0.10952059924602509, 0.11040044575929642, 0.11132891476154327, 0.1123078316450119, 0.1133391410112381, 0.1144249439239502, 0.11556749045848846, 0.1167692169547081, 0.11803272366523743, 0.11936084181070328, 0.120756596326828, 0.12222325801849365, 0.12376436591148376, 0.12538371980190277, 0.12708546221256256, 0.1288740634918213, 0.13075433671474457, 0.13273155689239502, 0.1348114013671875, 0.13700011372566223, 0.13930444419384003, 0.14111298322677612, 0.13871712982654572, 0.1364423781633377, 0.1342814862728119, 0.1322278529405594, 0.1302753984928131, 0.15410222113132477, 0.15198248624801636, 0.14996559917926788, 0.14804628491401672, 0.14621971547603607, 0.16856159269809723, 0.16663162410259247, 0.16479526460170746, 0.18634095788002014, 0.18444225192070007, 0.18263722956180573, 0.20353733003139496, 0.20170488953590393, 0.19996586441993713, 0.22035197913646698, 0.2186160683631897, 0.23867055773735046, 0.2369624376296997, 0.2567456364631653, 0.2550881803035736, 0.2746565639972687, 0.2940767705440521, 0.313369482755661, 0.3325549066066742, 0.35165268182754517, 0.3706819415092468, 0.4101700186729431, 0.4494708180427551, 0.48862284421920776, 0.5276639461517334, 0.5868682861328125, 0.6661182641983032, 0.7653344869613647, 0.9045767188072205, 1.0837428569793701, 1.3829776048660278, 1.902202844619751, 3.0014076232910156, 3.8403308391571045, 3.8400368690490723, 3.840919017791748, 3.8429794311523438, 3.8462204933166504, 3.8506476879119873, 3.8562674522399902, 3.863088846206665, 3.871122360229492, 3.880380153656006, 3.8908772468566895, 3.902629852294922, 3.915656566619873, 5.6698126792907715, 7.706286430358887, 7.739457607269287, 7.775307655334473, 7.813896179199219, 7.855287551879883, 7.899552345275879, 7.9467668533325195, 7.997013092041016, 8.05038070678711, 8.106965065002441, 8.1668701171875, 8.230207443237305, 8.29709529876709, 8.367663383483887, 8.442049980163574, 8.520404815673828, 8.602888107299805, 8.68967056274414, 8.780939102172852, 8.876893997192383, 8.97774887084961, 9.083736419677734, 9.19510555267334, 9.312128067016602, 9.435094833374023, 9.564321517944336, 9.700150489807129, 9.842949867248535, 9.993124008178711, 10.15110969543457, 10.317380905151367, 10.156699180603027, 10.003759384155273, 9.835381507873535, 9.675492286682129, 9.523589134216309, 9.379210472106934, 9.241931915283203, 9.11136531829834, 8.987151145935059, 8.86895751953125, 8.75648021697998, 8.649435997009277, 8.547564506530762, 8.45062255859375, 8.358386993408203, 8.270648956298828, 8.187214851379395, 8.10790729522705, 8.032557487487793, 7.961010932922363, 7.893124580383301, 7.828763961791992, 7.7678046226501465, 7.71013069152832, 7.65563440322876, 7.6042160987854, 7.555782794952393, 7.510248184204102, 7.467533111572266, 7.427563667297363, 7.390271186828613, 7.355593204498291, 7.323471546173096, 7.293854236602783, 7.266692161560059, 7.241941452026367, 7.219563007354736, 7.199521064758301, 7.181783199310303, 7.166322708129883, 7.153115272521973, 7.142139434814453, 7.1333794593811035, 7.126821041107178, 7.1224541664123535, 7.120272636413574, 7.120272636413574, 7.1224541664123535, 7.126821041107178, 7.1333794593811035, 7.148991584777832, 6.416833877563477, 1.3285878896713257, 1.1498923301696777, 1.0111687183380127, 0.9125851988792419, 0.813701331615448, 0.755246102809906, 0.6966040730476379, 0.6377180218696594, 0.5991915464401245, 0.560498058795929, 0.5215985774993896, 0.5034292340278625, 0.46411648392677307, 0.4457062780857086, 0.42720314860343933, 0.4085872173309326, 0.3898380696773529, 0.37093448638916016, 0.3518545627593994, 0.3547471761703491, 0.3354358673095703, 0.31588706374168396, 0.3188502788543701, 0.29897135496139526, 0.30201807618141174, 0.2817433774471283, 0.28485244512557983, 0.26411014795303345, 0.2672578692436218, 0.2459685504436493, 0.24912802875041962, 0.25244805216789246, 0.2303435057401657, 0.23364435136318207, 0.23711486160755157, 0.2140132337808609, 0.21742679178714752, 0.22101980447769165, 0.22480358183383942, 0.22383910417556763, 0.2201041281223297, 0.21655699610710144, 0.21318665146827698, 0.20998293161392212, 0.2069365382194519, 0.20403887331485748, 0.20128203928470612, 0.19865873456001282, 0.19616225361824036, 0.1937863677740097, 0.19152531027793884, 0.18937373161315918, 0.18732671439647675, 0.18537963926792145, 0.18352827429771423, 0.18176864087581635, 0.1800970733165741, 0.1785101443529129, 0.17700469493865967, 0.17557774484157562, 0.1742265671491623, 0.17294859886169434, 0.17174145579338074, 0.170602947473526, 0.16953101754188538, 0.16852378845214844, 0.16757947206497192, 0.1666964441537857, 0.1658732295036316, 0.16510842740535736, 0.16440077126026154, 0.163749098777771, 0.16315235197544098, 0.16260957717895508, 0.16211988031864166, 0.16168250143527985, 0.1612967550754547, 0.1609620302915573, 0.16067780554294586, 0.16044364869594574, 0.1602591872215271, 0.16012413799762726, 0.1600382924079895, 0.16000153124332428, 0.16001377999782562, 0.1600750833749771, 0.16018550097942352, 0.16034522652626038, 0.16055449843406677, 0.16081364452838898, 0.16112305223941803, 0.16148321330547333, 0.16189469397068024, 0.1623581349849701, 0.1628742814064026, 0.163443922996521, 0.16406801342964172, 0.16474753618240356, 0.16548360884189606, 0.1662774533033371, 0.16713039577007294, 0.16804386675357819, 0.1690194308757782, 0.17005878686904907, 0.17116375267505646, 0.17233631014823914, 0.17357859015464783, 0.174892857670784, 0.17628158628940582, 0.1777474284172058, 0.17929323017597198, 0.18092207610607147, 0.18263722956180573, 0.18444225192070007, 0.18634095788002014, 0.16479526460170746, 0.16663162410259247, 0.16856159269809723, 0.14621971547603607, 0.14804628491401672, 0.14996559917926788, 0.15198248624801636, 0.15410222113132477, 0.1302753984928131, 0.1322278529405594, 0.1342814862728119, 0.1364423781633377, 0.13871712982654572, 0.14111298322677612, 0.13930444419384003, 0.13700011372566223, 0.1348114013671875, 0.13273155689239502, 0.13075433671474457, 0.1288740634918213, 0.12708546221256256, 0.12538371980190277, 0.12376436591148376, 0.12222325801849365, 0.120756596326828, 0.11936084181070328, 0.11803272366523743, 0.1167692169547081, 0.11556749045848846, 0.1144249439239502, 0.1133391410112381, 0.1123078316450119, 0.11132891476154327, 0.11040044575929642, 0.10952059924602509, 0.10868769139051437, 0.10790016502141953, 0.10715655237436295, 0.10645550489425659, 0.10579576343297958, 0.1051761656999588, 0.10459563881158829, 0.10405318439006805, 0.10354787856340408, 0.10307887941598892, 0.10264541208744049, 0.10224675387144089, 0.10188227146863937, 0.10155137628316879, 0.10125353932380676, 0.10098828375339508, 0.10075519979000092, 0.10055391490459442, 0.10038412362337112, 0.10024555772542953, 0.10013800114393234, 0.10006129741668701, 0.1000153198838234, 0.10000000149011612]
intensities: [0.0, 0.0, 0.0, 0.0, 0.0, 0.0, 0.0, 0.0, 0.0, 0.0, 0.0, 0.0, 0.0, 0.0, 0.0, 0.0, 0.0, 0.0, 0.0, 0.0, 0.0, 0.0, 0.0, 0.0, 0.0, 0.0, 0.0, 0.0, 0.0, 0.0, 0.0, 0.0, 0.0, 0.0, 0.0, 0.0, 0.0, 0.0, 0.0, 0.0, 0.0, 0.0, 0.0, 0.0, 0.0, 0.0, 0.0, 0.0, 0.0, 0.0, 0.0, 0.0, 0.0, 0.0, 0.0, 0.0, 0.0, 0.0, 0.0, 0.0, 0.0, 0.0, 0.0, 0.0, 0.0, 0.0, 0.0, 0.0, 0.0, 0.0, 0.0, 0.0, 0.0, 0.0, 0.0, 0.0, 0.0, 0.0, 0.0, 0.0, 0.0, 0.0, 0.0, 0.0, 0.0, 0.0, 0.0, 0.0, 0.0, 0.0, 0.0, 0.0, 0.0, 0.0, 0.0, 0.0, 0.0, 0.0, 0.0, 0.0, 0.0, 0.0, 0.0, 0.0, 0.0, 0.0, 0.0, 0.0, 0.0, 0.0, 0.0, 0.0, 0.0, 0.0, 0.0, 0.0, 0.0, 0.0, 0.0, 0.0, 0.0, 0.0, 0.0, 0.0, 0.0, 0.0, 0.0, 0.0, 0.0, 0.0, 0.0, 0.0, 0.0, 0.0, 0.0, 0.0, 0.0, 0.0, 0.0, 0.0, 0.0, 0.0, 0.0, 0.0, 0.0, 0.0, 0.0, 0.0, 0.0, 0.0, 0.0, 0.0, 0.0, 0.0, 0.0, 0.0, 0.0, 0.0, 0.0, 0.0, 0.0, 0.0, 0.0, 0.0, 0.0, 0.0, 0.0, 0.0, 0.0, 0.0, 0.0, 0.0, 0.0, 0.0, 0.0, 0.0, 0.0, 0.0, 0.0, 0.0, 0.0, 0.0, 0.0, 0.0, 0.0, 0.0, 0.0, 0.0, 0.0, 0.0, 0.0, 0.0, 0.0, 0.0, 0.0, 0.0, 0.0, 0.0, 0.0, 0.0, 0.0, 0.0, 0.0, 0.0, 0.0, 0.0, 0.0, 0.0, 0.0, 0.0, 0.0, 0.0, 0.0, 0.0, 0.0, 0.0, 0.0, 0.0, 0.0, 0.0, 0.0, 0.0, 0.0, 0.0, 0.0, 0.0, 0.0, 0.0, 0.0, 0.0, 0.0, 0.0, 0.0, 0.0, 0.0, 0.0, 0.0, 0.0, 0.0, 0.0, 0.0, 0.0, 0.0, 0.0, 0.0, 0.0, 0.0, 0.0, 0.0, 0.0, 0.0, 0.0, 0.0, 0.0, 0.0, 0.0, 0.0, 0.0, 0.0, 0.0, 0.0, 0.0, 0.0, 0.0, 0.0, 0.0, 0.0, 0.0, 0.0, 0.0, 0.0, 0.0, 0.0, 0.0, 0.0, 0.0, 0.0, 0.0, 0.0, 0.0, 0.0, 0.0, 0.0, 0.0, 0.0, 0.0, 0.0, 0.0, 0.0, 0.0, 0.0, 0.0, 0.0, 0.0, 0.0, 0.0, 0.0, 0.0, 0.0, 0.0, 0.0, 0.0, 0.0, 0.0, 0.0, 0.0, 0.0, 0.0, 0.0, 0.0, 0.0, 0.0, 0.0, 0.0, 0.0, 0.0, 0.0, 0.0, 0.0, 0.0, 0.0, 0.0, 0.0, 0.0, 0.0, 0.0, 0.0, 0.0, 0.0, 0.0, 0.0, 0.0, 0.0, 0.0, 0.0, 0.0, 0.0, 0.0, 0.0, 0.0, 0.0, 0.0, 0.0, 0.0, 0.0, 0.0, 0.0, 0.0, 0.0, 0.0, 0.0, 0.0, 0.0, 0.0, 0.0, 0.0, 0.0, 0.0, 0.0, 0.0]
---
header: 
  seq: 786
  stamp: 
    secs: 78
    nsecs: 700000000
  frame_id: "base_laser_link"
angle_min: -3.14159274101
angle_max: 3.14159274101
angle_increment: 0.0175019092858
time_increment: 0.0
scan_time: 0.0
range_min: 0.15000000596
range_max: 16.0
ranges: [0.10000000149011612, 0.1000153198838234, 0.10006129741668701, 0.10013800114393234, 0.10024555772542953, 0.10038412362337112, 0.10055391490459442, 0.10075519979000092, 0.10098828375339508, 0.10125353932380676, 0.10155137628316879, 0.10188227146863937, 0.10224675387144089, 0.10264541208744049, 0.10307887941598892, 0.10354787856340408, 0.10405318439006805, 0.10459563881158829, 0.1051761656999588, 0.10579576343297958, 0.10645550489425659, 0.10715655237436295, 0.10790016502141953, 0.10868769139051437, 0.10952059924602509, 0.11040044575929642, 0.11132891476154327, 0.1123078316450119, 0.1133391410112381, 0.1144249439239502, 0.11556749045848846, 0.1167692169547081, 0.11803272366523743, 0.11936084181070328, 0.120756596326828, 0.12222325801849365, 0.12376436591148376, 0.12538371980190277, 0.12708546221256256, 0.1288740634918213, 0.13075433671474457, 0.13273155689239502, 0.1348114013671875, 0.13700011372566223, 0.13930444419384003, 0.14111298322677612, 0.13871712982654572, 0.1364423781633377, 0.1342814862728119, 0.1322278529405594, 0.1302753984928131, 0.15410222113132477, 0.15198248624801636, 0.14996559917926788, 0.14804628491401672, 0.14621971547603607, 0.16856159269809723, 0.16663162410259247, 0.16479526460170746, 0.18634095788002014, 0.18444225192070007, 0.18263722956180573, 0.20353733003139496, 0.20170488953590393, 0.19996586441993713, 0.22035197913646698, 0.2186160683631897, 0.23867055773735046, 0.2369624376296997, 0.2567456364631653, 0.2550881803035736, 0.2746565639972687, 0.2940767705440521, 0.313369482755661, 0.3325549066066742, 0.35165268182754517, 0.3706819415092468, 0.4101700186729431, 0.4494708180427551, 0.48862284421920776, 0.5276639461517334, 0.5868682861328125, 0.6661182641983032, 0.7653344869613647, 0.9045767188072205, 1.0837428569793701, 1.3829776048660278, 1.902202844619751, 3.0014076232910156, 3.8403308391571045, 3.8400368690490723, 3.840919017791748, 3.8429794311523438, 3.8462204933166504, 3.8506476879119873, 3.8562674522399902, 3.863088846206665, 3.871122360229492, 3.880380153656006, 3.8908772468566895, 3.902629852294922, 3.915656566619873, 5.6698126792907715, 7.706286430358887, 7.739457607269287, 7.775307655334473, 7.813896179199219, 7.855287551879883, 7.899552345275879, 7.9467668533325195, 7.997013092041016, 8.05038070678711, 8.106965065002441, 8.1668701171875, 8.230207443237305, 8.29709529876709, 8.367663383483887, 8.442049980163574, 8.520404815673828, 8.602888107299805, 8.68967056274414, 8.780939102172852, 8.876893997192383, 8.97774887084961, 9.083736419677734, 9.19510555267334, 9.312128067016602, 9.435094833374023, 9.564321517944336, 9.700150489807129, 9.842949867248535, 9.993124008178711, 10.15110969543457, 10.317380905151367, 10.156699180603027, 10.003759384155273, 9.835381507873535, 9.675492286682129, 9.523589134216309, 9.379210472106934, 9.241931915283203, 9.11136531829834, 8.987151145935059, 8.86895751953125, 8.75648021697998, 8.649435997009277, 8.547564506530762, 8.45062255859375, 8.358386993408203, 8.270648956298828, 8.187214851379395, 8.10790729522705, 8.032557487487793, 7.961010932922363, 7.893124580383301, 7.828763961791992, 7.7678046226501465, 7.71013069152832, 7.65563440322876, 7.6042160987854, 7.555782794952393, 7.510248184204102, 7.467533111572266, 7.427563667297363, 7.390271186828613, 7.355593204498291, 7.323471546173096, 7.293854236602783, 7.266692161560059, 7.241941452026367, 7.219563007354736, 7.199521064758301, 7.181783199310303, 7.166322708129883, 7.153115272521973, 7.142139434814453, 7.1333794593811035, 7.126821041107178, 7.1224541664123535, 7.120272636413574, 7.120272636413574, 7.1224541664123535, 7.126821041107178, 7.1333794593811035, 7.148991584777832, 6.416833877563477, 1.3285878896713257, 1.1498923301696777, 1.0111687183380127, 0.9125851988792419, 0.813701331615448, 0.755246102809906, 0.6966040730476379, 0.6377180218696594, 0.5991915464401245, 0.560498058795929, 0.5215985774993896, 0.5034292340278625, 0.46411648392677307, 0.4457062780857086, 0.42720314860343933, 0.4085872173309326, 0.3898380696773529, 0.37093448638916016, 0.3518545627593994, 0.3547471761703491, 0.3354358673095703, 0.31588706374168396, 0.3188502788543701, 0.29897135496139526, 0.30201807618141174, 0.2817433774471283, 0.28485244512557983, 0.26411014795303345, 0.2672578692436218, 0.2459685504436493, 0.24912802875041962, 0.25244805216789246, 0.2303435057401657, 0.23364435136318207, 0.23711486160755157, 0.2140132337808609, 0.21742679178714752, 0.22101980447769165, 0.22480358183383942, 0.22383910417556763, 0.2201041281223297, 0.21655699610710144, 0.21318665146827698, 0.20998293161392212, 0.2069365382194519, 0.20403887331485748, 0.20128203928470612, 0.19865873456001282, 0.19616225361824036, 0.1937863677740097, 0.19152531027793884, 0.18937373161315918, 0.18732671439647675, 0.18537963926792145, 0.18352827429771423, 0.18176864087581635, 0.1800970733165741, 0.1785101443529129, 0.17700469493865967, 0.17557774484157562, 0.1742265671491623, 0.17294859886169434, 0.17174145579338074, 0.170602947473526, 0.16953101754188538, 0.16852378845214844, 0.16757947206497192, 0.1666964441537857, 0.1658732295036316, 0.16510842740535736, 0.16440077126026154, 0.163749098777771, 0.16315235197544098, 0.16260957717895508, 0.16211988031864166, 0.16168250143527985, 0.1612967550754547, 0.1609620302915573, 0.16067780554294586, 0.16044364869594574, 0.1602591872215271, 0.16012413799762726, 0.1600382924079895, 0.16000153124332428, 0.16001377999782562, 0.1600750833749771, 0.16018550097942352, 0.16034522652626038, 0.16055449843406677, 0.16081364452838898, 0.16112305223941803, 0.16148321330547333, 0.16189469397068024, 0.1623581349849701, 0.1628742814064026, 0.163443922996521, 0.16406801342964172, 0.16474753618240356, 0.16548360884189606, 0.1662774533033371, 0.16713039577007294, 0.16804386675357819, 0.1690194308757782, 0.17005878686904907, 0.17116375267505646, 0.17233631014823914, 0.17357859015464783, 0.174892857670784, 0.17628158628940582, 0.1777474284172058, 0.17929323017597198, 0.18092207610607147, 0.18263722956180573, 0.18444225192070007, 0.18634095788002014, 0.16479526460170746, 0.16663162410259247, 0.16856159269809723, 0.14621971547603607, 0.14804628491401672, 0.14996559917926788, 0.15198248624801636, 0.15410222113132477, 0.1302753984928131, 0.1322278529405594, 0.1342814862728119, 0.1364423781633377, 0.13871712982654572, 0.14111298322677612, 0.13930444419384003, 0.13700011372566223, 0.1348114013671875, 0.13273155689239502, 0.13075433671474457, 0.1288740634918213, 0.12708546221256256, 0.12538371980190277, 0.12376436591148376, 0.12222325801849365, 0.120756596326828, 0.11936084181070328, 0.11803272366523743, 0.1167692169547081, 0.11556749045848846, 0.1144249439239502, 0.1133391410112381, 0.1123078316450119, 0.11132891476154327, 0.11040044575929642, 0.10952059924602509, 0.10868769139051437, 0.10790016502141953, 0.10715655237436295, 0.10645550489425659, 0.10579576343297958, 0.1051761656999588, 0.10459563881158829, 0.10405318439006805, 0.10354787856340408, 0.10307887941598892, 0.10264541208744049, 0.10224675387144089, 0.10188227146863937, 0.10155137628316879, 0.10125353932380676, 0.10098828375339508, 0.10075519979000092, 0.10055391490459442, 0.10038412362337112, 0.10024555772542953, 0.10013800114393234, 0.10006129741668701, 0.1000153198838234, 0.10000000149011612]
intensities: [0.0, 0.0, 0.0, 0.0, 0.0, 0.0, 0.0, 0.0, 0.0, 0.0, 0.0, 0.0, 0.0, 0.0, 0.0, 0.0, 0.0, 0.0, 0.0, 0.0, 0.0, 0.0, 0.0, 0.0, 0.0, 0.0, 0.0, 0.0, 0.0, 0.0, 0.0, 0.0, 0.0, 0.0, 0.0, 0.0, 0.0, 0.0, 0.0, 0.0, 0.0, 0.0, 0.0, 0.0, 0.0, 0.0, 0.0, 0.0, 0.0, 0.0, 0.0, 0.0, 0.0, 0.0, 0.0, 0.0, 0.0, 0.0, 0.0, 0.0, 0.0, 0.0, 0.0, 0.0, 0.0, 0.0, 0.0, 0.0, 0.0, 0.0, 0.0, 0.0, 0.0, 0.0, 0.0, 0.0, 0.0, 0.0, 0.0, 0.0, 0.0, 0.0, 0.0, 0.0, 0.0, 0.0, 0.0, 0.0, 0.0, 0.0, 0.0, 0.0, 0.0, 0.0, 0.0, 0.0, 0.0, 0.0, 0.0, 0.0, 0.0, 0.0, 0.0, 0.0, 0.0, 0.0, 0.0, 0.0, 0.0, 0.0, 0.0, 0.0, 0.0, 0.0, 0.0, 0.0, 0.0, 0.0, 0.0, 0.0, 0.0, 0.0, 0.0, 0.0, 0.0, 0.0, 0.0, 0.0, 0.0, 0.0, 0.0, 0.0, 0.0, 0.0, 0.0, 0.0, 0.0, 0.0, 0.0, 0.0, 0.0, 0.0, 0.0, 0.0, 0.0, 0.0, 0.0, 0.0, 0.0, 0.0, 0.0, 0.0, 0.0, 0.0, 0.0, 0.0, 0.0, 0.0, 0.0, 0.0, 0.0, 0.0, 0.0, 0.0, 0.0, 0.0, 0.0, 0.0, 0.0, 0.0, 0.0, 0.0, 0.0, 0.0, 0.0, 0.0, 0.0, 0.0, 0.0, 0.0, 0.0, 0.0, 0.0, 0.0, 0.0, 0.0, 0.0, 0.0, 0.0, 0.0, 0.0, 0.0, 0.0, 0.0, 0.0, 0.0, 0.0, 0.0, 0.0, 0.0, 0.0, 0.0, 0.0, 0.0, 0.0, 0.0, 0.0, 0.0, 0.0, 0.0, 0.0, 0.0, 0.0, 0.0, 0.0, 0.0, 0.0, 0.0, 0.0, 0.0, 0.0, 0.0, 0.0, 0.0, 0.0, 0.0, 0.0, 0.0, 0.0, 0.0, 0.0, 0.0, 0.0, 0.0, 0.0, 0.0, 0.0, 0.0, 0.0, 0.0, 0.0, 0.0, 0.0, 0.0, 0.0, 0.0, 0.0, 0.0, 0.0, 0.0, 0.0, 0.0, 0.0, 0.0, 0.0, 0.0, 0.0, 0.0, 0.0, 0.0, 0.0, 0.0, 0.0, 0.0, 0.0, 0.0, 0.0, 0.0, 0.0, 0.0, 0.0, 0.0, 0.0, 0.0, 0.0, 0.0, 0.0, 0.0, 0.0, 0.0, 0.0, 0.0, 0.0, 0.0, 0.0, 0.0, 0.0, 0.0, 0.0, 0.0, 0.0, 0.0, 0.0, 0.0, 0.0, 0.0, 0.0, 0.0, 0.0, 0.0, 0.0, 0.0, 0.0, 0.0, 0.0, 0.0, 0.0, 0.0, 0.0, 0.0, 0.0, 0.0, 0.0, 0.0, 0.0, 0.0, 0.0, 0.0, 0.0, 0.0, 0.0, 0.0, 0.0, 0.0, 0.0, 0.0, 0.0, 0.0, 0.0, 0.0, 0.0, 0.0, 0.0, 0.0, 0.0, 0.0, 0.0, 0.0, 0.0, 0.0, 0.0, 0.0, 0.0, 0.0, 0.0, 0.0, 0.0, 0.0, 0.0, 0.0, 0.0, 0.0, 0.0, 0.0, 0.0, 0.0, 0.0, 0.0, 0.0, 0.0]
---
header: 
  seq: 787
  stamp: 
    secs: 78
    nsecs: 800000000
  frame_id: "base_laser_link"
angle_min: -3.14159274101
angle_max: 3.14159274101
angle_increment: 0.0175019092858
time_increment: 0.0
scan_time: 0.0
range_min: 0.15000000596
range_max: 16.0
ranges: [0.10000000149011612, 0.1000153198838234, 0.10006129741668701, 0.10013800114393234, 0.10024555772542953, 0.10038412362337112, 0.10055391490459442, 0.10075519979000092, 0.10098828375339508, 0.10125353932380676, 0.10155137628316879, 0.10188227146863937, 0.10224675387144089, 0.10264541208744049, 0.10307887941598892, 0.10354787856340408, 0.10405318439006805, 0.10459563881158829, 0.1051761656999588, 0.10579576343297958, 0.10645550489425659, 0.10715655237436295, 0.10790016502141953, 0.10868769139051437, 0.10952059924602509, 0.11040044575929642, 0.11132891476154327, 0.1123078316450119, 0.1133391410112381, 0.1144249439239502, 0.11556749045848846, 0.1167692169547081, 0.11803272366523743, 0.11936084181070328, 0.120756596326828, 0.12222325801849365, 0.12376436591148376, 0.12538371980190277, 0.12708546221256256, 0.1288740634918213, 0.13075433671474457, 0.13273155689239502, 0.1348114013671875, 0.13700011372566223, 0.13930444419384003, 0.14111298322677612, 0.13871712982654572, 0.1364423781633377, 0.1342814862728119, 0.1322278529405594, 0.1302753984928131, 0.15410222113132477, 0.15198248624801636, 0.14996559917926788, 0.14804628491401672, 0.14621971547603607, 0.16856159269809723, 0.16663162410259247, 0.16479526460170746, 0.18634095788002014, 0.18444225192070007, 0.18263722956180573, 0.20353733003139496, 0.20170488953590393, 0.19996586441993713, 0.22035197913646698, 0.2186160683631897, 0.23867055773735046, 0.2369624376296997, 0.2567456364631653, 0.2550881803035736, 0.2746565639972687, 0.2940767705440521, 0.313369482755661, 0.3325549066066742, 0.35165268182754517, 0.3706819415092468, 0.4101700186729431, 0.4494708180427551, 0.48862284421920776, 0.5276639461517334, 0.5868682861328125, 0.6661182641983032, 0.7653344869613647, 0.9045767188072205, 1.0837428569793701, 1.3829776048660278, 1.902202844619751, 3.0014076232910156, 3.8403308391571045, 3.8400368690490723, 3.840919017791748, 3.8429794311523438, 3.8462204933166504, 3.8506476879119873, 3.8562674522399902, 3.863088846206665, 3.871122360229492, 3.880380153656006, 3.8908772468566895, 3.902629852294922, 3.915656566619873, 5.6698126792907715, 7.706286430358887, 7.739457607269287, 7.775307655334473, 7.813896179199219, 7.855287551879883, 7.899552345275879, 7.9467668533325195, 7.997013092041016, 8.05038070678711, 8.106965065002441, 8.1668701171875, 8.230207443237305, 8.29709529876709, 8.367663383483887, 8.442049980163574, 8.520404815673828, 8.602888107299805, 8.68967056274414, 8.780939102172852, 8.876893997192383, 8.97774887084961, 9.083736419677734, 9.19510555267334, 9.312128067016602, 9.435094833374023, 9.564321517944336, 9.700150489807129, 9.842949867248535, 9.993124008178711, 10.15110969543457, 10.317380905151367, 10.156699180603027, 10.003759384155273, 9.835381507873535, 9.675492286682129, 9.523589134216309, 9.379210472106934, 9.241931915283203, 9.11136531829834, 8.987151145935059, 8.86895751953125, 8.75648021697998, 8.649435997009277, 8.547564506530762, 8.45062255859375, 8.358386993408203, 8.270648956298828, 8.187214851379395, 8.10790729522705, 8.032557487487793, 7.961010932922363, 7.893124580383301, 7.828763961791992, 7.7678046226501465, 7.71013069152832, 7.65563440322876, 7.6042160987854, 7.555782794952393, 7.510248184204102, 7.467533111572266, 7.427563667297363, 7.390271186828613, 7.355593204498291, 7.323471546173096, 7.293854236602783, 7.266692161560059, 7.241941452026367, 7.219563007354736, 7.199521064758301, 7.181783199310303, 7.166322708129883, 7.153115272521973, 7.142139434814453, 7.1333794593811035, 7.126821041107178, 7.1224541664123535, 7.120272636413574, 7.120272636413574, 7.1224541664123535, 7.126821041107178, 7.1333794593811035, 7.148991584777832, 6.416833877563477, 1.3285878896713257, 1.1498923301696777, 1.0111687183380127, 0.9125851988792419, 0.813701331615448, 0.755246102809906, 0.6966040730476379, 0.6377180218696594, 0.5991915464401245, 0.560498058795929, 0.5215985774993896, 0.5034292340278625, 0.46411648392677307, 0.4457062780857086, 0.42720314860343933, 0.4085872173309326, 0.3898380696773529, 0.37093448638916016, 0.3518545627593994, 0.3547471761703491, 0.3354358673095703, 0.31588706374168396, 0.3188502788543701, 0.29897135496139526, 0.30201807618141174, 0.2817433774471283, 0.28485244512557983, 0.26411014795303345, 0.2672578692436218, 0.2459685504436493, 0.24912802875041962, 0.25244805216789246, 0.2303435057401657, 0.23364435136318207, 0.23711486160755157, 0.2140132337808609, 0.21742679178714752, 0.22101980447769165, 0.22480358183383942, 0.22383910417556763, 0.2201041281223297, 0.21655699610710144, 0.21318665146827698, 0.20998293161392212, 0.2069365382194519, 0.20403887331485748, 0.20128203928470612, 0.19865873456001282, 0.19616225361824036, 0.1937863677740097, 0.19152531027793884, 0.18937373161315918, 0.18732671439647675, 0.18537963926792145, 0.18352827429771423, 0.18176864087581635, 0.1800970733165741, 0.1785101443529129, 0.17700469493865967, 0.17557774484157562, 0.1742265671491623, 0.17294859886169434, 0.17174145579338074, 0.170602947473526, 0.16953101754188538, 0.16852378845214844, 0.16757947206497192, 0.1666964441537857, 0.1658732295036316, 0.16510842740535736, 0.16440077126026154, 0.163749098777771, 0.16315235197544098, 0.16260957717895508, 0.16211988031864166, 0.16168250143527985, 0.1612967550754547, 0.1609620302915573, 0.16067780554294586, 0.16044364869594574, 0.1602591872215271, 0.16012413799762726, 0.1600382924079895, 0.16000153124332428, 0.16001377999782562, 0.1600750833749771, 0.16018550097942352, 0.16034522652626038, 0.16055449843406677, 0.16081364452838898, 0.16112305223941803, 0.16148321330547333, 0.16189469397068024, 0.1623581349849701, 0.1628742814064026, 0.163443922996521, 0.16406801342964172, 0.16474753618240356, 0.16548360884189606, 0.1662774533033371, 0.16713039577007294, 0.16804386675357819, 0.1690194308757782, 0.17005878686904907, 0.17116375267505646, 0.17233631014823914, 0.17357859015464783, 0.174892857670784, 0.17628158628940582, 0.1777474284172058, 0.17929323017597198, 0.18092207610607147, 0.18263722956180573, 0.18444225192070007, 0.18634095788002014, 0.16479526460170746, 0.16663162410259247, 0.16856159269809723, 0.14621971547603607, 0.14804628491401672, 0.14996559917926788, 0.15198248624801636, 0.15410222113132477, 0.1302753984928131, 0.1322278529405594, 0.1342814862728119, 0.1364423781633377, 0.13871712982654572, 0.14111298322677612, 0.13930444419384003, 0.13700011372566223, 0.1348114013671875, 0.13273155689239502, 0.13075433671474457, 0.1288740634918213, 0.12708546221256256, 0.12538371980190277, 0.12376436591148376, 0.12222325801849365, 0.120756596326828, 0.11936084181070328, 0.11803272366523743, 0.1167692169547081, 0.11556749045848846, 0.1144249439239502, 0.1133391410112381, 0.1123078316450119, 0.11132891476154327, 0.11040044575929642, 0.10952059924602509, 0.10868769139051437, 0.10790016502141953, 0.10715655237436295, 0.10645550489425659, 0.10579576343297958, 0.1051761656999588, 0.10459563881158829, 0.10405318439006805, 0.10354787856340408, 0.10307887941598892, 0.10264541208744049, 0.10224675387144089, 0.10188227146863937, 0.10155137628316879, 0.10125353932380676, 0.10098828375339508, 0.10075519979000092, 0.10055391490459442, 0.10038412362337112, 0.10024555772542953, 0.10013800114393234, 0.10006129741668701, 0.1000153198838234, 0.10000000149011612]
intensities: [0.0, 0.0, 0.0, 0.0, 0.0, 0.0, 0.0, 0.0, 0.0, 0.0, 0.0, 0.0, 0.0, 0.0, 0.0, 0.0, 0.0, 0.0, 0.0, 0.0, 0.0, 0.0, 0.0, 0.0, 0.0, 0.0, 0.0, 0.0, 0.0, 0.0, 0.0, 0.0, 0.0, 0.0, 0.0, 0.0, 0.0, 0.0, 0.0, 0.0, 0.0, 0.0, 0.0, 0.0, 0.0, 0.0, 0.0, 0.0, 0.0, 0.0, 0.0, 0.0, 0.0, 0.0, 0.0, 0.0, 0.0, 0.0, 0.0, 0.0, 0.0, 0.0, 0.0, 0.0, 0.0, 0.0, 0.0, 0.0, 0.0, 0.0, 0.0, 0.0, 0.0, 0.0, 0.0, 0.0, 0.0, 0.0, 0.0, 0.0, 0.0, 0.0, 0.0, 0.0, 0.0, 0.0, 0.0, 0.0, 0.0, 0.0, 0.0, 0.0, 0.0, 0.0, 0.0, 0.0, 0.0, 0.0, 0.0, 0.0, 0.0, 0.0, 0.0, 0.0, 0.0, 0.0, 0.0, 0.0, 0.0, 0.0, 0.0, 0.0, 0.0, 0.0, 0.0, 0.0, 0.0, 0.0, 0.0, 0.0, 0.0, 0.0, 0.0, 0.0, 0.0, 0.0, 0.0, 0.0, 0.0, 0.0, 0.0, 0.0, 0.0, 0.0, 0.0, 0.0, 0.0, 0.0, 0.0, 0.0, 0.0, 0.0, 0.0, 0.0, 0.0, 0.0, 0.0, 0.0, 0.0, 0.0, 0.0, 0.0, 0.0, 0.0, 0.0, 0.0, 0.0, 0.0, 0.0, 0.0, 0.0, 0.0, 0.0, 0.0, 0.0, 0.0, 0.0, 0.0, 0.0, 0.0, 0.0, 0.0, 0.0, 0.0, 0.0, 0.0, 0.0, 0.0, 0.0, 0.0, 0.0, 0.0, 0.0, 0.0, 0.0, 0.0, 0.0, 0.0, 0.0, 0.0, 0.0, 0.0, 0.0, 0.0, 0.0, 0.0, 0.0, 0.0, 0.0, 0.0, 0.0, 0.0, 0.0, 0.0, 0.0, 0.0, 0.0, 0.0, 0.0, 0.0, 0.0, 0.0, 0.0, 0.0, 0.0, 0.0, 0.0, 0.0, 0.0, 0.0, 0.0, 0.0, 0.0, 0.0, 0.0, 0.0, 0.0, 0.0, 0.0, 0.0, 0.0, 0.0, 0.0, 0.0, 0.0, 0.0, 0.0, 0.0, 0.0, 0.0, 0.0, 0.0, 0.0, 0.0, 0.0, 0.0, 0.0, 0.0, 0.0, 0.0, 0.0, 0.0, 0.0, 0.0, 0.0, 0.0, 0.0, 0.0, 0.0, 0.0, 0.0, 0.0, 0.0, 0.0, 0.0, 0.0, 0.0, 0.0, 0.0, 0.0, 0.0, 0.0, 0.0, 0.0, 0.0, 0.0, 0.0, 0.0, 0.0, 0.0, 0.0, 0.0, 0.0, 0.0, 0.0, 0.0, 0.0, 0.0, 0.0, 0.0, 0.0, 0.0, 0.0, 0.0, 0.0, 0.0, 0.0, 0.0, 0.0, 0.0, 0.0, 0.0, 0.0, 0.0, 0.0, 0.0, 0.0, 0.0, 0.0, 0.0, 0.0, 0.0, 0.0, 0.0, 0.0, 0.0, 0.0, 0.0, 0.0, 0.0, 0.0, 0.0, 0.0, 0.0, 0.0, 0.0, 0.0, 0.0, 0.0, 0.0, 0.0, 0.0, 0.0, 0.0, 0.0, 0.0, 0.0, 0.0, 0.0, 0.0, 0.0, 0.0, 0.0, 0.0, 0.0, 0.0, 0.0, 0.0, 0.0, 0.0, 0.0, 0.0, 0.0, 0.0, 0.0, 0.0, 0.0, 0.0, 0.0, 0.0]
---
header: 
  seq: 788
  stamp: 
    secs: 78
    nsecs: 900000000
  frame_id: "base_laser_link"
angle_min: -3.14159274101
angle_max: 3.14159274101
angle_increment: 0.0175019092858
time_increment: 0.0
scan_time: 0.0
range_min: 0.15000000596
range_max: 16.0
ranges: [0.10000000149011612, 0.1000153198838234, 0.10006129741668701, 0.10013800114393234, 0.10024555772542953, 0.10038412362337112, 0.10055391490459442, 0.10075519979000092, 0.10098828375339508, 0.10125353932380676, 0.10155137628316879, 0.10188227146863937, 0.10224675387144089, 0.10264541208744049, 0.10307887941598892, 0.10354787856340408, 0.10405318439006805, 0.10459563881158829, 0.1051761656999588, 0.10579576343297958, 0.10645550489425659, 0.10715655237436295, 0.10790016502141953, 0.10868769139051437, 0.10952059924602509, 0.11040044575929642, 0.11132891476154327, 0.1123078316450119, 0.1133391410112381, 0.1144249439239502, 0.11556749045848846, 0.1167692169547081, 0.11803272366523743, 0.11936084181070328, 0.120756596326828, 0.12222325801849365, 0.12376436591148376, 0.12538371980190277, 0.12708546221256256, 0.1288740634918213, 0.13075433671474457, 0.13273155689239502, 0.1348114013671875, 0.13700011372566223, 0.13930444419384003, 0.14111298322677612, 0.13871712982654572, 0.1364423781633377, 0.1342814862728119, 0.1322278529405594, 0.1302753984928131, 0.15410222113132477, 0.15198248624801636, 0.14996559917926788, 0.14804628491401672, 0.14621971547603607, 0.16856159269809723, 0.16663162410259247, 0.16479526460170746, 0.18634095788002014, 0.18444225192070007, 0.18263722956180573, 0.20353733003139496, 0.20170488953590393, 0.19996586441993713, 0.22035197913646698, 0.2186160683631897, 0.23867055773735046, 0.2369624376296997, 0.2567456364631653, 0.2550881803035736, 0.2746565639972687, 0.2940767705440521, 0.313369482755661, 0.3325549066066742, 0.35165268182754517, 0.3706819415092468, 0.4101700186729431, 0.4494708180427551, 0.48862284421920776, 0.5276639461517334, 0.5868682861328125, 0.6661182641983032, 0.7653344869613647, 0.9045767188072205, 1.0837428569793701, 1.3829776048660278, 1.902202844619751, 3.0014076232910156, 3.8403308391571045, 3.8400368690490723, 3.840919017791748, 3.8429794311523438, 3.8462204933166504, 3.8506476879119873, 3.8562674522399902, 3.863088846206665, 3.871122360229492, 3.880380153656006, 3.8908772468566895, 3.902629852294922, 3.915656566619873, 5.6698126792907715, 7.706286430358887, 7.739457607269287, 7.775307655334473, 7.813896179199219, 7.855287551879883, 7.899552345275879, 7.9467668533325195, 7.997013092041016, 8.05038070678711, 8.106965065002441, 8.1668701171875, 8.230207443237305, 8.29709529876709, 8.367663383483887, 8.442049980163574, 8.520404815673828, 8.602888107299805, 8.68967056274414, 8.780939102172852, 8.876893997192383, 8.97774887084961, 9.083736419677734, 9.19510555267334, 9.312128067016602, 9.435094833374023, 9.564321517944336, 9.700150489807129, 9.842949867248535, 9.993124008178711, 10.15110969543457, 10.317380905151367, 10.156699180603027, 10.003759384155273, 9.835381507873535, 9.675492286682129, 9.523589134216309, 9.379210472106934, 9.241931915283203, 9.11136531829834, 8.987151145935059, 8.86895751953125, 8.75648021697998, 8.649435997009277, 8.547564506530762, 8.45062255859375, 8.358386993408203, 8.270648956298828, 8.187214851379395, 8.10790729522705, 8.032557487487793, 7.961010932922363, 7.893124580383301, 7.828763961791992, 7.7678046226501465, 7.71013069152832, 7.65563440322876, 7.6042160987854, 7.555782794952393, 7.510248184204102, 7.467533111572266, 7.427563667297363, 7.390271186828613, 7.355593204498291, 7.323471546173096, 7.293854236602783, 7.266692161560059, 7.241941452026367, 7.219563007354736, 7.199521064758301, 7.181783199310303, 7.166322708129883, 7.153115272521973, 7.142139434814453, 7.1333794593811035, 7.126821041107178, 7.1224541664123535, 7.120272636413574, 7.120272636413574, 7.1224541664123535, 7.126821041107178, 7.1333794593811035, 7.148991584777832, 6.416833877563477, 1.3285878896713257, 1.1498923301696777, 1.0111687183380127, 0.9125851988792419, 0.813701331615448, 0.755246102809906, 0.6966040730476379, 0.6377180218696594, 0.5991915464401245, 0.560498058795929, 0.5215985774993896, 0.5034292340278625, 0.46411648392677307, 0.4457062780857086, 0.42720314860343933, 0.4085872173309326, 0.3898380696773529, 0.37093448638916016, 0.3518545627593994, 0.3547471761703491, 0.3354358673095703, 0.31588706374168396, 0.3188502788543701, 0.29897135496139526, 0.30201807618141174, 0.2817433774471283, 0.28485244512557983, 0.26411014795303345, 0.2672578692436218, 0.2459685504436493, 0.24912802875041962, 0.25244805216789246, 0.2303435057401657, 0.23364435136318207, 0.23711486160755157, 0.2140132337808609, 0.21742679178714752, 0.22101980447769165, 0.22480358183383942, 0.22383910417556763, 0.2201041281223297, 0.21655699610710144, 0.21318665146827698, 0.20998293161392212, 0.2069365382194519, 0.20403887331485748, 0.20128203928470612, 0.19865873456001282, 0.19616225361824036, 0.1937863677740097, 0.19152531027793884, 0.18937373161315918, 0.18732671439647675, 0.18537963926792145, 0.18352827429771423, 0.18176864087581635, 0.1800970733165741, 0.1785101443529129, 0.17700469493865967, 0.17557774484157562, 0.1742265671491623, 0.17294859886169434, 0.17174145579338074, 0.170602947473526, 0.16953101754188538, 0.16852378845214844, 0.16757947206497192, 0.1666964441537857, 0.1658732295036316, 0.16510842740535736, 0.16440077126026154, 0.163749098777771, 0.16315235197544098, 0.16260957717895508, 0.16211988031864166, 0.16168250143527985, 0.1612967550754547, 0.1609620302915573, 0.16067780554294586, 0.16044364869594574, 0.1602591872215271, 0.16012413799762726, 0.1600382924079895, 0.16000153124332428, 0.16001377999782562, 0.1600750833749771, 0.16018550097942352, 0.16034522652626038, 0.16055449843406677, 0.16081364452838898, 0.16112305223941803, 0.16148321330547333, 0.16189469397068024, 0.1623581349849701, 0.1628742814064026, 0.163443922996521, 0.16406801342964172, 0.16474753618240356, 0.16548360884189606, 0.1662774533033371, 0.16713039577007294, 0.16804386675357819, 0.1690194308757782, 0.17005878686904907, 0.17116375267505646, 0.17233631014823914, 0.17357859015464783, 0.174892857670784, 0.17628158628940582, 0.1777474284172058, 0.17929323017597198, 0.18092207610607147, 0.18263722956180573, 0.18444225192070007, 0.18634095788002014, 0.16479526460170746, 0.16663162410259247, 0.16856159269809723, 0.14621971547603607, 0.14804628491401672, 0.14996559917926788, 0.15198248624801636, 0.15410222113132477, 0.1302753984928131, 0.1322278529405594, 0.1342814862728119, 0.1364423781633377, 0.13871712982654572, 0.14111298322677612, 0.13930444419384003, 0.13700011372566223, 0.1348114013671875, 0.13273155689239502, 0.13075433671474457, 0.1288740634918213, 0.12708546221256256, 0.12538371980190277, 0.12376436591148376, 0.12222325801849365, 0.120756596326828, 0.11936084181070328, 0.11803272366523743, 0.1167692169547081, 0.11556749045848846, 0.1144249439239502, 0.1133391410112381, 0.1123078316450119, 0.11132891476154327, 0.11040044575929642, 0.10952059924602509, 0.10868769139051437, 0.10790016502141953, 0.10715655237436295, 0.10645550489425659, 0.10579576343297958, 0.1051761656999588, 0.10459563881158829, 0.10405318439006805, 0.10354787856340408, 0.10307887941598892, 0.10264541208744049, 0.10224675387144089, 0.10188227146863937, 0.10155137628316879, 0.10125353932380676, 0.10098828375339508, 0.10075519979000092, 0.10055391490459442, 0.10038412362337112, 0.10024555772542953, 0.10013800114393234, 0.10006129741668701, 0.1000153198838234, 0.10000000149011612]
intensities: [0.0, 0.0, 0.0, 0.0, 0.0, 0.0, 0.0, 0.0, 0.0, 0.0, 0.0, 0.0, 0.0, 0.0, 0.0, 0.0, 0.0, 0.0, 0.0, 0.0, 0.0, 0.0, 0.0, 0.0, 0.0, 0.0, 0.0, 0.0, 0.0, 0.0, 0.0, 0.0, 0.0, 0.0, 0.0, 0.0, 0.0, 0.0, 0.0, 0.0, 0.0, 0.0, 0.0, 0.0, 0.0, 0.0, 0.0, 0.0, 0.0, 0.0, 0.0, 0.0, 0.0, 0.0, 0.0, 0.0, 0.0, 0.0, 0.0, 0.0, 0.0, 0.0, 0.0, 0.0, 0.0, 0.0, 0.0, 0.0, 0.0, 0.0, 0.0, 0.0, 0.0, 0.0, 0.0, 0.0, 0.0, 0.0, 0.0, 0.0, 0.0, 0.0, 0.0, 0.0, 0.0, 0.0, 0.0, 0.0, 0.0, 0.0, 0.0, 0.0, 0.0, 0.0, 0.0, 0.0, 0.0, 0.0, 0.0, 0.0, 0.0, 0.0, 0.0, 0.0, 0.0, 0.0, 0.0, 0.0, 0.0, 0.0, 0.0, 0.0, 0.0, 0.0, 0.0, 0.0, 0.0, 0.0, 0.0, 0.0, 0.0, 0.0, 0.0, 0.0, 0.0, 0.0, 0.0, 0.0, 0.0, 0.0, 0.0, 0.0, 0.0, 0.0, 0.0, 0.0, 0.0, 0.0, 0.0, 0.0, 0.0, 0.0, 0.0, 0.0, 0.0, 0.0, 0.0, 0.0, 0.0, 0.0, 0.0, 0.0, 0.0, 0.0, 0.0, 0.0, 0.0, 0.0, 0.0, 0.0, 0.0, 0.0, 0.0, 0.0, 0.0, 0.0, 0.0, 0.0, 0.0, 0.0, 0.0, 0.0, 0.0, 0.0, 0.0, 0.0, 0.0, 0.0, 0.0, 0.0, 0.0, 0.0, 0.0, 0.0, 0.0, 0.0, 0.0, 0.0, 0.0, 0.0, 0.0, 0.0, 0.0, 0.0, 0.0, 0.0, 0.0, 0.0, 0.0, 0.0, 0.0, 0.0, 0.0, 0.0, 0.0, 0.0, 0.0, 0.0, 0.0, 0.0, 0.0, 0.0, 0.0, 0.0, 0.0, 0.0, 0.0, 0.0, 0.0, 0.0, 0.0, 0.0, 0.0, 0.0, 0.0, 0.0, 0.0, 0.0, 0.0, 0.0, 0.0, 0.0, 0.0, 0.0, 0.0, 0.0, 0.0, 0.0, 0.0, 0.0, 0.0, 0.0, 0.0, 0.0, 0.0, 0.0, 0.0, 0.0, 0.0, 0.0, 0.0, 0.0, 0.0, 0.0, 0.0, 0.0, 0.0, 0.0, 0.0, 0.0, 0.0, 0.0, 0.0, 0.0, 0.0, 0.0, 0.0, 0.0, 0.0, 0.0, 0.0, 0.0, 0.0, 0.0, 0.0, 0.0, 0.0, 0.0, 0.0, 0.0, 0.0, 0.0, 0.0, 0.0, 0.0, 0.0, 0.0, 0.0, 0.0, 0.0, 0.0, 0.0, 0.0, 0.0, 0.0, 0.0, 0.0, 0.0, 0.0, 0.0, 0.0, 0.0, 0.0, 0.0, 0.0, 0.0, 0.0, 0.0, 0.0, 0.0, 0.0, 0.0, 0.0, 0.0, 0.0, 0.0, 0.0, 0.0, 0.0, 0.0, 0.0, 0.0, 0.0, 0.0, 0.0, 0.0, 0.0, 0.0, 0.0, 0.0, 0.0, 0.0, 0.0, 0.0, 0.0, 0.0, 0.0, 0.0, 0.0, 0.0, 0.0, 0.0, 0.0, 0.0, 0.0, 0.0, 0.0, 0.0, 0.0, 0.0, 0.0, 0.0, 0.0, 0.0, 0.0, 0.0, 0.0, 0.0, 0.0, 0.0]
---
header: 
  seq: 789
  stamp: 
    secs: 79
    nsecs:         0
  frame_id: "base_laser_link"
angle_min: -3.14159274101
angle_max: 3.14159274101
angle_increment: 0.0175019092858
time_increment: 0.0
scan_time: 0.0
range_min: 0.15000000596
range_max: 16.0
ranges: [0.10000000149011612, 0.1000153198838234, 0.10006129741668701, 0.10013800114393234, 0.10024555772542953, 0.10038412362337112, 0.10055391490459442, 0.10075519979000092, 0.10098828375339508, 0.10125353932380676, 0.10155137628316879, 0.10188227146863937, 0.10224675387144089, 0.10264541208744049, 0.10307887941598892, 0.10354787856340408, 0.10405318439006805, 0.10459563881158829, 0.1051761656999588, 0.10579576343297958, 0.10645550489425659, 0.10715655237436295, 0.10790016502141953, 0.10868769139051437, 0.10952059924602509, 0.11040044575929642, 0.11132891476154327, 0.1123078316450119, 0.1133391410112381, 0.1144249439239502, 0.11556749045848846, 0.1167692169547081, 0.11803272366523743, 0.11936084181070328, 0.120756596326828, 0.12222325801849365, 0.12376436591148376, 0.12538371980190277, 0.12708546221256256, 0.1288740634918213, 0.13075433671474457, 0.13273155689239502, 0.1348114013671875, 0.13700011372566223, 0.13930444419384003, 0.14111298322677612, 0.13871712982654572, 0.1364423781633377, 0.1342814862728119, 0.1322278529405594, 0.1302753984928131, 0.15410222113132477, 0.15198248624801636, 0.14996559917926788, 0.14804628491401672, 0.14621971547603607, 0.16856159269809723, 0.16663162410259247, 0.16479526460170746, 0.18634095788002014, 0.18444225192070007, 0.18263722956180573, 0.20353733003139496, 0.20170488953590393, 0.19996586441993713, 0.22035197913646698, 0.2186160683631897, 0.23867055773735046, 0.2369624376296997, 0.2567456364631653, 0.2550881803035736, 0.2746565639972687, 0.2940767705440521, 0.313369482755661, 0.3325549066066742, 0.35165268182754517, 0.3706819415092468, 0.4101700186729431, 0.4494708180427551, 0.48862284421920776, 0.5276639461517334, 0.5868682861328125, 0.6661182641983032, 0.7653344869613647, 0.9045767188072205, 1.0837428569793701, 1.3829776048660278, 1.902202844619751, 3.0014076232910156, 3.8403308391571045, 3.8400368690490723, 3.840919017791748, 3.8429794311523438, 3.8462204933166504, 3.8506476879119873, 3.8562674522399902, 3.863088846206665, 3.871122360229492, 3.880380153656006, 3.8908772468566895, 3.902629852294922, 3.915656566619873, 5.6698126792907715, 7.706286430358887, 7.739457607269287, 7.775307655334473, 7.813896179199219, 7.855287551879883, 7.899552345275879, 7.9467668533325195, 7.997013092041016, 8.05038070678711, 8.106965065002441, 8.1668701171875, 8.230207443237305, 8.29709529876709, 8.367663383483887, 8.442049980163574, 8.520404815673828, 8.602888107299805, 8.68967056274414, 8.780939102172852, 8.876893997192383, 8.97774887084961, 9.083736419677734, 9.19510555267334, 9.312128067016602, 9.435094833374023, 9.564321517944336, 9.700150489807129, 9.842949867248535, 9.993124008178711, 10.15110969543457, 10.317380905151367, 10.156699180603027, 10.003759384155273, 9.835381507873535, 9.675492286682129, 9.523589134216309, 9.379210472106934, 9.241931915283203, 9.11136531829834, 8.987151145935059, 8.86895751953125, 8.75648021697998, 8.649435997009277, 8.547564506530762, 8.45062255859375, 8.358386993408203, 8.270648956298828, 8.187214851379395, 8.10790729522705, 8.032557487487793, 7.961010932922363, 7.893124580383301, 7.828763961791992, 7.7678046226501465, 7.71013069152832, 7.65563440322876, 7.6042160987854, 7.555782794952393, 7.510248184204102, 7.467533111572266, 7.427563667297363, 7.390271186828613, 7.355593204498291, 7.323471546173096, 7.293854236602783, 7.266692161560059, 7.241941452026367, 7.219563007354736, 7.199521064758301, 7.181783199310303, 7.166322708129883, 7.153115272521973, 7.142139434814453, 7.1333794593811035, 7.126821041107178, 7.1224541664123535, 7.120272636413574, 7.120272636413574, 7.1224541664123535, 7.126821041107178, 7.1333794593811035, 7.148991584777832, 6.416833877563477, 1.3285878896713257, 1.1498923301696777, 1.0111687183380127, 0.9125851988792419, 0.813701331615448, 0.755246102809906, 0.6966040730476379, 0.6377180218696594, 0.5991915464401245, 0.560498058795929, 0.5215985774993896, 0.5034292340278625, 0.46411648392677307, 0.4457062780857086, 0.42720314860343933, 0.4085872173309326, 0.3898380696773529, 0.37093448638916016, 0.3518545627593994, 0.3547471761703491, 0.3354358673095703, 0.31588706374168396, 0.3188502788543701, 0.29897135496139526, 0.30201807618141174, 0.2817433774471283, 0.28485244512557983, 0.26411014795303345, 0.2672578692436218, 0.2459685504436493, 0.24912802875041962, 0.25244805216789246, 0.2303435057401657, 0.23364435136318207, 0.23711486160755157, 0.2140132337808609, 0.21742679178714752, 0.22101980447769165, 0.22480358183383942, 0.22383910417556763, 0.2201041281223297, 0.21655699610710144, 0.21318665146827698, 0.20998293161392212, 0.2069365382194519, 0.20403887331485748, 0.20128203928470612, 0.19865873456001282, 0.19616225361824036, 0.1937863677740097, 0.19152531027793884, 0.18937373161315918, 0.18732671439647675, 0.18537963926792145, 0.18352827429771423, 0.18176864087581635, 0.1800970733165741, 0.1785101443529129, 0.17700469493865967, 0.17557774484157562, 0.1742265671491623, 0.17294859886169434, 0.17174145579338074, 0.170602947473526, 0.16953101754188538, 0.16852378845214844, 0.16757947206497192, 0.1666964441537857, 0.1658732295036316, 0.16510842740535736, 0.16440077126026154, 0.163749098777771, 0.16315235197544098, 0.16260957717895508, 0.16211988031864166, 0.16168250143527985, 0.1612967550754547, 0.1609620302915573, 0.16067780554294586, 0.16044364869594574, 0.1602591872215271, 0.16012413799762726, 0.1600382924079895, 0.16000153124332428, 0.16001377999782562, 0.1600750833749771, 0.16018550097942352, 0.16034522652626038, 0.16055449843406677, 0.16081364452838898, 0.16112305223941803, 0.16148321330547333, 0.16189469397068024, 0.1623581349849701, 0.1628742814064026, 0.163443922996521, 0.16406801342964172, 0.16474753618240356, 0.16548360884189606, 0.1662774533033371, 0.16713039577007294, 0.16804386675357819, 0.1690194308757782, 0.17005878686904907, 0.17116375267505646, 0.17233631014823914, 0.17357859015464783, 0.174892857670784, 0.17628158628940582, 0.1777474284172058, 0.17929323017597198, 0.18092207610607147, 0.18263722956180573, 0.18444225192070007, 0.18634095788002014, 0.16479526460170746, 0.16663162410259247, 0.16856159269809723, 0.14621971547603607, 0.14804628491401672, 0.14996559917926788, 0.15198248624801636, 0.15410222113132477, 0.1302753984928131, 0.1322278529405594, 0.1342814862728119, 0.1364423781633377, 0.13871712982654572, 0.14111298322677612, 0.13930444419384003, 0.13700011372566223, 0.1348114013671875, 0.13273155689239502, 0.13075433671474457, 0.1288740634918213, 0.12708546221256256, 0.12538371980190277, 0.12376436591148376, 0.12222325801849365, 0.120756596326828, 0.11936084181070328, 0.11803272366523743, 0.1167692169547081, 0.11556749045848846, 0.1144249439239502, 0.1133391410112381, 0.1123078316450119, 0.11132891476154327, 0.11040044575929642, 0.10952059924602509, 0.10868769139051437, 0.10790016502141953, 0.10715655237436295, 0.10645550489425659, 0.10579576343297958, 0.1051761656999588, 0.10459563881158829, 0.10405318439006805, 0.10354787856340408, 0.10307887941598892, 0.10264541208744049, 0.10224675387144089, 0.10188227146863937, 0.10155137628316879, 0.10125353932380676, 0.10098828375339508, 0.10075519979000092, 0.10055391490459442, 0.10038412362337112, 0.10024555772542953, 0.10013800114393234, 0.10006129741668701, 0.1000153198838234, 0.10000000149011612]
intensities: [0.0, 0.0, 0.0, 0.0, 0.0, 0.0, 0.0, 0.0, 0.0, 0.0, 0.0, 0.0, 0.0, 0.0, 0.0, 0.0, 0.0, 0.0, 0.0, 0.0, 0.0, 0.0, 0.0, 0.0, 0.0, 0.0, 0.0, 0.0, 0.0, 0.0, 0.0, 0.0, 0.0, 0.0, 0.0, 0.0, 0.0, 0.0, 0.0, 0.0, 0.0, 0.0, 0.0, 0.0, 0.0, 0.0, 0.0, 0.0, 0.0, 0.0, 0.0, 0.0, 0.0, 0.0, 0.0, 0.0, 0.0, 0.0, 0.0, 0.0, 0.0, 0.0, 0.0, 0.0, 0.0, 0.0, 0.0, 0.0, 0.0, 0.0, 0.0, 0.0, 0.0, 0.0, 0.0, 0.0, 0.0, 0.0, 0.0, 0.0, 0.0, 0.0, 0.0, 0.0, 0.0, 0.0, 0.0, 0.0, 0.0, 0.0, 0.0, 0.0, 0.0, 0.0, 0.0, 0.0, 0.0, 0.0, 0.0, 0.0, 0.0, 0.0, 0.0, 0.0, 0.0, 0.0, 0.0, 0.0, 0.0, 0.0, 0.0, 0.0, 0.0, 0.0, 0.0, 0.0, 0.0, 0.0, 0.0, 0.0, 0.0, 0.0, 0.0, 0.0, 0.0, 0.0, 0.0, 0.0, 0.0, 0.0, 0.0, 0.0, 0.0, 0.0, 0.0, 0.0, 0.0, 0.0, 0.0, 0.0, 0.0, 0.0, 0.0, 0.0, 0.0, 0.0, 0.0, 0.0, 0.0, 0.0, 0.0, 0.0, 0.0, 0.0, 0.0, 0.0, 0.0, 0.0, 0.0, 0.0, 0.0, 0.0, 0.0, 0.0, 0.0, 0.0, 0.0, 0.0, 0.0, 0.0, 0.0, 0.0, 0.0, 0.0, 0.0, 0.0, 0.0, 0.0, 0.0, 0.0, 0.0, 0.0, 0.0, 0.0, 0.0, 0.0, 0.0, 0.0, 0.0, 0.0, 0.0, 0.0, 0.0, 0.0, 0.0, 0.0, 0.0, 0.0, 0.0, 0.0, 0.0, 0.0, 0.0, 0.0, 0.0, 0.0, 0.0, 0.0, 0.0, 0.0, 0.0, 0.0, 0.0, 0.0, 0.0, 0.0, 0.0, 0.0, 0.0, 0.0, 0.0, 0.0, 0.0, 0.0, 0.0, 0.0, 0.0, 0.0, 0.0, 0.0, 0.0, 0.0, 0.0, 0.0, 0.0, 0.0, 0.0, 0.0, 0.0, 0.0, 0.0, 0.0, 0.0, 0.0, 0.0, 0.0, 0.0, 0.0, 0.0, 0.0, 0.0, 0.0, 0.0, 0.0, 0.0, 0.0, 0.0, 0.0, 0.0, 0.0, 0.0, 0.0, 0.0, 0.0, 0.0, 0.0, 0.0, 0.0, 0.0, 0.0, 0.0, 0.0, 0.0, 0.0, 0.0, 0.0, 0.0, 0.0, 0.0, 0.0, 0.0, 0.0, 0.0, 0.0, 0.0, 0.0, 0.0, 0.0, 0.0, 0.0, 0.0, 0.0, 0.0, 0.0, 0.0, 0.0, 0.0, 0.0, 0.0, 0.0, 0.0, 0.0, 0.0, 0.0, 0.0, 0.0, 0.0, 0.0, 0.0, 0.0, 0.0, 0.0, 0.0, 0.0, 0.0, 0.0, 0.0, 0.0, 0.0, 0.0, 0.0, 0.0, 0.0, 0.0, 0.0, 0.0, 0.0, 0.0, 0.0, 0.0, 0.0, 0.0, 0.0, 0.0, 0.0, 0.0, 0.0, 0.0, 0.0, 0.0, 0.0, 0.0, 0.0, 0.0, 0.0, 0.0, 0.0, 0.0, 0.0, 0.0, 0.0, 0.0, 0.0, 0.0, 0.0, 0.0, 0.0, 0.0, 0.0, 0.0]
---
header: 
  seq: 790
  stamp: 
    secs: 79
    nsecs: 100000000
  frame_id: "base_laser_link"
angle_min: -3.14159274101
angle_max: 3.14159274101
angle_increment: 0.0175019092858
time_increment: 0.0
scan_time: 0.0
range_min: 0.15000000596
range_max: 16.0
ranges: [0.10000000149011612, 0.1000153198838234, 0.10006129741668701, 0.10013800114393234, 0.10024555772542953, 0.10038412362337112, 0.10055391490459442, 0.10075519979000092, 0.10098828375339508, 0.10125353932380676, 0.10155137628316879, 0.10188227146863937, 0.10224675387144089, 0.10264541208744049, 0.10307887941598892, 0.10354787856340408, 0.10405318439006805, 0.10459563881158829, 0.1051761656999588, 0.10579576343297958, 0.10645550489425659, 0.10715655237436295, 0.10790016502141953, 0.10868769139051437, 0.10952059924602509, 0.11040044575929642, 0.11132891476154327, 0.1123078316450119, 0.1133391410112381, 0.1144249439239502, 0.11556749045848846, 0.1167692169547081, 0.11803272366523743, 0.11936084181070328, 0.120756596326828, 0.12222325801849365, 0.12376436591148376, 0.12538371980190277, 0.12708546221256256, 0.1288740634918213, 0.13075433671474457, 0.13273155689239502, 0.1348114013671875, 0.13700011372566223, 0.13930444419384003, 0.14111298322677612, 0.13871712982654572, 0.1364423781633377, 0.1342814862728119, 0.1322278529405594, 0.1302753984928131, 0.15410222113132477, 0.15198248624801636, 0.14996559917926788, 0.14804628491401672, 0.14621971547603607, 0.16856159269809723, 0.16663162410259247, 0.16479526460170746, 0.18634095788002014, 0.18444225192070007, 0.18263722956180573, 0.20353733003139496, 0.20170488953590393, 0.19996586441993713, 0.22035197913646698, 0.2186160683631897, 0.23867055773735046, 0.2369624376296997, 0.2567456364631653, 0.2550881803035736, 0.2746565639972687, 0.2940767705440521, 0.313369482755661, 0.3325549066066742, 0.35165268182754517, 0.3706819415092468, 0.4101700186729431, 0.4494708180427551, 0.48862284421920776, 0.5276639461517334, 0.5868682861328125, 0.6661182641983032, 0.7653344869613647, 0.9045767188072205, 1.0837428569793701, 1.3829776048660278, 1.902202844619751, 3.0014076232910156, 3.8403308391571045, 3.8400368690490723, 3.840919017791748, 3.8429794311523438, 3.8462204933166504, 3.8506476879119873, 3.8562674522399902, 3.863088846206665, 3.871122360229492, 3.880380153656006, 3.8908772468566895, 3.902629852294922, 3.915656566619873, 5.6698126792907715, 7.706286430358887, 7.739457607269287, 7.775307655334473, 7.813896179199219, 7.855287551879883, 7.899552345275879, 7.9467668533325195, 7.997013092041016, 8.05038070678711, 8.106965065002441, 8.1668701171875, 8.230207443237305, 8.29709529876709, 8.367663383483887, 8.442049980163574, 8.520404815673828, 8.602888107299805, 8.68967056274414, 8.780939102172852, 8.876893997192383, 8.97774887084961, 9.083736419677734, 9.19510555267334, 9.312128067016602, 9.435094833374023, 9.564321517944336, 9.700150489807129, 9.842949867248535, 9.993124008178711, 10.15110969543457, 10.317380905151367, 10.156699180603027, 10.003759384155273, 9.835381507873535, 9.675492286682129, 9.523589134216309, 9.379210472106934, 9.241931915283203, 9.11136531829834, 8.987151145935059, 8.86895751953125, 8.75648021697998, 8.649435997009277, 8.547564506530762, 8.45062255859375, 8.358386993408203, 8.270648956298828, 8.187214851379395, 8.10790729522705, 8.032557487487793, 7.961010932922363, 7.893124580383301, 7.828763961791992, 7.7678046226501465, 7.71013069152832, 7.65563440322876, 7.6042160987854, 7.555782794952393, 7.510248184204102, 7.467533111572266, 7.427563667297363, 7.390271186828613, 7.355593204498291, 7.323471546173096, 7.293854236602783, 7.266692161560059, 7.241941452026367, 7.219563007354736, 7.199521064758301, 7.181783199310303, 7.166322708129883, 7.153115272521973, 7.142139434814453, 7.1333794593811035, 7.126821041107178, 7.1224541664123535, 7.120272636413574, 7.120272636413574, 7.1224541664123535, 7.126821041107178, 7.1333794593811035, 7.148991584777832, 6.416833877563477, 1.3285878896713257, 1.1498923301696777, 1.0111687183380127, 0.9125851988792419, 0.813701331615448, 0.755246102809906, 0.6966040730476379, 0.6377180218696594, 0.5991915464401245, 0.560498058795929, 0.5215985774993896, 0.5034292340278625, 0.46411648392677307, 0.4457062780857086, 0.42720314860343933, 0.4085872173309326, 0.3898380696773529, 0.37093448638916016, 0.3518545627593994, 0.3547471761703491, 0.3354358673095703, 0.31588706374168396, 0.3188502788543701, 0.29897135496139526, 0.30201807618141174, 0.2817433774471283, 0.28485244512557983, 0.26411014795303345, 0.2672578692436218, 0.2459685504436493, 0.24912802875041962, 0.25244805216789246, 0.2303435057401657, 0.23364435136318207, 0.23711486160755157, 0.2140132337808609, 0.21742679178714752, 0.22101980447769165, 0.22480358183383942, 0.22383910417556763, 0.2201041281223297, 0.21655699610710144, 0.21318665146827698, 0.20998293161392212, 0.2069365382194519, 0.20403887331485748, 0.20128203928470612, 0.19865873456001282, 0.19616225361824036, 0.1937863677740097, 0.19152531027793884, 0.18937373161315918, 0.18732671439647675, 0.18537963926792145, 0.18352827429771423, 0.18176864087581635, 0.1800970733165741, 0.1785101443529129, 0.17700469493865967, 0.17557774484157562, 0.1742265671491623, 0.17294859886169434, 0.17174145579338074, 0.170602947473526, 0.16953101754188538, 0.16852378845214844, 0.16757947206497192, 0.1666964441537857, 0.1658732295036316, 0.16510842740535736, 0.16440077126026154, 0.163749098777771, 0.16315235197544098, 0.16260957717895508, 0.16211988031864166, 0.16168250143527985, 0.1612967550754547, 0.1609620302915573, 0.16067780554294586, 0.16044364869594574, 0.1602591872215271, 0.16012413799762726, 0.1600382924079895, 0.16000153124332428, 0.16001377999782562, 0.1600750833749771, 0.16018550097942352, 0.16034522652626038, 0.16055449843406677, 0.16081364452838898, 0.16112305223941803, 0.16148321330547333, 0.16189469397068024, 0.1623581349849701, 0.1628742814064026, 0.163443922996521, 0.16406801342964172, 0.16474753618240356, 0.16548360884189606, 0.1662774533033371, 0.16713039577007294, 0.16804386675357819, 0.1690194308757782, 0.17005878686904907, 0.17116375267505646, 0.17233631014823914, 0.17357859015464783, 0.174892857670784, 0.17628158628940582, 0.1777474284172058, 0.17929323017597198, 0.18092207610607147, 0.18263722956180573, 0.18444225192070007, 0.18634095788002014, 0.16479526460170746, 0.16663162410259247, 0.16856159269809723, 0.14621971547603607, 0.14804628491401672, 0.14996559917926788, 0.15198248624801636, 0.15410222113132477, 0.1302753984928131, 0.1322278529405594, 0.1342814862728119, 0.1364423781633377, 0.13871712982654572, 0.14111298322677612, 0.13930444419384003, 0.13700011372566223, 0.1348114013671875, 0.13273155689239502, 0.13075433671474457, 0.1288740634918213, 0.12708546221256256, 0.12538371980190277, 0.12376436591148376, 0.12222325801849365, 0.120756596326828, 0.11936084181070328, 0.11803272366523743, 0.1167692169547081, 0.11556749045848846, 0.1144249439239502, 0.1133391410112381, 0.1123078316450119, 0.11132891476154327, 0.11040044575929642, 0.10952059924602509, 0.10868769139051437, 0.10790016502141953, 0.10715655237436295, 0.10645550489425659, 0.10579576343297958, 0.1051761656999588, 0.10459563881158829, 0.10405318439006805, 0.10354787856340408, 0.10307887941598892, 0.10264541208744049, 0.10224675387144089, 0.10188227146863937, 0.10155137628316879, 0.10125353932380676, 0.10098828375339508, 0.10075519979000092, 0.10055391490459442, 0.10038412362337112, 0.10024555772542953, 0.10013800114393234, 0.10006129741668701, 0.1000153198838234, 0.10000000149011612]
intensities: [0.0, 0.0, 0.0, 0.0, 0.0, 0.0, 0.0, 0.0, 0.0, 0.0, 0.0, 0.0, 0.0, 0.0, 0.0, 0.0, 0.0, 0.0, 0.0, 0.0, 0.0, 0.0, 0.0, 0.0, 0.0, 0.0, 0.0, 0.0, 0.0, 0.0, 0.0, 0.0, 0.0, 0.0, 0.0, 0.0, 0.0, 0.0, 0.0, 0.0, 0.0, 0.0, 0.0, 0.0, 0.0, 0.0, 0.0, 0.0, 0.0, 0.0, 0.0, 0.0, 0.0, 0.0, 0.0, 0.0, 0.0, 0.0, 0.0, 0.0, 0.0, 0.0, 0.0, 0.0, 0.0, 0.0, 0.0, 0.0, 0.0, 0.0, 0.0, 0.0, 0.0, 0.0, 0.0, 0.0, 0.0, 0.0, 0.0, 0.0, 0.0, 0.0, 0.0, 0.0, 0.0, 0.0, 0.0, 0.0, 0.0, 0.0, 0.0, 0.0, 0.0, 0.0, 0.0, 0.0, 0.0, 0.0, 0.0, 0.0, 0.0, 0.0, 0.0, 0.0, 0.0, 0.0, 0.0, 0.0, 0.0, 0.0, 0.0, 0.0, 0.0, 0.0, 0.0, 0.0, 0.0, 0.0, 0.0, 0.0, 0.0, 0.0, 0.0, 0.0, 0.0, 0.0, 0.0, 0.0, 0.0, 0.0, 0.0, 0.0, 0.0, 0.0, 0.0, 0.0, 0.0, 0.0, 0.0, 0.0, 0.0, 0.0, 0.0, 0.0, 0.0, 0.0, 0.0, 0.0, 0.0, 0.0, 0.0, 0.0, 0.0, 0.0, 0.0, 0.0, 0.0, 0.0, 0.0, 0.0, 0.0, 0.0, 0.0, 0.0, 0.0, 0.0, 0.0, 0.0, 0.0, 0.0, 0.0, 0.0, 0.0, 0.0, 0.0, 0.0, 0.0, 0.0, 0.0, 0.0, 0.0, 0.0, 0.0, 0.0, 0.0, 0.0, 0.0, 0.0, 0.0, 0.0, 0.0, 0.0, 0.0, 0.0, 0.0, 0.0, 0.0, 0.0, 0.0, 0.0, 0.0, 0.0, 0.0, 0.0, 0.0, 0.0, 0.0, 0.0, 0.0, 0.0, 0.0, 0.0, 0.0, 0.0, 0.0, 0.0, 0.0, 0.0, 0.0, 0.0, 0.0, 0.0, 0.0, 0.0, 0.0, 0.0, 0.0, 0.0, 0.0, 0.0, 0.0, 0.0, 0.0, 0.0, 0.0, 0.0, 0.0, 0.0, 0.0, 0.0, 0.0, 0.0, 0.0, 0.0, 0.0, 0.0, 0.0, 0.0, 0.0, 0.0, 0.0, 0.0, 0.0, 0.0, 0.0, 0.0, 0.0, 0.0, 0.0, 0.0, 0.0, 0.0, 0.0, 0.0, 0.0, 0.0, 0.0, 0.0, 0.0, 0.0, 0.0, 0.0, 0.0, 0.0, 0.0, 0.0, 0.0, 0.0, 0.0, 0.0, 0.0, 0.0, 0.0, 0.0, 0.0, 0.0, 0.0, 0.0, 0.0, 0.0, 0.0, 0.0, 0.0, 0.0, 0.0, 0.0, 0.0, 0.0, 0.0, 0.0, 0.0, 0.0, 0.0, 0.0, 0.0, 0.0, 0.0, 0.0, 0.0, 0.0, 0.0, 0.0, 0.0, 0.0, 0.0, 0.0, 0.0, 0.0, 0.0, 0.0, 0.0, 0.0, 0.0, 0.0, 0.0, 0.0, 0.0, 0.0, 0.0, 0.0, 0.0, 0.0, 0.0, 0.0, 0.0, 0.0, 0.0, 0.0, 0.0, 0.0, 0.0, 0.0, 0.0, 0.0, 0.0, 0.0, 0.0, 0.0, 0.0, 0.0, 0.0, 0.0, 0.0, 0.0, 0.0, 0.0, 0.0, 0.0, 0.0, 0.0]
---
header: 
  seq: 791
  stamp: 
    secs: 79
    nsecs: 200000000
  frame_id: "base_laser_link"
angle_min: -3.14159274101
angle_max: 3.14159274101
angle_increment: 0.0175019092858
time_increment: 0.0
scan_time: 0.0
range_min: 0.15000000596
range_max: 16.0
ranges: [0.10000000149011612, 0.1000153198838234, 0.10006129741668701, 0.10013800114393234, 0.10024555772542953, 0.10038412362337112, 0.10055391490459442, 0.10075519979000092, 0.10098828375339508, 0.10125353932380676, 0.10155137628316879, 0.10188227146863937, 0.10224675387144089, 0.10264541208744049, 0.10307887941598892, 0.10354787856340408, 0.10405318439006805, 0.10459563881158829, 0.1051761656999588, 0.10579576343297958, 0.10645550489425659, 0.10715655237436295, 0.10790016502141953, 0.10868769139051437, 0.10952059924602509, 0.11040044575929642, 0.11132891476154327, 0.1123078316450119, 0.1133391410112381, 0.1144249439239502, 0.11556749045848846, 0.1167692169547081, 0.11803272366523743, 0.11936084181070328, 0.120756596326828, 0.12222325801849365, 0.12376436591148376, 0.12538371980190277, 0.12708546221256256, 0.1288740634918213, 0.13075433671474457, 0.13273155689239502, 0.1348114013671875, 0.13700011372566223, 0.13930444419384003, 0.14111298322677612, 0.13871712982654572, 0.1364423781633377, 0.1342814862728119, 0.1322278529405594, 0.1302753984928131, 0.15410222113132477, 0.15198248624801636, 0.14996559917926788, 0.14804628491401672, 0.14621971547603607, 0.16856159269809723, 0.16663162410259247, 0.16479526460170746, 0.18634095788002014, 0.18444225192070007, 0.18263722956180573, 0.20353733003139496, 0.20170488953590393, 0.19996586441993713, 0.22035197913646698, 0.2186160683631897, 0.23867055773735046, 0.2369624376296997, 0.2567456364631653, 0.2550881803035736, 0.2746565639972687, 0.2940767705440521, 0.313369482755661, 0.3325549066066742, 0.35165268182754517, 0.3706819415092468, 0.4101700186729431, 0.4494708180427551, 0.48862284421920776, 0.5276639461517334, 0.5868682861328125, 0.6661182641983032, 0.7653344869613647, 0.9045767188072205, 1.0837428569793701, 1.3829776048660278, 1.902202844619751, 3.0014076232910156, 3.8403308391571045, 3.8400368690490723, 3.840919017791748, 3.8429794311523438, 3.8462204933166504, 3.8506476879119873, 3.8562674522399902, 3.863088846206665, 3.871122360229492, 3.880380153656006, 3.8908772468566895, 3.902629852294922, 3.915656566619873, 5.6698126792907715, 7.706286430358887, 7.739457607269287, 7.775307655334473, 7.813896179199219, 7.855287551879883, 7.899552345275879, 7.9467668533325195, 7.997013092041016, 8.05038070678711, 8.106965065002441, 8.1668701171875, 8.230207443237305, 8.29709529876709, 8.367663383483887, 8.442049980163574, 8.520404815673828, 8.602888107299805, 8.68967056274414, 8.780939102172852, 8.876893997192383, 8.97774887084961, 9.083736419677734, 9.19510555267334, 9.312128067016602, 9.435094833374023, 9.564321517944336, 9.700150489807129, 9.842949867248535, 9.993124008178711, 10.15110969543457, 10.317380905151367, 10.156699180603027, 10.003759384155273, 9.835381507873535, 9.675492286682129, 9.523589134216309, 9.379210472106934, 9.241931915283203, 9.11136531829834, 8.987151145935059, 8.86895751953125, 8.75648021697998, 8.649435997009277, 8.547564506530762, 8.45062255859375, 8.358386993408203, 8.270648956298828, 8.187214851379395, 8.10790729522705, 8.032557487487793, 7.961010932922363, 7.893124580383301, 7.828763961791992, 7.7678046226501465, 7.71013069152832, 7.65563440322876, 7.6042160987854, 7.555782794952393, 7.510248184204102, 7.467533111572266, 7.427563667297363, 7.390271186828613, 7.355593204498291, 7.323471546173096, 7.293854236602783, 7.266692161560059, 7.241941452026367, 7.219563007354736, 7.199521064758301, 7.181783199310303, 7.166322708129883, 7.153115272521973, 7.142139434814453, 7.1333794593811035, 7.126821041107178, 7.1224541664123535, 7.120272636413574, 7.120272636413574, 7.1224541664123535, 7.126821041107178, 7.1333794593811035, 7.148991584777832, 6.416833877563477, 1.3285878896713257, 1.1498923301696777, 1.0111687183380127, 0.9125851988792419, 0.813701331615448, 0.755246102809906, 0.6966040730476379, 0.6377180218696594, 0.5991915464401245, 0.560498058795929, 0.5215985774993896, 0.5034292340278625, 0.46411648392677307, 0.4457062780857086, 0.42720314860343933, 0.4085872173309326, 0.3898380696773529, 0.37093448638916016, 0.3518545627593994, 0.3547471761703491, 0.3354358673095703, 0.31588706374168396, 0.3188502788543701, 0.29897135496139526, 0.30201807618141174, 0.2817433774471283, 0.28485244512557983, 0.26411014795303345, 0.2672578692436218, 0.2459685504436493, 0.24912802875041962, 0.25244805216789246, 0.2303435057401657, 0.23364435136318207, 0.23711486160755157, 0.2140132337808609, 0.21742679178714752, 0.22101980447769165, 0.22480358183383942, 0.22383910417556763, 0.2201041281223297, 0.21655699610710144, 0.21318665146827698, 0.20998293161392212, 0.2069365382194519, 0.20403887331485748, 0.20128203928470612, 0.19865873456001282, 0.19616225361824036, 0.1937863677740097, 0.19152531027793884, 0.18937373161315918, 0.18732671439647675, 0.18537963926792145, 0.18352827429771423, 0.18176864087581635, 0.1800970733165741, 0.1785101443529129, 0.17700469493865967, 0.17557774484157562, 0.1742265671491623, 0.17294859886169434, 0.17174145579338074, 0.170602947473526, 0.16953101754188538, 0.16852378845214844, 0.16757947206497192, 0.1666964441537857, 0.1658732295036316, 0.16510842740535736, 0.16440077126026154, 0.163749098777771, 0.16315235197544098, 0.16260957717895508, 0.16211988031864166, 0.16168250143527985, 0.1612967550754547, 0.1609620302915573, 0.16067780554294586, 0.16044364869594574, 0.1602591872215271, 0.16012413799762726, 0.1600382924079895, 0.16000153124332428, 0.16001377999782562, 0.1600750833749771, 0.16018550097942352, 0.16034522652626038, 0.16055449843406677, 0.16081364452838898, 0.16112305223941803, 0.16148321330547333, 0.16189469397068024, 0.1623581349849701, 0.1628742814064026, 0.163443922996521, 0.16406801342964172, 0.16474753618240356, 0.16548360884189606, 0.1662774533033371, 0.16713039577007294, 0.16804386675357819, 0.1690194308757782, 0.17005878686904907, 0.17116375267505646, 0.17233631014823914, 0.17357859015464783, 0.174892857670784, 0.17628158628940582, 0.1777474284172058, 0.17929323017597198, 0.18092207610607147, 0.18263722956180573, 0.18444225192070007, 0.18634095788002014, 0.16479526460170746, 0.16663162410259247, 0.16856159269809723, 0.14621971547603607, 0.14804628491401672, 0.14996559917926788, 0.15198248624801636, 0.15410222113132477, 0.1302753984928131, 0.1322278529405594, 0.1342814862728119, 0.1364423781633377, 0.13871712982654572, 0.14111298322677612, 0.13930444419384003, 0.13700011372566223, 0.1348114013671875, 0.13273155689239502, 0.13075433671474457, 0.1288740634918213, 0.12708546221256256, 0.12538371980190277, 0.12376436591148376, 0.12222325801849365, 0.120756596326828, 0.11936084181070328, 0.11803272366523743, 0.1167692169547081, 0.11556749045848846, 0.1144249439239502, 0.1133391410112381, 0.1123078316450119, 0.11132891476154327, 0.11040044575929642, 0.10952059924602509, 0.10868769139051437, 0.10790016502141953, 0.10715655237436295, 0.10645550489425659, 0.10579576343297958, 0.1051761656999588, 0.10459563881158829, 0.10405318439006805, 0.10354787856340408, 0.10307887941598892, 0.10264541208744049, 0.10224675387144089, 0.10188227146863937, 0.10155137628316879, 0.10125353932380676, 0.10098828375339508, 0.10075519979000092, 0.10055391490459442, 0.10038412362337112, 0.10024555772542953, 0.10013800114393234, 0.10006129741668701, 0.1000153198838234, 0.10000000149011612]
intensities: [0.0, 0.0, 0.0, 0.0, 0.0, 0.0, 0.0, 0.0, 0.0, 0.0, 0.0, 0.0, 0.0, 0.0, 0.0, 0.0, 0.0, 0.0, 0.0, 0.0, 0.0, 0.0, 0.0, 0.0, 0.0, 0.0, 0.0, 0.0, 0.0, 0.0, 0.0, 0.0, 0.0, 0.0, 0.0, 0.0, 0.0, 0.0, 0.0, 0.0, 0.0, 0.0, 0.0, 0.0, 0.0, 0.0, 0.0, 0.0, 0.0, 0.0, 0.0, 0.0, 0.0, 0.0, 0.0, 0.0, 0.0, 0.0, 0.0, 0.0, 0.0, 0.0, 0.0, 0.0, 0.0, 0.0, 0.0, 0.0, 0.0, 0.0, 0.0, 0.0, 0.0, 0.0, 0.0, 0.0, 0.0, 0.0, 0.0, 0.0, 0.0, 0.0, 0.0, 0.0, 0.0, 0.0, 0.0, 0.0, 0.0, 0.0, 0.0, 0.0, 0.0, 0.0, 0.0, 0.0, 0.0, 0.0, 0.0, 0.0, 0.0, 0.0, 0.0, 0.0, 0.0, 0.0, 0.0, 0.0, 0.0, 0.0, 0.0, 0.0, 0.0, 0.0, 0.0, 0.0, 0.0, 0.0, 0.0, 0.0, 0.0, 0.0, 0.0, 0.0, 0.0, 0.0, 0.0, 0.0, 0.0, 0.0, 0.0, 0.0, 0.0, 0.0, 0.0, 0.0, 0.0, 0.0, 0.0, 0.0, 0.0, 0.0, 0.0, 0.0, 0.0, 0.0, 0.0, 0.0, 0.0, 0.0, 0.0, 0.0, 0.0, 0.0, 0.0, 0.0, 0.0, 0.0, 0.0, 0.0, 0.0, 0.0, 0.0, 0.0, 0.0, 0.0, 0.0, 0.0, 0.0, 0.0, 0.0, 0.0, 0.0, 0.0, 0.0, 0.0, 0.0, 0.0, 0.0, 0.0, 0.0, 0.0, 0.0, 0.0, 0.0, 0.0, 0.0, 0.0, 0.0, 0.0, 0.0, 0.0, 0.0, 0.0, 0.0, 0.0, 0.0, 0.0, 0.0, 0.0, 0.0, 0.0, 0.0, 0.0, 0.0, 0.0, 0.0, 0.0, 0.0, 0.0, 0.0, 0.0, 0.0, 0.0, 0.0, 0.0, 0.0, 0.0, 0.0, 0.0, 0.0, 0.0, 0.0, 0.0, 0.0, 0.0, 0.0, 0.0, 0.0, 0.0, 0.0, 0.0, 0.0, 0.0, 0.0, 0.0, 0.0, 0.0, 0.0, 0.0, 0.0, 0.0, 0.0, 0.0, 0.0, 0.0, 0.0, 0.0, 0.0, 0.0, 0.0, 0.0, 0.0, 0.0, 0.0, 0.0, 0.0, 0.0, 0.0, 0.0, 0.0, 0.0, 0.0, 0.0, 0.0, 0.0, 0.0, 0.0, 0.0, 0.0, 0.0, 0.0, 0.0, 0.0, 0.0, 0.0, 0.0, 0.0, 0.0, 0.0, 0.0, 0.0, 0.0, 0.0, 0.0, 0.0, 0.0, 0.0, 0.0, 0.0, 0.0, 0.0, 0.0, 0.0, 0.0, 0.0, 0.0, 0.0, 0.0, 0.0, 0.0, 0.0, 0.0, 0.0, 0.0, 0.0, 0.0, 0.0, 0.0, 0.0, 0.0, 0.0, 0.0, 0.0, 0.0, 0.0, 0.0, 0.0, 0.0, 0.0, 0.0, 0.0, 0.0, 0.0, 0.0, 0.0, 0.0, 0.0, 0.0, 0.0, 0.0, 0.0, 0.0, 0.0, 0.0, 0.0, 0.0, 0.0, 0.0, 0.0, 0.0, 0.0, 0.0, 0.0, 0.0, 0.0, 0.0, 0.0, 0.0, 0.0, 0.0, 0.0, 0.0, 0.0, 0.0, 0.0, 0.0, 0.0, 0.0, 0.0]
---
header: 
  seq: 792
  stamp: 
    secs: 79
    nsecs: 300000000
  frame_id: "base_laser_link"
angle_min: -3.14159274101
angle_max: 3.14159274101
angle_increment: 0.0175019092858
time_increment: 0.0
scan_time: 0.0
range_min: 0.15000000596
range_max: 16.0
ranges: [0.10000000149011612, 0.1000153198838234, 0.10006129741668701, 0.10013800114393234, 0.10024555772542953, 0.10038412362337112, 0.10055391490459442, 0.10075519979000092, 0.10098828375339508, 0.10125353932380676, 0.10155137628316879, 0.10188227146863937, 0.10224675387144089, 0.10264541208744049, 0.10307887941598892, 0.10354787856340408, 0.10405318439006805, 0.10459563881158829, 0.1051761656999588, 0.10579576343297958, 0.10645550489425659, 0.10715655237436295, 0.10790016502141953, 0.10868769139051437, 0.10952059924602509, 0.11040044575929642, 0.11132891476154327, 0.1123078316450119, 0.1133391410112381, 0.1144249439239502, 0.11556749045848846, 0.1167692169547081, 0.11803272366523743, 0.11936084181070328, 0.120756596326828, 0.12222325801849365, 0.12376436591148376, 0.12538371980190277, 0.12708546221256256, 0.1288740634918213, 0.13075433671474457, 0.13273155689239502, 0.1348114013671875, 0.13700011372566223, 0.13930444419384003, 0.14111298322677612, 0.13871712982654572, 0.1364423781633377, 0.1342814862728119, 0.1322278529405594, 0.1302753984928131, 0.15410222113132477, 0.15198248624801636, 0.14996559917926788, 0.14804628491401672, 0.14621971547603607, 0.16856159269809723, 0.16663162410259247, 0.16479526460170746, 0.18634095788002014, 0.18444225192070007, 0.18263722956180573, 0.20353733003139496, 0.20170488953590393, 0.19996586441993713, 0.22035197913646698, 0.2186160683631897, 0.23867055773735046, 0.2369624376296997, 0.2567456364631653, 0.2550881803035736, 0.2746565639972687, 0.2940767705440521, 0.313369482755661, 0.3325549066066742, 0.35165268182754517, 0.3706819415092468, 0.4101700186729431, 0.4494708180427551, 0.48862284421920776, 0.5276639461517334, 0.5868682861328125, 0.6661182641983032, 0.7653344869613647, 0.9045767188072205, 1.0837428569793701, 1.3829776048660278, 1.902202844619751, 3.0014076232910156, 3.8403308391571045, 3.8400368690490723, 3.840919017791748, 3.8429794311523438, 3.8462204933166504, 3.8506476879119873, 3.8562674522399902, 3.863088846206665, 3.871122360229492, 3.880380153656006, 3.8908772468566895, 3.902629852294922, 3.915656566619873, 5.6698126792907715, 7.706286430358887, 7.739457607269287, 7.775307655334473, 7.813896179199219, 7.855287551879883, 7.899552345275879, 7.9467668533325195, 7.997013092041016, 8.05038070678711, 8.106965065002441, 8.1668701171875, 8.230207443237305, 8.29709529876709, 8.367663383483887, 8.442049980163574, 8.520404815673828, 8.602888107299805, 8.68967056274414, 8.780939102172852, 8.876893997192383, 8.97774887084961, 9.083736419677734, 9.19510555267334, 9.312128067016602, 9.435094833374023, 9.564321517944336, 9.700150489807129, 9.842949867248535, 9.993124008178711, 10.15110969543457, 10.317380905151367, 10.156699180603027, 10.003759384155273, 9.835381507873535, 9.675492286682129, 9.523589134216309, 9.379210472106934, 9.241931915283203, 9.11136531829834, 8.987151145935059, 8.86895751953125, 8.75648021697998, 8.649435997009277, 8.547564506530762, 8.45062255859375, 8.358386993408203, 8.270648956298828, 8.187214851379395, 8.10790729522705, 8.032557487487793, 7.961010932922363, 7.893124580383301, 7.828763961791992, 7.7678046226501465, 7.71013069152832, 7.65563440322876, 7.6042160987854, 7.555782794952393, 7.510248184204102, 7.467533111572266, 7.427563667297363, 7.390271186828613, 7.355593204498291, 7.323471546173096, 7.293854236602783, 7.266692161560059, 7.241941452026367, 7.219563007354736, 7.199521064758301, 7.181783199310303, 7.166322708129883, 7.153115272521973, 7.142139434814453, 7.1333794593811035, 7.126821041107178, 7.1224541664123535, 7.120272636413574, 7.120272636413574, 7.1224541664123535, 7.126821041107178, 7.1333794593811035, 7.148991584777832, 6.416833877563477, 1.3285878896713257, 1.1498923301696777, 1.0111687183380127, 0.9125851988792419, 0.813701331615448, 0.755246102809906, 0.6966040730476379, 0.6377180218696594, 0.5991915464401245, 0.560498058795929, 0.5215985774993896, 0.5034292340278625, 0.46411648392677307, 0.4457062780857086, 0.42720314860343933, 0.4085872173309326, 0.3898380696773529, 0.37093448638916016, 0.3518545627593994, 0.3547471761703491, 0.3354358673095703, 0.31588706374168396, 0.3188502788543701, 0.29897135496139526, 0.30201807618141174, 0.2817433774471283, 0.28485244512557983, 0.26411014795303345, 0.2672578692436218, 0.2459685504436493, 0.24912802875041962, 0.25244805216789246, 0.2303435057401657, 0.23364435136318207, 0.23711486160755157, 0.2140132337808609, 0.21742679178714752, 0.22101980447769165, 0.22480358183383942, 0.22383910417556763, 0.2201041281223297, 0.21655699610710144, 0.21318665146827698, 0.20998293161392212, 0.2069365382194519, 0.20403887331485748, 0.20128203928470612, 0.19865873456001282, 0.19616225361824036, 0.1937863677740097, 0.19152531027793884, 0.18937373161315918, 0.18732671439647675, 0.18537963926792145, 0.18352827429771423, 0.18176864087581635, 0.1800970733165741, 0.1785101443529129, 0.17700469493865967, 0.17557774484157562, 0.1742265671491623, 0.17294859886169434, 0.17174145579338074, 0.170602947473526, 0.16953101754188538, 0.16852378845214844, 0.16757947206497192, 0.1666964441537857, 0.1658732295036316, 0.16510842740535736, 0.16440077126026154, 0.163749098777771, 0.16315235197544098, 0.16260957717895508, 0.16211988031864166, 0.16168250143527985, 0.1612967550754547, 0.1609620302915573, 0.16067780554294586, 0.16044364869594574, 0.1602591872215271, 0.16012413799762726, 0.1600382924079895, 0.16000153124332428, 0.16001377999782562, 0.1600750833749771, 0.16018550097942352, 0.16034522652626038, 0.16055449843406677, 0.16081364452838898, 0.16112305223941803, 0.16148321330547333, 0.16189469397068024, 0.1623581349849701, 0.1628742814064026, 0.163443922996521, 0.16406801342964172, 0.16474753618240356, 0.16548360884189606, 0.1662774533033371, 0.16713039577007294, 0.16804386675357819, 0.1690194308757782, 0.17005878686904907, 0.17116375267505646, 0.17233631014823914, 0.17357859015464783, 0.174892857670784, 0.17628158628940582, 0.1777474284172058, 0.17929323017597198, 0.18092207610607147, 0.18263722956180573, 0.18444225192070007, 0.18634095788002014, 0.16479526460170746, 0.16663162410259247, 0.16856159269809723, 0.14621971547603607, 0.14804628491401672, 0.14996559917926788, 0.15198248624801636, 0.15410222113132477, 0.1302753984928131, 0.1322278529405594, 0.1342814862728119, 0.1364423781633377, 0.13871712982654572, 0.14111298322677612, 0.13930444419384003, 0.13700011372566223, 0.1348114013671875, 0.13273155689239502, 0.13075433671474457, 0.1288740634918213, 0.12708546221256256, 0.12538371980190277, 0.12376436591148376, 0.12222325801849365, 0.120756596326828, 0.11936084181070328, 0.11803272366523743, 0.1167692169547081, 0.11556749045848846, 0.1144249439239502, 0.1133391410112381, 0.1123078316450119, 0.11132891476154327, 0.11040044575929642, 0.10952059924602509, 0.10868769139051437, 0.10790016502141953, 0.10715655237436295, 0.10645550489425659, 0.10579576343297958, 0.1051761656999588, 0.10459563881158829, 0.10405318439006805, 0.10354787856340408, 0.10307887941598892, 0.10264541208744049, 0.10224675387144089, 0.10188227146863937, 0.10155137628316879, 0.10125353932380676, 0.10098828375339508, 0.10075519979000092, 0.10055391490459442, 0.10038412362337112, 0.10024555772542953, 0.10013800114393234, 0.10006129741668701, 0.1000153198838234, 0.10000000149011612]
intensities: [0.0, 0.0, 0.0, 0.0, 0.0, 0.0, 0.0, 0.0, 0.0, 0.0, 0.0, 0.0, 0.0, 0.0, 0.0, 0.0, 0.0, 0.0, 0.0, 0.0, 0.0, 0.0, 0.0, 0.0, 0.0, 0.0, 0.0, 0.0, 0.0, 0.0, 0.0, 0.0, 0.0, 0.0, 0.0, 0.0, 0.0, 0.0, 0.0, 0.0, 0.0, 0.0, 0.0, 0.0, 0.0, 0.0, 0.0, 0.0, 0.0, 0.0, 0.0, 0.0, 0.0, 0.0, 0.0, 0.0, 0.0, 0.0, 0.0, 0.0, 0.0, 0.0, 0.0, 0.0, 0.0, 0.0, 0.0, 0.0, 0.0, 0.0, 0.0, 0.0, 0.0, 0.0, 0.0, 0.0, 0.0, 0.0, 0.0, 0.0, 0.0, 0.0, 0.0, 0.0, 0.0, 0.0, 0.0, 0.0, 0.0, 0.0, 0.0, 0.0, 0.0, 0.0, 0.0, 0.0, 0.0, 0.0, 0.0, 0.0, 0.0, 0.0, 0.0, 0.0, 0.0, 0.0, 0.0, 0.0, 0.0, 0.0, 0.0, 0.0, 0.0, 0.0, 0.0, 0.0, 0.0, 0.0, 0.0, 0.0, 0.0, 0.0, 0.0, 0.0, 0.0, 0.0, 0.0, 0.0, 0.0, 0.0, 0.0, 0.0, 0.0, 0.0, 0.0, 0.0, 0.0, 0.0, 0.0, 0.0, 0.0, 0.0, 0.0, 0.0, 0.0, 0.0, 0.0, 0.0, 0.0, 0.0, 0.0, 0.0, 0.0, 0.0, 0.0, 0.0, 0.0, 0.0, 0.0, 0.0, 0.0, 0.0, 0.0, 0.0, 0.0, 0.0, 0.0, 0.0, 0.0, 0.0, 0.0, 0.0, 0.0, 0.0, 0.0, 0.0, 0.0, 0.0, 0.0, 0.0, 0.0, 0.0, 0.0, 0.0, 0.0, 0.0, 0.0, 0.0, 0.0, 0.0, 0.0, 0.0, 0.0, 0.0, 0.0, 0.0, 0.0, 0.0, 0.0, 0.0, 0.0, 0.0, 0.0, 0.0, 0.0, 0.0, 0.0, 0.0, 0.0, 0.0, 0.0, 0.0, 0.0, 0.0, 0.0, 0.0, 0.0, 0.0, 0.0, 0.0, 0.0, 0.0, 0.0, 0.0, 0.0, 0.0, 0.0, 0.0, 0.0, 0.0, 0.0, 0.0, 0.0, 0.0, 0.0, 0.0, 0.0, 0.0, 0.0, 0.0, 0.0, 0.0, 0.0, 0.0, 0.0, 0.0, 0.0, 0.0, 0.0, 0.0, 0.0, 0.0, 0.0, 0.0, 0.0, 0.0, 0.0, 0.0, 0.0, 0.0, 0.0, 0.0, 0.0, 0.0, 0.0, 0.0, 0.0, 0.0, 0.0, 0.0, 0.0, 0.0, 0.0, 0.0, 0.0, 0.0, 0.0, 0.0, 0.0, 0.0, 0.0, 0.0, 0.0, 0.0, 0.0, 0.0, 0.0, 0.0, 0.0, 0.0, 0.0, 0.0, 0.0, 0.0, 0.0, 0.0, 0.0, 0.0, 0.0, 0.0, 0.0, 0.0, 0.0, 0.0, 0.0, 0.0, 0.0, 0.0, 0.0, 0.0, 0.0, 0.0, 0.0, 0.0, 0.0, 0.0, 0.0, 0.0, 0.0, 0.0, 0.0, 0.0, 0.0, 0.0, 0.0, 0.0, 0.0, 0.0, 0.0, 0.0, 0.0, 0.0, 0.0, 0.0, 0.0, 0.0, 0.0, 0.0, 0.0, 0.0, 0.0, 0.0, 0.0, 0.0, 0.0, 0.0, 0.0, 0.0, 0.0, 0.0, 0.0, 0.0, 0.0, 0.0, 0.0, 0.0, 0.0, 0.0, 0.0, 0.0]
---
header: 
  seq: 793
  stamp: 
    secs: 79
    nsecs: 400000000
  frame_id: "base_laser_link"
angle_min: -3.14159274101
angle_max: 3.14159274101
angle_increment: 0.0175019092858
time_increment: 0.0
scan_time: 0.0
range_min: 0.15000000596
range_max: 16.0
ranges: [0.10000000149011612, 0.1000153198838234, 0.10006129741668701, 0.10013800114393234, 0.10024555772542953, 0.10038412362337112, 0.10055391490459442, 0.10075519979000092, 0.10098828375339508, 0.10125353932380676, 0.10155137628316879, 0.10188227146863937, 0.10224675387144089, 0.10264541208744049, 0.10307887941598892, 0.10354787856340408, 0.10405318439006805, 0.10459563881158829, 0.1051761656999588, 0.10579576343297958, 0.10645550489425659, 0.10715655237436295, 0.10790016502141953, 0.10868769139051437, 0.10952059924602509, 0.11040044575929642, 0.11132891476154327, 0.1123078316450119, 0.1133391410112381, 0.1144249439239502, 0.11556749045848846, 0.1167692169547081, 0.11803272366523743, 0.11936084181070328, 0.120756596326828, 0.12222325801849365, 0.12376436591148376, 0.12538371980190277, 0.12708546221256256, 0.1288740634918213, 0.13075433671474457, 0.13273155689239502, 0.1348114013671875, 0.13700011372566223, 0.13930444419384003, 0.14111298322677612, 0.13871712982654572, 0.1364423781633377, 0.1342814862728119, 0.1322278529405594, 0.1302753984928131, 0.15410222113132477, 0.15198248624801636, 0.14996559917926788, 0.14804628491401672, 0.14621971547603607, 0.16856159269809723, 0.16663162410259247, 0.16479526460170746, 0.18634095788002014, 0.18444225192070007, 0.18263722956180573, 0.20353733003139496, 0.20170488953590393, 0.19996586441993713, 0.22035197913646698, 0.2186160683631897, 0.23867055773735046, 0.2369624376296997, 0.2567456364631653, 0.2550881803035736, 0.2746565639972687, 0.2940767705440521, 0.313369482755661, 0.3325549066066742, 0.35165268182754517, 0.3706819415092468, 0.4101700186729431, 0.4494708180427551, 0.48862284421920776, 0.5276639461517334, 0.5868682861328125, 0.6661182641983032, 0.7653344869613647, 0.9045767188072205, 1.0837428569793701, 1.3829776048660278, 1.902202844619751, 3.0014076232910156, 3.8403308391571045, 3.8400368690490723, 3.840919017791748, 3.8429794311523438, 3.8462204933166504, 3.8506476879119873, 3.8562674522399902, 3.863088846206665, 3.871122360229492, 3.880380153656006, 3.8908772468566895, 3.902629852294922, 3.915656566619873, 5.6698126792907715, 7.706286430358887, 7.739457607269287, 7.775307655334473, 7.813896179199219, 7.855287551879883, 7.899552345275879, 7.9467668533325195, 7.997013092041016, 8.05038070678711, 8.106965065002441, 8.1668701171875, 8.230207443237305, 8.29709529876709, 8.367663383483887, 8.442049980163574, 8.520404815673828, 8.602888107299805, 8.68967056274414, 8.780939102172852, 8.876893997192383, 8.97774887084961, 9.083736419677734, 9.19510555267334, 9.312128067016602, 9.435094833374023, 9.564321517944336, 9.700150489807129, 9.842949867248535, 9.993124008178711, 10.15110969543457, 10.317380905151367, 10.156699180603027, 10.003759384155273, 9.835381507873535, 9.675492286682129, 9.523589134216309, 9.379210472106934, 9.241931915283203, 9.11136531829834, 8.987151145935059, 8.86895751953125, 8.75648021697998, 8.649435997009277, 8.547564506530762, 8.45062255859375, 8.358386993408203, 8.270648956298828, 8.187214851379395, 8.10790729522705, 8.032557487487793, 7.961010932922363, 7.893124580383301, 7.828763961791992, 7.7678046226501465, 7.71013069152832, 7.65563440322876, 7.6042160987854, 7.555782794952393, 7.510248184204102, 7.467533111572266, 7.427563667297363, 7.390271186828613, 7.355593204498291, 7.323471546173096, 7.293854236602783, 7.266692161560059, 7.241941452026367, 7.219563007354736, 7.199521064758301, 7.181783199310303, 7.166322708129883, 7.153115272521973, 7.142139434814453, 7.1333794593811035, 7.126821041107178, 7.1224541664123535, 7.120272636413574, 7.120272636413574, 7.1224541664123535, 7.126821041107178, 7.1333794593811035, 7.148991584777832, 6.416833877563477, 1.3285878896713257, 1.1498923301696777, 1.0111687183380127, 0.9125851988792419, 0.813701331615448, 0.755246102809906, 0.6966040730476379, 0.6377180218696594, 0.5991915464401245, 0.560498058795929, 0.5215985774993896, 0.5034292340278625, 0.46411648392677307, 0.4457062780857086, 0.42720314860343933, 0.4085872173309326, 0.3898380696773529, 0.37093448638916016, 0.3518545627593994, 0.3547471761703491, 0.3354358673095703, 0.31588706374168396, 0.3188502788543701, 0.29897135496139526, 0.30201807618141174, 0.2817433774471283, 0.28485244512557983, 0.26411014795303345, 0.2672578692436218, 0.2459685504436493, 0.24912802875041962, 0.25244805216789246, 0.2303435057401657, 0.23364435136318207, 0.23711486160755157, 0.2140132337808609, 0.21742679178714752, 0.22101980447769165, 0.22480358183383942, 0.22383910417556763, 0.2201041281223297, 0.21655699610710144, 0.21318665146827698, 0.20998293161392212, 0.2069365382194519, 0.20403887331485748, 0.20128203928470612, 0.19865873456001282, 0.19616225361824036, 0.1937863677740097, 0.19152531027793884, 0.18937373161315918, 0.18732671439647675, 0.18537963926792145, 0.18352827429771423, 0.18176864087581635, 0.1800970733165741, 0.1785101443529129, 0.17700469493865967, 0.17557774484157562, 0.1742265671491623, 0.17294859886169434, 0.17174145579338074, 0.170602947473526, 0.16953101754188538, 0.16852378845214844, 0.16757947206497192, 0.1666964441537857, 0.1658732295036316, 0.16510842740535736, 0.16440077126026154, 0.163749098777771, 0.16315235197544098, 0.16260957717895508, 0.16211988031864166, 0.16168250143527985, 0.1612967550754547, 0.1609620302915573, 0.16067780554294586, 0.16044364869594574, 0.1602591872215271, 0.16012413799762726, 0.1600382924079895, 0.16000153124332428, 0.16001377999782562, 0.1600750833749771, 0.16018550097942352, 0.16034522652626038, 0.16055449843406677, 0.16081364452838898, 0.16112305223941803, 0.16148321330547333, 0.16189469397068024, 0.1623581349849701, 0.1628742814064026, 0.163443922996521, 0.16406801342964172, 0.16474753618240356, 0.16548360884189606, 0.1662774533033371, 0.16713039577007294, 0.16804386675357819, 0.1690194308757782, 0.17005878686904907, 0.17116375267505646, 0.17233631014823914, 0.17357859015464783, 0.174892857670784, 0.17628158628940582, 0.1777474284172058, 0.17929323017597198, 0.18092207610607147, 0.18263722956180573, 0.18444225192070007, 0.18634095788002014, 0.16479526460170746, 0.16663162410259247, 0.16856159269809723, 0.14621971547603607, 0.14804628491401672, 0.14996559917926788, 0.15198248624801636, 0.15410222113132477, 0.1302753984928131, 0.1322278529405594, 0.1342814862728119, 0.1364423781633377, 0.13871712982654572, 0.14111298322677612, 0.13930444419384003, 0.13700011372566223, 0.1348114013671875, 0.13273155689239502, 0.13075433671474457, 0.1288740634918213, 0.12708546221256256, 0.12538371980190277, 0.12376436591148376, 0.12222325801849365, 0.120756596326828, 0.11936084181070328, 0.11803272366523743, 0.1167692169547081, 0.11556749045848846, 0.1144249439239502, 0.1133391410112381, 0.1123078316450119, 0.11132891476154327, 0.11040044575929642, 0.10952059924602509, 0.10868769139051437, 0.10790016502141953, 0.10715655237436295, 0.10645550489425659, 0.10579576343297958, 0.1051761656999588, 0.10459563881158829, 0.10405318439006805, 0.10354787856340408, 0.10307887941598892, 0.10264541208744049, 0.10224675387144089, 0.10188227146863937, 0.10155137628316879, 0.10125353932380676, 0.10098828375339508, 0.10075519979000092, 0.10055391490459442, 0.10038412362337112, 0.10024555772542953, 0.10013800114393234, 0.10006129741668701, 0.1000153198838234, 0.10000000149011612]
intensities: [0.0, 0.0, 0.0, 0.0, 0.0, 0.0, 0.0, 0.0, 0.0, 0.0, 0.0, 0.0, 0.0, 0.0, 0.0, 0.0, 0.0, 0.0, 0.0, 0.0, 0.0, 0.0, 0.0, 0.0, 0.0, 0.0, 0.0, 0.0, 0.0, 0.0, 0.0, 0.0, 0.0, 0.0, 0.0, 0.0, 0.0, 0.0, 0.0, 0.0, 0.0, 0.0, 0.0, 0.0, 0.0, 0.0, 0.0, 0.0, 0.0, 0.0, 0.0, 0.0, 0.0, 0.0, 0.0, 0.0, 0.0, 0.0, 0.0, 0.0, 0.0, 0.0, 0.0, 0.0, 0.0, 0.0, 0.0, 0.0, 0.0, 0.0, 0.0, 0.0, 0.0, 0.0, 0.0, 0.0, 0.0, 0.0, 0.0, 0.0, 0.0, 0.0, 0.0, 0.0, 0.0, 0.0, 0.0, 0.0, 0.0, 0.0, 0.0, 0.0, 0.0, 0.0, 0.0, 0.0, 0.0, 0.0, 0.0, 0.0, 0.0, 0.0, 0.0, 0.0, 0.0, 0.0, 0.0, 0.0, 0.0, 0.0, 0.0, 0.0, 0.0, 0.0, 0.0, 0.0, 0.0, 0.0, 0.0, 0.0, 0.0, 0.0, 0.0, 0.0, 0.0, 0.0, 0.0, 0.0, 0.0, 0.0, 0.0, 0.0, 0.0, 0.0, 0.0, 0.0, 0.0, 0.0, 0.0, 0.0, 0.0, 0.0, 0.0, 0.0, 0.0, 0.0, 0.0, 0.0, 0.0, 0.0, 0.0, 0.0, 0.0, 0.0, 0.0, 0.0, 0.0, 0.0, 0.0, 0.0, 0.0, 0.0, 0.0, 0.0, 0.0, 0.0, 0.0, 0.0, 0.0, 0.0, 0.0, 0.0, 0.0, 0.0, 0.0, 0.0, 0.0, 0.0, 0.0, 0.0, 0.0, 0.0, 0.0, 0.0, 0.0, 0.0, 0.0, 0.0, 0.0, 0.0, 0.0, 0.0, 0.0, 0.0, 0.0, 0.0, 0.0, 0.0, 0.0, 0.0, 0.0, 0.0, 0.0, 0.0, 0.0, 0.0, 0.0, 0.0, 0.0, 0.0, 0.0, 0.0, 0.0, 0.0, 0.0, 0.0, 0.0, 0.0, 0.0, 0.0, 0.0, 0.0, 0.0, 0.0, 0.0, 0.0, 0.0, 0.0, 0.0, 0.0, 0.0, 0.0, 0.0, 0.0, 0.0, 0.0, 0.0, 0.0, 0.0, 0.0, 0.0, 0.0, 0.0, 0.0, 0.0, 0.0, 0.0, 0.0, 0.0, 0.0, 0.0, 0.0, 0.0, 0.0, 0.0, 0.0, 0.0, 0.0, 0.0, 0.0, 0.0, 0.0, 0.0, 0.0, 0.0, 0.0, 0.0, 0.0, 0.0, 0.0, 0.0, 0.0, 0.0, 0.0, 0.0, 0.0, 0.0, 0.0, 0.0, 0.0, 0.0, 0.0, 0.0, 0.0, 0.0, 0.0, 0.0, 0.0, 0.0, 0.0, 0.0, 0.0, 0.0, 0.0, 0.0, 0.0, 0.0, 0.0, 0.0, 0.0, 0.0, 0.0, 0.0, 0.0, 0.0, 0.0, 0.0, 0.0, 0.0, 0.0, 0.0, 0.0, 0.0, 0.0, 0.0, 0.0, 0.0, 0.0, 0.0, 0.0, 0.0, 0.0, 0.0, 0.0, 0.0, 0.0, 0.0, 0.0, 0.0, 0.0, 0.0, 0.0, 0.0, 0.0, 0.0, 0.0, 0.0, 0.0, 0.0, 0.0, 0.0, 0.0, 0.0, 0.0, 0.0, 0.0, 0.0, 0.0, 0.0, 0.0, 0.0, 0.0, 0.0, 0.0, 0.0, 0.0, 0.0, 0.0, 0.0, 0.0]
---
