header: 
  seq: 1674
  stamp: 
    secs: 167
    nsecs: 500000000
  frame_id: "base_laser_link"
angle_min: -3.14159274101
angle_max: 3.14159274101
angle_increment: 0.0175019092858
time_increment: 0.0
scan_time: 0.0
range_min: 0.15000000596
range_max: 16.0
ranges: [6.920000076293945, 6.921060085296631, 6.924241542816162, 6.932357311248779, 6.937859535217285, 6.822030067443848, 5.882157325744629, 1.2292134761810303, 1.0906734466552734, 0.9517832398414612, 0.853031575679779, 0.7743052840232849, 0.7157272696495056, 0.6569306254386902, 0.6184732913970947, 0.5798681378364563, 0.5410765409469604, 0.5020591020584106, 0.4838103652000427, 0.4655013680458069, 0.4471130967140198, 0.4071948826313019, 0.4100206196308136, 0.39127570390701294, 0.37237003445625305, 0.3532814085483551, 0.333986759185791, 0.3369235098361969, 0.3173496127128601, 0.32038983702659607, 0.30047547817230225, 0.2802461087703705, 0.28327855467796326, 0.2864660322666168, 0.2656645178794861, 0.2688911557197571, 0.24752873182296753, 0.25076743960380554, 0.2541709244251251, 0.2319733053445816, 0.23535780608654022, 0.2389167845249176, 0.2156982570886612, 0.21920019388198853, 0.22288711369037628, 0.22578075528144836, 0.22194740176200867, 0.21830779314041138, 0.21485038101673126, 0.2115645706653595, 0.2084406316280365, 0.20546962320804596, 0.20264331996440887, 0.19995412230491638, 0.19739505648612976, 0.1949596107006073, 0.19264182448387146, 0.19043615460395813, 0.18833744525909424, 0.18634095788002014, 0.18444225192070007, 0.18263722956180573, 0.18092207610607147, 0.17929323017597198, 0.1777474284172058, 0.17628158628940582, 0.174892857670784, 0.17357859015464783, 0.17233631014823914, 0.17116375267505646, 0.17005878686904907, 0.1690194308757782, 0.16804386675357819, 0.16713039577007294, 0.1662774533033371, 0.16548360884189606, 0.16474753618240356, 0.16406801342964172, 0.163443922996521, 0.1628742814064026, 0.1623581349849701, 0.16189469397068024, 0.16148321330547333, 0.16112305223941803, 0.16081364452838898, 0.16055449843406677, 0.16034522652626038, 0.16018550097942352, 0.1600750833749771, 0.16001377999782562, 0.16000153124332428, 0.1600382924079895, 0.16012413799762726, 0.1602591872215271, 0.16044364869594574, 0.16067780554294586, 0.1609620302915573, 0.1612967550754547, 0.16168250143527985, 0.16211988031864166, 0.16260957717895508, 0.16315235197544098, 0.163749098777771, 0.16440077126026154, 0.16510842740535736, 0.1658732295036316, 0.1666964441537857, 0.16757947206497192, 0.16852378845214844, 0.16953101754188538, 0.170602947473526, 0.17174145579338074, 0.17294859886169434, 0.1742265671491623, 0.17557774484157562, 0.17700469493865967, 0.1785101443529129, 0.1800970733165741, 0.18176864087581635, 0.18352827429771423, 0.18537963926792145, 0.18732671439647675, 0.18937373161315918, 0.19152531027793884, 0.1937863677740097, 0.19616225361824036, 0.19865873456001282, 0.20128203928470612, 0.20403887331485748, 0.2069365382194519, 0.20998293161392212, 0.21318665146827698, 0.21655699610710144, 0.2201041281223297, 0.22383910417556763, 0.22480358183383942, 0.22101980447769165, 0.21742679178714752, 0.2140132337808609, 0.23711486160755157, 0.23364435136318207, 0.2303435057401657, 0.25244805216789246, 0.24912802875041962, 0.2459685504436493, 0.2672578692436218, 0.26411014795303345, 0.28485244512557983, 0.2817433774471283, 0.30201807618141174, 0.29897135496139526, 0.3188502788543701, 0.31588706374168396, 0.3354358673095703, 0.3325754702091217, 0.32986363768577576, 0.32729512453079224, 0.32486504316329956, 0.3225688636302948, 0.3204023540019989, 0.31836163997650146, 0.3164430558681488, 0.3146432638168335, 0.31295913457870483, 0.311387836933136, 0.3099266588687897, 0.30857324600219727, 0.3073253035545349, 0.30618083477020264, 0.3051379919052124, 0.3041950762271881, 0.3033505976200104, 0.30260324478149414, 0.3019517958164215, 0.3013952970504761, 0.3009328544139862, 0.3005637526512146, 0.3002873957157135, 0.30010342597961426, 0.3000114858150482, 0.3000114858150482, 0.30010342597961426, 0.3002873957157135, 0.3005637526512146, 0.3009328544139862, 0.3013952970504761, 0.3019517958164215, 0.30260324478149414, 0.3033505976200104, 0.3041950762271881, 0.3051379919052124, 0.30618083477020264, 0.3073253035545349, 0.30857324600219727, 0.3099266588687897, 0.311387836933136, 0.31295913457870483, 0.3146432638168335, 0.3164430558681488, 0.31836163997650146, 0.3204023540019989, 0.3225688636302948, 0.32486504316329956, 0.32729512453079224, 0.32986363768577576, 0.3325754702091217, 0.3354358673095703, 0.33845043182373047, 0.34162527322769165, 0.34496691823005676, 0.3484824001789093, 0.35217922925949097, 0.356065571308136, 0.36015018820762634, 0.3644425570964813, 0.36895284056663513, 0.37369203567504883, 0.3786720931529999, 0.3839058578014374, 0.3894072473049164, 0.3951914310455322, 0.40127483010292053, 0.40767523646354675, 0.41441214084625244, 0.42150673270225525, 0.4196983277797699, 0.4126952588558197, 0.4331139922142029, 0.42637330293655396, 0.4462137520313263, 0.4656071960926056, 0.45908746123313904, 0.4780448377132416, 0.49664685130119324, 0.4904056489467621, 0.5086892247200012, 0.5266945958137512, 0.544449508190155, 0.561980128288269, 0.5793113708496094, 0.5964668989181519, 0.6134691834449768, 0.6303397417068481, 0.6470993161201477, 0.685893177986145, 0.7023109793663025, 0.7404628992080688, 0.7566500902175903, 0.7943042516708374, 0.8316893577575684, 0.8688464760780334, 0.9268807768821716, 0.9845293760299683, 1.0418528318405151, 1.0989102125167847, 1.1763975620269775, 1.2741060256958008, 1.3713988065719604, 1.4887652397155762, 1.6260957717895508, 1.8035837411880493, 2.021031379699707, 2.298478841781616, 2.6558735370635986, 3.173386812210083, 3.8506476879119873, 3.8462204933166504, 3.8429794311523438, 3.840919017791748, 3.8400368690490723, 3.8403308391571045, 3.841801881790161, 3.844451904296875, 3.848285436630249, 3.8533079624176025, 3.859527349472046, 3.8669533729553223, 3.8755972385406494, 3.8854727745056152, 5.621650695800781, 5.639522075653076, 7.661434173583984, 7.690688133239746, 7.722540855407715, 7.757044315338135, 7.79425573348999, 7.834237098693848, 7.877056121826172, 7.922785758972168, 7.971505641937256, 8.023301124572754, 8.078265190124512, 8.136496543884277, 8.198102951049805, 8.263198852539062, 8.331911087036133, 8.404370307922363, 8.480722427368164, 8.56112003326416, 8.645730018615723, 8.734732627868652, 8.828317642211914, 8.926694869995117, 9.030085563659668, 9.138731956481934, 9.25289249420166, 9.372849464416504, 9.498905181884766, 9.631388664245605, 9.770654678344727, 9.917089462280273, 10.071111679077148, 10.151312828063965, 9.98763370513916, 9.803258895874023, 9.639867782592773, 9.48040771484375, 9.328948974609375, 9.185023307800293, 9.048199653625488, 8.918085098266602, 8.79431438446045, 8.676553726196289, 8.564494132995605, 8.457849502563477, 8.356356620788574, 8.259770393371582, 8.167864799499512, 8.080430030822754, 7.997270584106445, 7.918206214904785, 7.843068599700928, 7.771702289581299, 7.70396089553833, 7.639710903167725, 7.5788254737854, 7.521188259124756, 7.466691493988037, 7.415233135223389, 7.366720676422119, 7.321066856384277, 7.278190612792969, 7.23801851272583, 7.2004804611206055, 7.165513038635254, 7.133058547973633, 7.103062152862549, 7.075475692749023, 7.050253391265869, 7.027355194091797, 7.006744861602783, 6.988389492034912, 6.972259521484375, 6.958331108093262, 6.9465813636779785, 6.936992168426514, 6.929549694061279, 6.924241542816162, 6.921060085296631, 6.920000076293945]
intensities: [0.0, 0.0, 0.0, 0.0, 0.0, 0.0, 0.0, 0.0, 0.0, 0.0, 0.0, 0.0, 0.0, 0.0, 0.0, 0.0, 0.0, 0.0, 0.0, 0.0, 0.0, 0.0, 0.0, 0.0, 0.0, 0.0, 0.0, 0.0, 0.0, 0.0, 0.0, 0.0, 0.0, 0.0, 0.0, 0.0, 0.0, 0.0, 0.0, 0.0, 0.0, 0.0, 0.0, 0.0, 0.0, 0.0, 0.0, 0.0, 0.0, 0.0, 0.0, 0.0, 0.0, 0.0, 0.0, 0.0, 0.0, 0.0, 0.0, 0.0, 0.0, 0.0, 0.0, 0.0, 0.0, 0.0, 0.0, 0.0, 0.0, 0.0, 0.0, 0.0, 0.0, 0.0, 0.0, 0.0, 0.0, 0.0, 0.0, 0.0, 0.0, 0.0, 0.0, 0.0, 0.0, 0.0, 0.0, 0.0, 0.0, 0.0, 0.0, 0.0, 0.0, 0.0, 0.0, 0.0, 0.0, 0.0, 0.0, 0.0, 0.0, 0.0, 0.0, 0.0, 0.0, 0.0, 0.0, 0.0, 0.0, 0.0, 0.0, 0.0, 0.0, 0.0, 0.0, 0.0, 0.0, 0.0, 0.0, 0.0, 0.0, 0.0, 0.0, 0.0, 0.0, 0.0, 0.0, 0.0, 0.0, 0.0, 0.0, 0.0, 0.0, 0.0, 0.0, 0.0, 0.0, 0.0, 0.0, 0.0, 0.0, 0.0, 0.0, 0.0, 0.0, 0.0, 0.0, 0.0, 0.0, 0.0, 0.0, 0.0, 0.0, 0.0, 0.0, 0.0, 0.0, 0.0, 0.0, 0.0, 0.0, 0.0, 0.0, 0.0, 0.0, 0.0, 0.0, 0.0, 0.0, 0.0, 0.0, 0.0, 0.0, 0.0, 0.0, 0.0, 0.0, 0.0, 0.0, 0.0, 0.0, 0.0, 0.0, 0.0, 0.0, 0.0, 0.0, 0.0, 0.0, 0.0, 0.0, 0.0, 0.0, 0.0, 0.0, 0.0, 0.0, 0.0, 0.0, 0.0, 0.0, 0.0, 0.0, 0.0, 0.0, 0.0, 0.0, 0.0, 0.0, 0.0, 0.0, 0.0, 0.0, 0.0, 0.0, 0.0, 0.0, 0.0, 0.0, 0.0, 0.0, 0.0, 0.0, 0.0, 0.0, 0.0, 0.0, 0.0, 0.0, 0.0, 0.0, 0.0, 0.0, 0.0, 0.0, 0.0, 0.0, 0.0, 0.0, 0.0, 0.0, 0.0, 0.0, 0.0, 0.0, 0.0, 0.0, 0.0, 0.0, 0.0, 0.0, 0.0, 0.0, 0.0, 0.0, 0.0, 0.0, 0.0, 0.0, 0.0, 0.0, 0.0, 0.0, 0.0, 0.0, 0.0, 0.0, 0.0, 0.0, 0.0, 0.0, 0.0, 0.0, 0.0, 0.0, 0.0, 0.0, 0.0, 0.0, 0.0, 0.0, 0.0, 0.0, 0.0, 0.0, 0.0, 0.0, 0.0, 0.0, 0.0, 0.0, 0.0, 0.0, 0.0, 0.0, 0.0, 0.0, 0.0, 0.0, 0.0, 0.0, 0.0, 0.0, 0.0, 0.0, 0.0, 0.0, 0.0, 0.0, 0.0, 0.0, 0.0, 0.0, 0.0, 0.0, 0.0, 0.0, 0.0, 0.0, 0.0, 0.0, 0.0, 0.0, 0.0, 0.0, 0.0, 0.0, 0.0, 0.0, 0.0, 0.0, 0.0, 0.0, 0.0, 0.0, 0.0, 0.0, 0.0, 0.0, 0.0, 0.0, 0.0, 0.0, 0.0, 0.0, 0.0, 0.0, 0.0, 0.0, 0.0, 0.0, 0.0, 0.0, 0.0, 0.0, 0.0, 0.0, 0.0, 0.0, 0.0]
---
header: 
  seq: 1675
  stamp: 
    secs: 167
    nsecs: 600000000
  frame_id: "base_laser_link"
angle_min: -3.14159274101
angle_max: 3.14159274101
angle_increment: 0.0175019092858
time_increment: 0.0
scan_time: 0.0
range_min: 0.15000000596
range_max: 16.0
ranges: [6.920000076293945, 6.921060085296631, 6.924241542816162, 6.932357311248779, 6.937859535217285, 6.822030067443848, 5.882157325744629, 1.2292134761810303, 1.0906734466552734, 0.9517832398414612, 0.853031575679779, 0.7743052840232849, 0.7157272696495056, 0.6569306254386902, 0.6184732913970947, 0.5798681378364563, 0.5410765409469604, 0.5020591020584106, 0.4838103652000427, 0.4655013680458069, 0.4471130967140198, 0.4071948826313019, 0.4100206196308136, 0.39127570390701294, 0.37237003445625305, 0.3532814085483551, 0.333986759185791, 0.3369235098361969, 0.3173496127128601, 0.32038983702659607, 0.30047547817230225, 0.2802461087703705, 0.28327855467796326, 0.2864660322666168, 0.2656645178794861, 0.2688911557197571, 0.24752873182296753, 0.25076743960380554, 0.2541709244251251, 0.2319733053445816, 0.23535780608654022, 0.2389167845249176, 0.2156982570886612, 0.21920019388198853, 0.22288711369037628, 0.22578075528144836, 0.22194740176200867, 0.21830779314041138, 0.21485038101673126, 0.2115645706653595, 0.2084406316280365, 0.20546962320804596, 0.20264331996440887, 0.19995412230491638, 0.19739505648612976, 0.1949596107006073, 0.19264182448387146, 0.19043615460395813, 0.18833744525909424, 0.18634095788002014, 0.18444225192070007, 0.18263722956180573, 0.18092207610607147, 0.17929323017597198, 0.1777474284172058, 0.17628158628940582, 0.174892857670784, 0.17357859015464783, 0.17233631014823914, 0.17116375267505646, 0.17005878686904907, 0.1690194308757782, 0.16804386675357819, 0.16713039577007294, 0.1662774533033371, 0.16548360884189606, 0.16474753618240356, 0.16406801342964172, 0.163443922996521, 0.1628742814064026, 0.1623581349849701, 0.16189469397068024, 0.16148321330547333, 0.16112305223941803, 0.16081364452838898, 0.16055449843406677, 0.16034522652626038, 0.16018550097942352, 0.1600750833749771, 0.16001377999782562, 0.16000153124332428, 0.1600382924079895, 0.16012413799762726, 0.1602591872215271, 0.16044364869594574, 0.16067780554294586, 0.1609620302915573, 0.1612967550754547, 0.16168250143527985, 0.16211988031864166, 0.16260957717895508, 0.16315235197544098, 0.163749098777771, 0.16440077126026154, 0.16510842740535736, 0.1658732295036316, 0.1666964441537857, 0.16757947206497192, 0.16852378845214844, 0.16953101754188538, 0.170602947473526, 0.17174145579338074, 0.17294859886169434, 0.1742265671491623, 0.17557774484157562, 0.17700469493865967, 0.1785101443529129, 0.1800970733165741, 0.18176864087581635, 0.18352827429771423, 0.18537963926792145, 0.18732671439647675, 0.18937373161315918, 0.19152531027793884, 0.1937863677740097, 0.19616225361824036, 0.19865873456001282, 0.20128203928470612, 0.20403887331485748, 0.2069365382194519, 0.20998293161392212, 0.21318665146827698, 0.21655699610710144, 0.2201041281223297, 0.22383910417556763, 0.22480358183383942, 0.22101980447769165, 0.21742679178714752, 0.2140132337808609, 0.23711486160755157, 0.23364435136318207, 0.2303435057401657, 0.25244805216789246, 0.24912802875041962, 0.2459685504436493, 0.2672578692436218, 0.26411014795303345, 0.28485244512557983, 0.2817433774471283, 0.30201807618141174, 0.29897135496139526, 0.3188502788543701, 0.31588706374168396, 0.3354358673095703, 0.3325754702091217, 0.32986363768577576, 0.32729512453079224, 0.32486504316329956, 0.3225688636302948, 0.3204023540019989, 0.31836163997650146, 0.3164430558681488, 0.3146432638168335, 0.31295913457870483, 0.311387836933136, 0.3099266588687897, 0.30857324600219727, 0.3073253035545349, 0.30618083477020264, 0.3051379919052124, 0.3041950762271881, 0.3033505976200104, 0.30260324478149414, 0.3019517958164215, 0.3013952970504761, 0.3009328544139862, 0.3005637526512146, 0.3002873957157135, 0.30010342597961426, 0.3000114858150482, 0.3000114858150482, 0.30010342597961426, 0.3002873957157135, 0.3005637526512146, 0.3009328544139862, 0.3013952970504761, 0.3019517958164215, 0.30260324478149414, 0.3033505976200104, 0.3041950762271881, 0.3051379919052124, 0.30618083477020264, 0.3073253035545349, 0.30857324600219727, 0.3099266588687897, 0.311387836933136, 0.31295913457870483, 0.3146432638168335, 0.3164430558681488, 0.31836163997650146, 0.3204023540019989, 0.3225688636302948, 0.32486504316329956, 0.32729512453079224, 0.32986363768577576, 0.3325754702091217, 0.3354358673095703, 0.33845043182373047, 0.34162527322769165, 0.34496691823005676, 0.3484824001789093, 0.35217922925949097, 0.356065571308136, 0.36015018820762634, 0.3644425570964813, 0.36895284056663513, 0.37369203567504883, 0.3786720931529999, 0.3839058578014374, 0.3894072473049164, 0.3951914310455322, 0.40127483010292053, 0.40767523646354675, 0.41441214084625244, 0.42150673270225525, 0.4196983277797699, 0.4126952588558197, 0.4331139922142029, 0.42637330293655396, 0.4462137520313263, 0.4656071960926056, 0.45908746123313904, 0.4780448377132416, 0.49664685130119324, 0.4904056489467621, 0.5086892247200012, 0.5266945958137512, 0.544449508190155, 0.561980128288269, 0.5793113708496094, 0.5964668989181519, 0.6134691834449768, 0.6303397417068481, 0.6470993161201477, 0.685893177986145, 0.7023109793663025, 0.7404628992080688, 0.7566500902175903, 0.7943042516708374, 0.8316893577575684, 0.8688464760780334, 0.9268807768821716, 0.9845293760299683, 1.0418528318405151, 1.0989102125167847, 1.1763975620269775, 1.2741060256958008, 1.3713988065719604, 1.4887652397155762, 1.6260957717895508, 1.8035837411880493, 2.021031379699707, 2.298478841781616, 2.6558735370635986, 3.173386812210083, 3.8506476879119873, 3.8462204933166504, 3.8429794311523438, 3.840919017791748, 3.8400368690490723, 3.8403308391571045, 3.841801881790161, 3.844451904296875, 3.848285436630249, 3.8533079624176025, 3.859527349472046, 3.8669533729553223, 3.8755972385406494, 3.8854727745056152, 5.621650695800781, 5.639522075653076, 7.661434173583984, 7.690688133239746, 7.722540855407715, 7.757044315338135, 7.79425573348999, 7.834237098693848, 7.877056121826172, 7.922785758972168, 7.971505641937256, 8.023301124572754, 8.078265190124512, 8.136496543884277, 8.198102951049805, 8.263198852539062, 8.331911087036133, 8.404370307922363, 8.480722427368164, 8.56112003326416, 8.645730018615723, 8.734732627868652, 8.828317642211914, 8.926694869995117, 9.030085563659668, 9.138731956481934, 9.25289249420166, 9.372849464416504, 9.498905181884766, 9.631388664245605, 9.770654678344727, 9.917089462280273, 10.071111679077148, 10.151312828063965, 9.98763370513916, 9.803258895874023, 9.639867782592773, 9.48040771484375, 9.328948974609375, 9.185023307800293, 9.048199653625488, 8.918085098266602, 8.79431438446045, 8.676553726196289, 8.564494132995605, 8.457849502563477, 8.356356620788574, 8.259770393371582, 8.167864799499512, 8.080430030822754, 7.997270584106445, 7.918206214904785, 7.843068599700928, 7.771702289581299, 7.70396089553833, 7.639710903167725, 7.5788254737854, 7.521188259124756, 7.466691493988037, 7.415233135223389, 7.366720676422119, 7.321066856384277, 7.278190612792969, 7.23801851272583, 7.2004804611206055, 7.165513038635254, 7.133058547973633, 7.103062152862549, 7.075475692749023, 7.050253391265869, 7.027355194091797, 7.006744861602783, 6.988389492034912, 6.972259521484375, 6.958331108093262, 6.9465813636779785, 6.936992168426514, 6.929549694061279, 6.924241542816162, 6.921060085296631, 6.920000076293945]
intensities: [0.0, 0.0, 0.0, 0.0, 0.0, 0.0, 0.0, 0.0, 0.0, 0.0, 0.0, 0.0, 0.0, 0.0, 0.0, 0.0, 0.0, 0.0, 0.0, 0.0, 0.0, 0.0, 0.0, 0.0, 0.0, 0.0, 0.0, 0.0, 0.0, 0.0, 0.0, 0.0, 0.0, 0.0, 0.0, 0.0, 0.0, 0.0, 0.0, 0.0, 0.0, 0.0, 0.0, 0.0, 0.0, 0.0, 0.0, 0.0, 0.0, 0.0, 0.0, 0.0, 0.0, 0.0, 0.0, 0.0, 0.0, 0.0, 0.0, 0.0, 0.0, 0.0, 0.0, 0.0, 0.0, 0.0, 0.0, 0.0, 0.0, 0.0, 0.0, 0.0, 0.0, 0.0, 0.0, 0.0, 0.0, 0.0, 0.0, 0.0, 0.0, 0.0, 0.0, 0.0, 0.0, 0.0, 0.0, 0.0, 0.0, 0.0, 0.0, 0.0, 0.0, 0.0, 0.0, 0.0, 0.0, 0.0, 0.0, 0.0, 0.0, 0.0, 0.0, 0.0, 0.0, 0.0, 0.0, 0.0, 0.0, 0.0, 0.0, 0.0, 0.0, 0.0, 0.0, 0.0, 0.0, 0.0, 0.0, 0.0, 0.0, 0.0, 0.0, 0.0, 0.0, 0.0, 0.0, 0.0, 0.0, 0.0, 0.0, 0.0, 0.0, 0.0, 0.0, 0.0, 0.0, 0.0, 0.0, 0.0, 0.0, 0.0, 0.0, 0.0, 0.0, 0.0, 0.0, 0.0, 0.0, 0.0, 0.0, 0.0, 0.0, 0.0, 0.0, 0.0, 0.0, 0.0, 0.0, 0.0, 0.0, 0.0, 0.0, 0.0, 0.0, 0.0, 0.0, 0.0, 0.0, 0.0, 0.0, 0.0, 0.0, 0.0, 0.0, 0.0, 0.0, 0.0, 0.0, 0.0, 0.0, 0.0, 0.0, 0.0, 0.0, 0.0, 0.0, 0.0, 0.0, 0.0, 0.0, 0.0, 0.0, 0.0, 0.0, 0.0, 0.0, 0.0, 0.0, 0.0, 0.0, 0.0, 0.0, 0.0, 0.0, 0.0, 0.0, 0.0, 0.0, 0.0, 0.0, 0.0, 0.0, 0.0, 0.0, 0.0, 0.0, 0.0, 0.0, 0.0, 0.0, 0.0, 0.0, 0.0, 0.0, 0.0, 0.0, 0.0, 0.0, 0.0, 0.0, 0.0, 0.0, 0.0, 0.0, 0.0, 0.0, 0.0, 0.0, 0.0, 0.0, 0.0, 0.0, 0.0, 0.0, 0.0, 0.0, 0.0, 0.0, 0.0, 0.0, 0.0, 0.0, 0.0, 0.0, 0.0, 0.0, 0.0, 0.0, 0.0, 0.0, 0.0, 0.0, 0.0, 0.0, 0.0, 0.0, 0.0, 0.0, 0.0, 0.0, 0.0, 0.0, 0.0, 0.0, 0.0, 0.0, 0.0, 0.0, 0.0, 0.0, 0.0, 0.0, 0.0, 0.0, 0.0, 0.0, 0.0, 0.0, 0.0, 0.0, 0.0, 0.0, 0.0, 0.0, 0.0, 0.0, 0.0, 0.0, 0.0, 0.0, 0.0, 0.0, 0.0, 0.0, 0.0, 0.0, 0.0, 0.0, 0.0, 0.0, 0.0, 0.0, 0.0, 0.0, 0.0, 0.0, 0.0, 0.0, 0.0, 0.0, 0.0, 0.0, 0.0, 0.0, 0.0, 0.0, 0.0, 0.0, 0.0, 0.0, 0.0, 0.0, 0.0, 0.0, 0.0, 0.0, 0.0, 0.0, 0.0, 0.0, 0.0, 0.0, 0.0, 0.0, 0.0, 0.0, 0.0, 0.0, 0.0, 0.0, 0.0, 0.0, 0.0, 0.0, 0.0, 0.0, 0.0, 0.0, 0.0]
---
header: 
  seq: 1676
  stamp: 
    secs: 167
    nsecs: 700000000
  frame_id: "base_laser_link"
angle_min: -3.14159274101
angle_max: 3.14159274101
angle_increment: 0.0175019092858
time_increment: 0.0
scan_time: 0.0
range_min: 0.15000000596
range_max: 16.0
ranges: [6.920000076293945, 6.921060085296631, 6.924241542816162, 6.932357311248779, 6.937859535217285, 6.822030067443848, 5.882157325744629, 1.2292134761810303, 1.0906734466552734, 0.9517832398414612, 0.853031575679779, 0.7743052840232849, 0.7157272696495056, 0.6569306254386902, 0.6184732913970947, 0.5798681378364563, 0.5410765409469604, 0.5020591020584106, 0.4838103652000427, 0.4655013680458069, 0.4471130967140198, 0.4071948826313019, 0.4100206196308136, 0.39127570390701294, 0.37237003445625305, 0.3532814085483551, 0.333986759185791, 0.3369235098361969, 0.3173496127128601, 0.32038983702659607, 0.30047547817230225, 0.2802461087703705, 0.28327855467796326, 0.2864660322666168, 0.2656645178794861, 0.2688911557197571, 0.24752873182296753, 0.25076743960380554, 0.2541709244251251, 0.2319733053445816, 0.23535780608654022, 0.2389167845249176, 0.2156982570886612, 0.21920019388198853, 0.22288711369037628, 0.22578075528144836, 0.22194740176200867, 0.21830779314041138, 0.21485038101673126, 0.2115645706653595, 0.2084406316280365, 0.20546962320804596, 0.20264331996440887, 0.19995412230491638, 0.19739505648612976, 0.1949596107006073, 0.19264182448387146, 0.19043615460395813, 0.18833744525909424, 0.18634095788002014, 0.18444225192070007, 0.18263722956180573, 0.18092207610607147, 0.17929323017597198, 0.1777474284172058, 0.17628158628940582, 0.174892857670784, 0.17357859015464783, 0.17233631014823914, 0.17116375267505646, 0.17005878686904907, 0.1690194308757782, 0.16804386675357819, 0.16713039577007294, 0.1662774533033371, 0.16548360884189606, 0.16474753618240356, 0.16406801342964172, 0.163443922996521, 0.1628742814064026, 0.1623581349849701, 0.16189469397068024, 0.16148321330547333, 0.16112305223941803, 0.16081364452838898, 0.16055449843406677, 0.16034522652626038, 0.16018550097942352, 0.1600750833749771, 0.16001377999782562, 0.16000153124332428, 0.1600382924079895, 0.16012413799762726, 0.1602591872215271, 0.16044364869594574, 0.16067780554294586, 0.1609620302915573, 0.1612967550754547, 0.16168250143527985, 0.16211988031864166, 0.16260957717895508, 0.16315235197544098, 0.163749098777771, 0.16440077126026154, 0.16510842740535736, 0.1658732295036316, 0.1666964441537857, 0.16757947206497192, 0.16852378845214844, 0.16953101754188538, 0.170602947473526, 0.17174145579338074, 0.17294859886169434, 0.1742265671491623, 0.17557774484157562, 0.17700469493865967, 0.1785101443529129, 0.1800970733165741, 0.18176864087581635, 0.18352827429771423, 0.18537963926792145, 0.18732671439647675, 0.18937373161315918, 0.19152531027793884, 0.1937863677740097, 0.19616225361824036, 0.19865873456001282, 0.20128203928470612, 0.20403887331485748, 0.2069365382194519, 0.20998293161392212, 0.21318665146827698, 0.21655699610710144, 0.2201041281223297, 0.22383910417556763, 0.22480358183383942, 0.22101980447769165, 0.21742679178714752, 0.2140132337808609, 0.23711486160755157, 0.23364435136318207, 0.2303435057401657, 0.25244805216789246, 0.24912802875041962, 0.2459685504436493, 0.2672578692436218, 0.26411014795303345, 0.28485244512557983, 0.2817433774471283, 0.30201807618141174, 0.29897135496139526, 0.3188502788543701, 0.31588706374168396, 0.3354358673095703, 0.3325754702091217, 0.32986363768577576, 0.32729512453079224, 0.32486504316329956, 0.3225688636302948, 0.3204023540019989, 0.31836163997650146, 0.3164430558681488, 0.3146432638168335, 0.31295913457870483, 0.311387836933136, 0.3099266588687897, 0.30857324600219727, 0.3073253035545349, 0.30618083477020264, 0.3051379919052124, 0.3041950762271881, 0.3033505976200104, 0.30260324478149414, 0.3019517958164215, 0.3013952970504761, 0.3009328544139862, 0.3005637526512146, 0.3002873957157135, 0.30010342597961426, 0.3000114858150482, 0.3000114858150482, 0.30010342597961426, 0.3002873957157135, 0.3005637526512146, 0.3009328544139862, 0.3013952970504761, 0.3019517958164215, 0.30260324478149414, 0.3033505976200104, 0.3041950762271881, 0.3051379919052124, 0.30618083477020264, 0.3073253035545349, 0.30857324600219727, 0.3099266588687897, 0.311387836933136, 0.31295913457870483, 0.3146432638168335, 0.3164430558681488, 0.31836163997650146, 0.3204023540019989, 0.3225688636302948, 0.32486504316329956, 0.32729512453079224, 0.32986363768577576, 0.3325754702091217, 0.3354358673095703, 0.33845043182373047, 0.34162527322769165, 0.34496691823005676, 0.3484824001789093, 0.35217922925949097, 0.356065571308136, 0.36015018820762634, 0.3644425570964813, 0.36895284056663513, 0.37369203567504883, 0.3786720931529999, 0.3839058578014374, 0.3894072473049164, 0.3951914310455322, 0.40127483010292053, 0.40767523646354675, 0.41441214084625244, 0.42150673270225525, 0.4196983277797699, 0.4126952588558197, 0.4331139922142029, 0.42637330293655396, 0.4462137520313263, 0.4656071960926056, 0.45908746123313904, 0.4780448377132416, 0.49664685130119324, 0.4904056489467621, 0.5086892247200012, 0.5266945958137512, 0.544449508190155, 0.561980128288269, 0.5793113708496094, 0.5964668989181519, 0.6134691834449768, 0.6303397417068481, 0.6470993161201477, 0.685893177986145, 0.7023109793663025, 0.7404628992080688, 0.7566500902175903, 0.7943042516708374, 0.8316893577575684, 0.8688464760780334, 0.9268807768821716, 0.9845293760299683, 1.0418528318405151, 1.0989102125167847, 1.1763975620269775, 1.2741060256958008, 1.3713988065719604, 1.4887652397155762, 1.6260957717895508, 1.8035837411880493, 2.021031379699707, 2.298478841781616, 2.6558735370635986, 3.173386812210083, 3.8506476879119873, 3.8462204933166504, 3.8429794311523438, 3.840919017791748, 3.8400368690490723, 3.8403308391571045, 3.841801881790161, 3.844451904296875, 3.848285436630249, 3.8533079624176025, 3.859527349472046, 3.8669533729553223, 3.8755972385406494, 3.8854727745056152, 5.621650695800781, 5.639522075653076, 7.661434173583984, 7.690688133239746, 7.722540855407715, 7.757044315338135, 7.79425573348999, 7.834237098693848, 7.877056121826172, 7.922785758972168, 7.971505641937256, 8.023301124572754, 8.078265190124512, 8.136496543884277, 8.198102951049805, 8.263198852539062, 8.331911087036133, 8.404370307922363, 8.480722427368164, 8.56112003326416, 8.645730018615723, 8.734732627868652, 8.828317642211914, 8.926694869995117, 9.030085563659668, 9.138731956481934, 9.25289249420166, 9.372849464416504, 9.498905181884766, 9.631388664245605, 9.770654678344727, 9.917089462280273, 10.071111679077148, 10.151312828063965, 9.98763370513916, 9.803258895874023, 9.639867782592773, 9.48040771484375, 9.328948974609375, 9.185023307800293, 9.048199653625488, 8.918085098266602, 8.79431438446045, 8.676553726196289, 8.564494132995605, 8.457849502563477, 8.356356620788574, 8.259770393371582, 8.167864799499512, 8.080430030822754, 7.997270584106445, 7.918206214904785, 7.843068599700928, 7.771702289581299, 7.70396089553833, 7.639710903167725, 7.5788254737854, 7.521188259124756, 7.466691493988037, 7.415233135223389, 7.366720676422119, 7.321066856384277, 7.278190612792969, 7.23801851272583, 7.2004804611206055, 7.165513038635254, 7.133058547973633, 7.103062152862549, 7.075475692749023, 7.050253391265869, 7.027355194091797, 7.006744861602783, 6.988389492034912, 6.972259521484375, 6.958331108093262, 6.9465813636779785, 6.936992168426514, 6.929549694061279, 6.924241542816162, 6.921060085296631, 6.920000076293945]
intensities: [0.0, 0.0, 0.0, 0.0, 0.0, 0.0, 0.0, 0.0, 0.0, 0.0, 0.0, 0.0, 0.0, 0.0, 0.0, 0.0, 0.0, 0.0, 0.0, 0.0, 0.0, 0.0, 0.0, 0.0, 0.0, 0.0, 0.0, 0.0, 0.0, 0.0, 0.0, 0.0, 0.0, 0.0, 0.0, 0.0, 0.0, 0.0, 0.0, 0.0, 0.0, 0.0, 0.0, 0.0, 0.0, 0.0, 0.0, 0.0, 0.0, 0.0, 0.0, 0.0, 0.0, 0.0, 0.0, 0.0, 0.0, 0.0, 0.0, 0.0, 0.0, 0.0, 0.0, 0.0, 0.0, 0.0, 0.0, 0.0, 0.0, 0.0, 0.0, 0.0, 0.0, 0.0, 0.0, 0.0, 0.0, 0.0, 0.0, 0.0, 0.0, 0.0, 0.0, 0.0, 0.0, 0.0, 0.0, 0.0, 0.0, 0.0, 0.0, 0.0, 0.0, 0.0, 0.0, 0.0, 0.0, 0.0, 0.0, 0.0, 0.0, 0.0, 0.0, 0.0, 0.0, 0.0, 0.0, 0.0, 0.0, 0.0, 0.0, 0.0, 0.0, 0.0, 0.0, 0.0, 0.0, 0.0, 0.0, 0.0, 0.0, 0.0, 0.0, 0.0, 0.0, 0.0, 0.0, 0.0, 0.0, 0.0, 0.0, 0.0, 0.0, 0.0, 0.0, 0.0, 0.0, 0.0, 0.0, 0.0, 0.0, 0.0, 0.0, 0.0, 0.0, 0.0, 0.0, 0.0, 0.0, 0.0, 0.0, 0.0, 0.0, 0.0, 0.0, 0.0, 0.0, 0.0, 0.0, 0.0, 0.0, 0.0, 0.0, 0.0, 0.0, 0.0, 0.0, 0.0, 0.0, 0.0, 0.0, 0.0, 0.0, 0.0, 0.0, 0.0, 0.0, 0.0, 0.0, 0.0, 0.0, 0.0, 0.0, 0.0, 0.0, 0.0, 0.0, 0.0, 0.0, 0.0, 0.0, 0.0, 0.0, 0.0, 0.0, 0.0, 0.0, 0.0, 0.0, 0.0, 0.0, 0.0, 0.0, 0.0, 0.0, 0.0, 0.0, 0.0, 0.0, 0.0, 0.0, 0.0, 0.0, 0.0, 0.0, 0.0, 0.0, 0.0, 0.0, 0.0, 0.0, 0.0, 0.0, 0.0, 0.0, 0.0, 0.0, 0.0, 0.0, 0.0, 0.0, 0.0, 0.0, 0.0, 0.0, 0.0, 0.0, 0.0, 0.0, 0.0, 0.0, 0.0, 0.0, 0.0, 0.0, 0.0, 0.0, 0.0, 0.0, 0.0, 0.0, 0.0, 0.0, 0.0, 0.0, 0.0, 0.0, 0.0, 0.0, 0.0, 0.0, 0.0, 0.0, 0.0, 0.0, 0.0, 0.0, 0.0, 0.0, 0.0, 0.0, 0.0, 0.0, 0.0, 0.0, 0.0, 0.0, 0.0, 0.0, 0.0, 0.0, 0.0, 0.0, 0.0, 0.0, 0.0, 0.0, 0.0, 0.0, 0.0, 0.0, 0.0, 0.0, 0.0, 0.0, 0.0, 0.0, 0.0, 0.0, 0.0, 0.0, 0.0, 0.0, 0.0, 0.0, 0.0, 0.0, 0.0, 0.0, 0.0, 0.0, 0.0, 0.0, 0.0, 0.0, 0.0, 0.0, 0.0, 0.0, 0.0, 0.0, 0.0, 0.0, 0.0, 0.0, 0.0, 0.0, 0.0, 0.0, 0.0, 0.0, 0.0, 0.0, 0.0, 0.0, 0.0, 0.0, 0.0, 0.0, 0.0, 0.0, 0.0, 0.0, 0.0, 0.0, 0.0, 0.0, 0.0, 0.0, 0.0, 0.0, 0.0, 0.0, 0.0, 0.0, 0.0, 0.0, 0.0, 0.0, 0.0]
---
header: 
  seq: 1677
  stamp: 
    secs: 167
    nsecs: 800000000
  frame_id: "base_laser_link"
angle_min: -3.14159274101
angle_max: 3.14159274101
angle_increment: 0.0175019092858
time_increment: 0.0
scan_time: 0.0
range_min: 0.15000000596
range_max: 16.0
ranges: [6.920000076293945, 6.921060085296631, 6.924241542816162, 6.932357311248779, 6.937859535217285, 6.822030067443848, 5.882157325744629, 1.2292134761810303, 1.0906734466552734, 0.9517832398414612, 0.853031575679779, 0.7743052840232849, 0.7157272696495056, 0.6569306254386902, 0.6184732913970947, 0.5798681378364563, 0.5410765409469604, 0.5020591020584106, 0.4838103652000427, 0.4655013680458069, 0.4471130967140198, 0.4071948826313019, 0.4100206196308136, 0.39127570390701294, 0.37237003445625305, 0.3532814085483551, 0.333986759185791, 0.3369235098361969, 0.3173496127128601, 0.32038983702659607, 0.30047547817230225, 0.2802461087703705, 0.28327855467796326, 0.2864660322666168, 0.2656645178794861, 0.2688911557197571, 0.24752873182296753, 0.25076743960380554, 0.2541709244251251, 0.2319733053445816, 0.23535780608654022, 0.2389167845249176, 0.2156982570886612, 0.21920019388198853, 0.22288711369037628, 0.22578075528144836, 0.22194740176200867, 0.21830779314041138, 0.21485038101673126, 0.2115645706653595, 0.2084406316280365, 0.20546962320804596, 0.20264331996440887, 0.19995412230491638, 0.19739505648612976, 0.1949596107006073, 0.19264182448387146, 0.19043615460395813, 0.18833744525909424, 0.18634095788002014, 0.18444225192070007, 0.18263722956180573, 0.18092207610607147, 0.17929323017597198, 0.1777474284172058, 0.17628158628940582, 0.174892857670784, 0.17357859015464783, 0.17233631014823914, 0.17116375267505646, 0.17005878686904907, 0.1690194308757782, 0.16804386675357819, 0.16713039577007294, 0.1662774533033371, 0.16548360884189606, 0.16474753618240356, 0.16406801342964172, 0.163443922996521, 0.1628742814064026, 0.1623581349849701, 0.16189469397068024, 0.16148321330547333, 0.16112305223941803, 0.16081364452838898, 0.16055449843406677, 0.16034522652626038, 0.16018550097942352, 0.1600750833749771, 0.16001377999782562, 0.16000153124332428, 0.1600382924079895, 0.16012413799762726, 0.1602591872215271, 0.16044364869594574, 0.16067780554294586, 0.1609620302915573, 0.1612967550754547, 0.16168250143527985, 0.16211988031864166, 0.16260957717895508, 0.16315235197544098, 0.163749098777771, 0.16440077126026154, 0.16510842740535736, 0.1658732295036316, 0.1666964441537857, 0.16757947206497192, 0.16852378845214844, 0.16953101754188538, 0.170602947473526, 0.17174145579338074, 0.17294859886169434, 0.1742265671491623, 0.17557774484157562, 0.17700469493865967, 0.1785101443529129, 0.1800970733165741, 0.18176864087581635, 0.18352827429771423, 0.18537963926792145, 0.18732671439647675, 0.18937373161315918, 0.19152531027793884, 0.1937863677740097, 0.19616225361824036, 0.19865873456001282, 0.20128203928470612, 0.20403887331485748, 0.2069365382194519, 0.20998293161392212, 0.21318665146827698, 0.21655699610710144, 0.2201041281223297, 0.22383910417556763, 0.22480358183383942, 0.22101980447769165, 0.21742679178714752, 0.2140132337808609, 0.23711486160755157, 0.23364435136318207, 0.2303435057401657, 0.25244805216789246, 0.24912802875041962, 0.2459685504436493, 0.2672578692436218, 0.26411014795303345, 0.28485244512557983, 0.2817433774471283, 0.30201807618141174, 0.29897135496139526, 0.3188502788543701, 0.31588706374168396, 0.3354358673095703, 0.3325754702091217, 0.32986363768577576, 0.32729512453079224, 0.32486504316329956, 0.3225688636302948, 0.3204023540019989, 0.31836163997650146, 0.3164430558681488, 0.3146432638168335, 0.31295913457870483, 0.311387836933136, 0.3099266588687897, 0.30857324600219727, 0.3073253035545349, 0.30618083477020264, 0.3051379919052124, 0.3041950762271881, 0.3033505976200104, 0.30260324478149414, 0.3019517958164215, 0.3013952970504761, 0.3009328544139862, 0.3005637526512146, 0.3002873957157135, 0.30010342597961426, 0.3000114858150482, 0.3000114858150482, 0.30010342597961426, 0.3002873957157135, 0.3005637526512146, 0.3009328544139862, 0.3013952970504761, 0.3019517958164215, 0.30260324478149414, 0.3033505976200104, 0.3041950762271881, 0.3051379919052124, 0.30618083477020264, 0.3073253035545349, 0.30857324600219727, 0.3099266588687897, 0.311387836933136, 0.31295913457870483, 0.3146432638168335, 0.3164430558681488, 0.31836163997650146, 0.3204023540019989, 0.3225688636302948, 0.32486504316329956, 0.32729512453079224, 0.32986363768577576, 0.3325754702091217, 0.3354358673095703, 0.33845043182373047, 0.34162527322769165, 0.34496691823005676, 0.3484824001789093, 0.35217922925949097, 0.356065571308136, 0.36015018820762634, 0.3644425570964813, 0.36895284056663513, 0.37369203567504883, 0.3786720931529999, 0.3839058578014374, 0.3894072473049164, 0.3951914310455322, 0.40127483010292053, 0.40767523646354675, 0.41441214084625244, 0.42150673270225525, 0.4196983277797699, 0.4126952588558197, 0.4331139922142029, 0.42637330293655396, 0.4462137520313263, 0.4656071960926056, 0.45908746123313904, 0.4780448377132416, 0.49664685130119324, 0.4904056489467621, 0.5086892247200012, 0.5266945958137512, 0.544449508190155, 0.561980128288269, 0.5793113708496094, 0.5964668989181519, 0.6134691834449768, 0.6303397417068481, 0.6470993161201477, 0.685893177986145, 0.7023109793663025, 0.7404628992080688, 0.7566500902175903, 0.7943042516708374, 0.8316893577575684, 0.8688464760780334, 0.9268807768821716, 0.9845293760299683, 1.0418528318405151, 1.0989102125167847, 1.1763975620269775, 1.2741060256958008, 1.3713988065719604, 1.4887652397155762, 1.6260957717895508, 1.8035837411880493, 2.021031379699707, 2.298478841781616, 2.6558735370635986, 3.173386812210083, 3.8506476879119873, 3.8462204933166504, 3.8429794311523438, 3.840919017791748, 3.8400368690490723, 3.8403308391571045, 3.841801881790161, 3.844451904296875, 3.848285436630249, 3.8533079624176025, 3.859527349472046, 3.8669533729553223, 3.8755972385406494, 3.8854727745056152, 5.621650695800781, 5.639522075653076, 7.661434173583984, 7.690688133239746, 7.722540855407715, 7.757044315338135, 7.79425573348999, 7.834237098693848, 7.877056121826172, 7.922785758972168, 7.971505641937256, 8.023301124572754, 8.078265190124512, 8.136496543884277, 8.198102951049805, 8.263198852539062, 8.331911087036133, 8.404370307922363, 8.480722427368164, 8.56112003326416, 8.645730018615723, 8.734732627868652, 8.828317642211914, 8.926694869995117, 9.030085563659668, 9.138731956481934, 9.25289249420166, 9.372849464416504, 9.498905181884766, 9.631388664245605, 9.770654678344727, 9.917089462280273, 10.071111679077148, 10.151312828063965, 9.98763370513916, 9.803258895874023, 9.639867782592773, 9.48040771484375, 9.328948974609375, 9.185023307800293, 9.048199653625488, 8.918085098266602, 8.79431438446045, 8.676553726196289, 8.564494132995605, 8.457849502563477, 8.356356620788574, 8.259770393371582, 8.167864799499512, 8.080430030822754, 7.997270584106445, 7.918206214904785, 7.843068599700928, 7.771702289581299, 7.70396089553833, 7.639710903167725, 7.5788254737854, 7.521188259124756, 7.466691493988037, 7.415233135223389, 7.366720676422119, 7.321066856384277, 7.278190612792969, 7.23801851272583, 7.2004804611206055, 7.165513038635254, 7.133058547973633, 7.103062152862549, 7.075475692749023, 7.050253391265869, 7.027355194091797, 7.006744861602783, 6.988389492034912, 6.972259521484375, 6.958331108093262, 6.9465813636779785, 6.936992168426514, 6.929549694061279, 6.924241542816162, 6.921060085296631, 6.920000076293945]
intensities: [0.0, 0.0, 0.0, 0.0, 0.0, 0.0, 0.0, 0.0, 0.0, 0.0, 0.0, 0.0, 0.0, 0.0, 0.0, 0.0, 0.0, 0.0, 0.0, 0.0, 0.0, 0.0, 0.0, 0.0, 0.0, 0.0, 0.0, 0.0, 0.0, 0.0, 0.0, 0.0, 0.0, 0.0, 0.0, 0.0, 0.0, 0.0, 0.0, 0.0, 0.0, 0.0, 0.0, 0.0, 0.0, 0.0, 0.0, 0.0, 0.0, 0.0, 0.0, 0.0, 0.0, 0.0, 0.0, 0.0, 0.0, 0.0, 0.0, 0.0, 0.0, 0.0, 0.0, 0.0, 0.0, 0.0, 0.0, 0.0, 0.0, 0.0, 0.0, 0.0, 0.0, 0.0, 0.0, 0.0, 0.0, 0.0, 0.0, 0.0, 0.0, 0.0, 0.0, 0.0, 0.0, 0.0, 0.0, 0.0, 0.0, 0.0, 0.0, 0.0, 0.0, 0.0, 0.0, 0.0, 0.0, 0.0, 0.0, 0.0, 0.0, 0.0, 0.0, 0.0, 0.0, 0.0, 0.0, 0.0, 0.0, 0.0, 0.0, 0.0, 0.0, 0.0, 0.0, 0.0, 0.0, 0.0, 0.0, 0.0, 0.0, 0.0, 0.0, 0.0, 0.0, 0.0, 0.0, 0.0, 0.0, 0.0, 0.0, 0.0, 0.0, 0.0, 0.0, 0.0, 0.0, 0.0, 0.0, 0.0, 0.0, 0.0, 0.0, 0.0, 0.0, 0.0, 0.0, 0.0, 0.0, 0.0, 0.0, 0.0, 0.0, 0.0, 0.0, 0.0, 0.0, 0.0, 0.0, 0.0, 0.0, 0.0, 0.0, 0.0, 0.0, 0.0, 0.0, 0.0, 0.0, 0.0, 0.0, 0.0, 0.0, 0.0, 0.0, 0.0, 0.0, 0.0, 0.0, 0.0, 0.0, 0.0, 0.0, 0.0, 0.0, 0.0, 0.0, 0.0, 0.0, 0.0, 0.0, 0.0, 0.0, 0.0, 0.0, 0.0, 0.0, 0.0, 0.0, 0.0, 0.0, 0.0, 0.0, 0.0, 0.0, 0.0, 0.0, 0.0, 0.0, 0.0, 0.0, 0.0, 0.0, 0.0, 0.0, 0.0, 0.0, 0.0, 0.0, 0.0, 0.0, 0.0, 0.0, 0.0, 0.0, 0.0, 0.0, 0.0, 0.0, 0.0, 0.0, 0.0, 0.0, 0.0, 0.0, 0.0, 0.0, 0.0, 0.0, 0.0, 0.0, 0.0, 0.0, 0.0, 0.0, 0.0, 0.0, 0.0, 0.0, 0.0, 0.0, 0.0, 0.0, 0.0, 0.0, 0.0, 0.0, 0.0, 0.0, 0.0, 0.0, 0.0, 0.0, 0.0, 0.0, 0.0, 0.0, 0.0, 0.0, 0.0, 0.0, 0.0, 0.0, 0.0, 0.0, 0.0, 0.0, 0.0, 0.0, 0.0, 0.0, 0.0, 0.0, 0.0, 0.0, 0.0, 0.0, 0.0, 0.0, 0.0, 0.0, 0.0, 0.0, 0.0, 0.0, 0.0, 0.0, 0.0, 0.0, 0.0, 0.0, 0.0, 0.0, 0.0, 0.0, 0.0, 0.0, 0.0, 0.0, 0.0, 0.0, 0.0, 0.0, 0.0, 0.0, 0.0, 0.0, 0.0, 0.0, 0.0, 0.0, 0.0, 0.0, 0.0, 0.0, 0.0, 0.0, 0.0, 0.0, 0.0, 0.0, 0.0, 0.0, 0.0, 0.0, 0.0, 0.0, 0.0, 0.0, 0.0, 0.0, 0.0, 0.0, 0.0, 0.0, 0.0, 0.0, 0.0, 0.0, 0.0, 0.0, 0.0, 0.0, 0.0, 0.0, 0.0, 0.0, 0.0, 0.0, 0.0]
---
header: 
  seq: 1678
  stamp: 
    secs: 167
    nsecs: 900000000
  frame_id: "base_laser_link"
angle_min: -3.14159274101
angle_max: 3.14159274101
angle_increment: 0.0175019092858
time_increment: 0.0
scan_time: 0.0
range_min: 0.15000000596
range_max: 16.0
ranges: [6.920000076293945, 6.921060085296631, 6.924241542816162, 6.932357311248779, 6.937859535217285, 6.822030067443848, 5.882157325744629, 1.2292134761810303, 1.0906734466552734, 0.9517832398414612, 0.853031575679779, 0.7743052840232849, 0.7157272696495056, 0.6569306254386902, 0.6184732913970947, 0.5798681378364563, 0.5410765409469604, 0.5020591020584106, 0.4838103652000427, 0.4655013680458069, 0.4471130967140198, 0.4071948826313019, 0.4100206196308136, 0.39127570390701294, 0.37237003445625305, 0.3532814085483551, 0.333986759185791, 0.3369235098361969, 0.3173496127128601, 0.32038983702659607, 0.30047547817230225, 0.2802461087703705, 0.28327855467796326, 0.2864660322666168, 0.2656645178794861, 0.2688911557197571, 0.24752873182296753, 0.25076743960380554, 0.2541709244251251, 0.2319733053445816, 0.23535780608654022, 0.2389167845249176, 0.2156982570886612, 0.21920019388198853, 0.22288711369037628, 0.22578075528144836, 0.22194740176200867, 0.21830779314041138, 0.21485038101673126, 0.2115645706653595, 0.2084406316280365, 0.20546962320804596, 0.20264331996440887, 0.19995412230491638, 0.19739505648612976, 0.1949596107006073, 0.19264182448387146, 0.19043615460395813, 0.18833744525909424, 0.18634095788002014, 0.18444225192070007, 0.18263722956180573, 0.18092207610607147, 0.17929323017597198, 0.1777474284172058, 0.17628158628940582, 0.174892857670784, 0.17357859015464783, 0.17233631014823914, 0.17116375267505646, 0.17005878686904907, 0.1690194308757782, 0.16804386675357819, 0.16713039577007294, 0.1662774533033371, 0.16548360884189606, 0.16474753618240356, 0.16406801342964172, 0.163443922996521, 0.1628742814064026, 0.1623581349849701, 0.16189469397068024, 0.16148321330547333, 0.16112305223941803, 0.16081364452838898, 0.16055449843406677, 0.16034522652626038, 0.16018550097942352, 0.1600750833749771, 0.16001377999782562, 0.16000153124332428, 0.1600382924079895, 0.16012413799762726, 0.1602591872215271, 0.16044364869594574, 0.16067780554294586, 0.1609620302915573, 0.1612967550754547, 0.16168250143527985, 0.16211988031864166, 0.16260957717895508, 0.16315235197544098, 0.163749098777771, 0.16440077126026154, 0.16510842740535736, 0.1658732295036316, 0.1666964441537857, 0.16757947206497192, 0.16852378845214844, 0.16953101754188538, 0.170602947473526, 0.17174145579338074, 0.17294859886169434, 0.1742265671491623, 0.17557774484157562, 0.17700469493865967, 0.1785101443529129, 0.1800970733165741, 0.18176864087581635, 0.18352827429771423, 0.18537963926792145, 0.18732671439647675, 0.18937373161315918, 0.19152531027793884, 0.1937863677740097, 0.19616225361824036, 0.19865873456001282, 0.20128203928470612, 0.20403887331485748, 0.2069365382194519, 0.20998293161392212, 0.21318665146827698, 0.21655699610710144, 0.2201041281223297, 0.22383910417556763, 0.22480358183383942, 0.22101980447769165, 0.21742679178714752, 0.2140132337808609, 0.23711486160755157, 0.23364435136318207, 0.2303435057401657, 0.25244805216789246, 0.24912802875041962, 0.2459685504436493, 0.2672578692436218, 0.26411014795303345, 0.28485244512557983, 0.2817433774471283, 0.30201807618141174, 0.29897135496139526, 0.3188502788543701, 0.31588706374168396, 0.3354358673095703, 0.3325754702091217, 0.32986363768577576, 0.32729512453079224, 0.32486504316329956, 0.3225688636302948, 0.3204023540019989, 0.31836163997650146, 0.3164430558681488, 0.3146432638168335, 0.31295913457870483, 0.311387836933136, 0.3099266588687897, 0.30857324600219727, 0.3073253035545349, 0.30618083477020264, 0.3051379919052124, 0.3041950762271881, 0.3033505976200104, 0.30260324478149414, 0.3019517958164215, 0.3013952970504761, 0.3009328544139862, 0.3005637526512146, 0.3002873957157135, 0.30010342597961426, 0.3000114858150482, 0.3000114858150482, 0.30010342597961426, 0.3002873957157135, 0.3005637526512146, 0.3009328544139862, 0.3013952970504761, 0.3019517958164215, 0.30260324478149414, 0.3033505976200104, 0.3041950762271881, 0.3051379919052124, 0.30618083477020264, 0.3073253035545349, 0.30857324600219727, 0.3099266588687897, 0.311387836933136, 0.31295913457870483, 0.3146432638168335, 0.3164430558681488, 0.31836163997650146, 0.3204023540019989, 0.3225688636302948, 0.32486504316329956, 0.32729512453079224, 0.32986363768577576, 0.3325754702091217, 0.3354358673095703, 0.33845043182373047, 0.34162527322769165, 0.34496691823005676, 0.3484824001789093, 0.35217922925949097, 0.356065571308136, 0.36015018820762634, 0.3644425570964813, 0.36895284056663513, 0.37369203567504883, 0.3786720931529999, 0.3839058578014374, 0.3894072473049164, 0.3951914310455322, 0.40127483010292053, 0.40767523646354675, 0.41441214084625244, 0.42150673270225525, 0.4196983277797699, 0.4126952588558197, 0.4331139922142029, 0.42637330293655396, 0.4462137520313263, 0.4656071960926056, 0.45908746123313904, 0.4780448377132416, 0.49664685130119324, 0.4904056489467621, 0.5086892247200012, 0.5266945958137512, 0.544449508190155, 0.561980128288269, 0.5793113708496094, 0.5964668989181519, 0.6134691834449768, 0.6303397417068481, 0.6470993161201477, 0.685893177986145, 0.7023109793663025, 0.7404628992080688, 0.7566500902175903, 0.7943042516708374, 0.8316893577575684, 0.8688464760780334, 0.9268807768821716, 0.9845293760299683, 1.0418528318405151, 1.0989102125167847, 1.1763975620269775, 1.2741060256958008, 1.3713988065719604, 1.4887652397155762, 1.6260957717895508, 1.8035837411880493, 2.021031379699707, 2.298478841781616, 2.6558735370635986, 3.173386812210083, 3.8506476879119873, 3.8462204933166504, 3.8429794311523438, 3.840919017791748, 3.8400368690490723, 3.8403308391571045, 3.841801881790161, 3.844451904296875, 3.848285436630249, 3.8533079624176025, 3.859527349472046, 3.8669533729553223, 3.8755972385406494, 3.8854727745056152, 5.621650695800781, 5.639522075653076, 7.661434173583984, 7.690688133239746, 7.722540855407715, 7.757044315338135, 7.79425573348999, 7.834237098693848, 7.877056121826172, 7.922785758972168, 7.971505641937256, 8.023301124572754, 8.078265190124512, 8.136496543884277, 8.198102951049805, 8.263198852539062, 8.331911087036133, 8.404370307922363, 8.480722427368164, 8.56112003326416, 8.645730018615723, 8.734732627868652, 8.828317642211914, 8.926694869995117, 9.030085563659668, 9.138731956481934, 9.25289249420166, 9.372849464416504, 9.498905181884766, 9.631388664245605, 9.770654678344727, 9.917089462280273, 10.071111679077148, 10.151312828063965, 9.98763370513916, 9.803258895874023, 9.639867782592773, 9.48040771484375, 9.328948974609375, 9.185023307800293, 9.048199653625488, 8.918085098266602, 8.79431438446045, 8.676553726196289, 8.564494132995605, 8.457849502563477, 8.356356620788574, 8.259770393371582, 8.167864799499512, 8.080430030822754, 7.997270584106445, 7.918206214904785, 7.843068599700928, 7.771702289581299, 7.70396089553833, 7.639710903167725, 7.5788254737854, 7.521188259124756, 7.466691493988037, 7.415233135223389, 7.366720676422119, 7.321066856384277, 7.278190612792969, 7.23801851272583, 7.2004804611206055, 7.165513038635254, 7.133058547973633, 7.103062152862549, 7.075475692749023, 7.050253391265869, 7.027355194091797, 7.006744861602783, 6.988389492034912, 6.972259521484375, 6.958331108093262, 6.9465813636779785, 6.936992168426514, 6.929549694061279, 6.924241542816162, 6.921060085296631, 6.920000076293945]
intensities: [0.0, 0.0, 0.0, 0.0, 0.0, 0.0, 0.0, 0.0, 0.0, 0.0, 0.0, 0.0, 0.0, 0.0, 0.0, 0.0, 0.0, 0.0, 0.0, 0.0, 0.0, 0.0, 0.0, 0.0, 0.0, 0.0, 0.0, 0.0, 0.0, 0.0, 0.0, 0.0, 0.0, 0.0, 0.0, 0.0, 0.0, 0.0, 0.0, 0.0, 0.0, 0.0, 0.0, 0.0, 0.0, 0.0, 0.0, 0.0, 0.0, 0.0, 0.0, 0.0, 0.0, 0.0, 0.0, 0.0, 0.0, 0.0, 0.0, 0.0, 0.0, 0.0, 0.0, 0.0, 0.0, 0.0, 0.0, 0.0, 0.0, 0.0, 0.0, 0.0, 0.0, 0.0, 0.0, 0.0, 0.0, 0.0, 0.0, 0.0, 0.0, 0.0, 0.0, 0.0, 0.0, 0.0, 0.0, 0.0, 0.0, 0.0, 0.0, 0.0, 0.0, 0.0, 0.0, 0.0, 0.0, 0.0, 0.0, 0.0, 0.0, 0.0, 0.0, 0.0, 0.0, 0.0, 0.0, 0.0, 0.0, 0.0, 0.0, 0.0, 0.0, 0.0, 0.0, 0.0, 0.0, 0.0, 0.0, 0.0, 0.0, 0.0, 0.0, 0.0, 0.0, 0.0, 0.0, 0.0, 0.0, 0.0, 0.0, 0.0, 0.0, 0.0, 0.0, 0.0, 0.0, 0.0, 0.0, 0.0, 0.0, 0.0, 0.0, 0.0, 0.0, 0.0, 0.0, 0.0, 0.0, 0.0, 0.0, 0.0, 0.0, 0.0, 0.0, 0.0, 0.0, 0.0, 0.0, 0.0, 0.0, 0.0, 0.0, 0.0, 0.0, 0.0, 0.0, 0.0, 0.0, 0.0, 0.0, 0.0, 0.0, 0.0, 0.0, 0.0, 0.0, 0.0, 0.0, 0.0, 0.0, 0.0, 0.0, 0.0, 0.0, 0.0, 0.0, 0.0, 0.0, 0.0, 0.0, 0.0, 0.0, 0.0, 0.0, 0.0, 0.0, 0.0, 0.0, 0.0, 0.0, 0.0, 0.0, 0.0, 0.0, 0.0, 0.0, 0.0, 0.0, 0.0, 0.0, 0.0, 0.0, 0.0, 0.0, 0.0, 0.0, 0.0, 0.0, 0.0, 0.0, 0.0, 0.0, 0.0, 0.0, 0.0, 0.0, 0.0, 0.0, 0.0, 0.0, 0.0, 0.0, 0.0, 0.0, 0.0, 0.0, 0.0, 0.0, 0.0, 0.0, 0.0, 0.0, 0.0, 0.0, 0.0, 0.0, 0.0, 0.0, 0.0, 0.0, 0.0, 0.0, 0.0, 0.0, 0.0, 0.0, 0.0, 0.0, 0.0, 0.0, 0.0, 0.0, 0.0, 0.0, 0.0, 0.0, 0.0, 0.0, 0.0, 0.0, 0.0, 0.0, 0.0, 0.0, 0.0, 0.0, 0.0, 0.0, 0.0, 0.0, 0.0, 0.0, 0.0, 0.0, 0.0, 0.0, 0.0, 0.0, 0.0, 0.0, 0.0, 0.0, 0.0, 0.0, 0.0, 0.0, 0.0, 0.0, 0.0, 0.0, 0.0, 0.0, 0.0, 0.0, 0.0, 0.0, 0.0, 0.0, 0.0, 0.0, 0.0, 0.0, 0.0, 0.0, 0.0, 0.0, 0.0, 0.0, 0.0, 0.0, 0.0, 0.0, 0.0, 0.0, 0.0, 0.0, 0.0, 0.0, 0.0, 0.0, 0.0, 0.0, 0.0, 0.0, 0.0, 0.0, 0.0, 0.0, 0.0, 0.0, 0.0, 0.0, 0.0, 0.0, 0.0, 0.0, 0.0, 0.0, 0.0, 0.0, 0.0, 0.0, 0.0, 0.0, 0.0, 0.0, 0.0, 0.0, 0.0]
---
header: 
  seq: 1679
  stamp: 
    secs: 168
    nsecs:         0
  frame_id: "base_laser_link"
angle_min: -3.14159274101
angle_max: 3.14159274101
angle_increment: 0.0175019092858
time_increment: 0.0
scan_time: 0.0
range_min: 0.15000000596
range_max: 16.0
ranges: [6.920000076293945, 6.921060085296631, 6.924241542816162, 6.932357311248779, 6.937859535217285, 6.822030067443848, 5.882157325744629, 1.2292134761810303, 1.0906734466552734, 0.9517832398414612, 0.853031575679779, 0.7743052840232849, 0.7157272696495056, 0.6569306254386902, 0.6184732913970947, 0.5798681378364563, 0.5410765409469604, 0.5020591020584106, 0.4838103652000427, 0.4655013680458069, 0.4471130967140198, 0.4071948826313019, 0.4100206196308136, 0.39127570390701294, 0.37237003445625305, 0.3532814085483551, 0.333986759185791, 0.3369235098361969, 0.3173496127128601, 0.32038983702659607, 0.30047547817230225, 0.2802461087703705, 0.28327855467796326, 0.2864660322666168, 0.2656645178794861, 0.2688911557197571, 0.24752873182296753, 0.25076743960380554, 0.2541709244251251, 0.2319733053445816, 0.23535780608654022, 0.2389167845249176, 0.2156982570886612, 0.21920019388198853, 0.22288711369037628, 0.22578075528144836, 0.22194740176200867, 0.21830779314041138, 0.21485038101673126, 0.2115645706653595, 0.2084406316280365, 0.20546962320804596, 0.20264331996440887, 0.19995412230491638, 0.19739505648612976, 0.1949596107006073, 0.19264182448387146, 0.19043615460395813, 0.18833744525909424, 0.18634095788002014, 0.18444225192070007, 0.18263722956180573, 0.18092207610607147, 0.17929323017597198, 0.1777474284172058, 0.17628158628940582, 0.174892857670784, 0.17357859015464783, 0.17233631014823914, 0.17116375267505646, 0.17005878686904907, 0.1690194308757782, 0.16804386675357819, 0.16713039577007294, 0.1662774533033371, 0.16548360884189606, 0.16474753618240356, 0.16406801342964172, 0.163443922996521, 0.1628742814064026, 0.1623581349849701, 0.16189469397068024, 0.16148321330547333, 0.16112305223941803, 0.16081364452838898, 0.16055449843406677, 0.16034522652626038, 0.16018550097942352, 0.1600750833749771, 0.16001377999782562, 0.16000153124332428, 0.1600382924079895, 0.16012413799762726, 0.1602591872215271, 0.16044364869594574, 0.16067780554294586, 0.1609620302915573, 0.1612967550754547, 0.16168250143527985, 0.16211988031864166, 0.16260957717895508, 0.16315235197544098, 0.163749098777771, 0.16440077126026154, 0.16510842740535736, 0.1658732295036316, 0.1666964441537857, 0.16757947206497192, 0.16852378845214844, 0.16953101754188538, 0.170602947473526, 0.17174145579338074, 0.17294859886169434, 0.1742265671491623, 0.17557774484157562, 0.17700469493865967, 0.1785101443529129, 0.1800970733165741, 0.18176864087581635, 0.18352827429771423, 0.18537963926792145, 0.18732671439647675, 0.18937373161315918, 0.19152531027793884, 0.1937863677740097, 0.19616225361824036, 0.19865873456001282, 0.20128203928470612, 0.20403887331485748, 0.2069365382194519, 0.20998293161392212, 0.21318665146827698, 0.21655699610710144, 0.2201041281223297, 0.22383910417556763, 0.22480358183383942, 0.22101980447769165, 0.21742679178714752, 0.2140132337808609, 0.23711486160755157, 0.23364435136318207, 0.2303435057401657, 0.25244805216789246, 0.24912802875041962, 0.2459685504436493, 0.2672578692436218, 0.26411014795303345, 0.28485244512557983, 0.2817433774471283, 0.30201807618141174, 0.29897135496139526, 0.3188502788543701, 0.31588706374168396, 0.3354358673095703, 0.3325754702091217, 0.32986363768577576, 0.32729512453079224, 0.32486504316329956, 0.3225688636302948, 0.3204023540019989, 0.31836163997650146, 0.3164430558681488, 0.3146432638168335, 0.31295913457870483, 0.311387836933136, 0.3099266588687897, 0.30857324600219727, 0.3073253035545349, 0.30618083477020264, 0.3051379919052124, 0.3041950762271881, 0.3033505976200104, 0.30260324478149414, 0.3019517958164215, 0.3013952970504761, 0.3009328544139862, 0.3005637526512146, 0.3002873957157135, 0.30010342597961426, 0.3000114858150482, 0.3000114858150482, 0.30010342597961426, 0.3002873957157135, 0.3005637526512146, 0.3009328544139862, 0.3013952970504761, 0.3019517958164215, 0.30260324478149414, 0.3033505976200104, 0.3041950762271881, 0.3051379919052124, 0.30618083477020264, 0.3073253035545349, 0.30857324600219727, 0.3099266588687897, 0.311387836933136, 0.31295913457870483, 0.3146432638168335, 0.3164430558681488, 0.31836163997650146, 0.3204023540019989, 0.3225688636302948, 0.32486504316329956, 0.32729512453079224, 0.32986363768577576, 0.3325754702091217, 0.3354358673095703, 0.33845043182373047, 0.34162527322769165, 0.34496691823005676, 0.3484824001789093, 0.35217922925949097, 0.356065571308136, 0.36015018820762634, 0.3644425570964813, 0.36895284056663513, 0.37369203567504883, 0.3786720931529999, 0.3839058578014374, 0.3894072473049164, 0.3951914310455322, 0.40127483010292053, 0.40767523646354675, 0.41441214084625244, 0.42150673270225525, 0.4196983277797699, 0.4126952588558197, 0.4331139922142029, 0.42637330293655396, 0.4462137520313263, 0.4656071960926056, 0.45908746123313904, 0.4780448377132416, 0.49664685130119324, 0.4904056489467621, 0.5086892247200012, 0.5266945958137512, 0.544449508190155, 0.561980128288269, 0.5793113708496094, 0.5964668989181519, 0.6134691834449768, 0.6303397417068481, 0.6470993161201477, 0.685893177986145, 0.7023109793663025, 0.7404628992080688, 0.7566500902175903, 0.7943042516708374, 0.8316893577575684, 0.8688464760780334, 0.9268807768821716, 0.9845293760299683, 1.0418528318405151, 1.0989102125167847, 1.1763975620269775, 1.2741060256958008, 1.3713988065719604, 1.4887652397155762, 1.6260957717895508, 1.8035837411880493, 2.021031379699707, 2.298478841781616, 2.6558735370635986, 3.173386812210083, 3.8506476879119873, 3.8462204933166504, 3.8429794311523438, 3.840919017791748, 3.8400368690490723, 3.8403308391571045, 3.841801881790161, 3.844451904296875, 3.848285436630249, 3.8533079624176025, 3.859527349472046, 3.8669533729553223, 3.8755972385406494, 3.8854727745056152, 5.621650695800781, 5.639522075653076, 7.661434173583984, 7.690688133239746, 7.722540855407715, 7.757044315338135, 7.79425573348999, 7.834237098693848, 7.877056121826172, 7.922785758972168, 7.971505641937256, 8.023301124572754, 8.078265190124512, 8.136496543884277, 8.198102951049805, 8.263198852539062, 8.331911087036133, 8.404370307922363, 8.480722427368164, 8.56112003326416, 8.645730018615723, 8.734732627868652, 8.828317642211914, 8.926694869995117, 9.030085563659668, 9.138731956481934, 9.25289249420166, 9.372849464416504, 9.498905181884766, 9.631388664245605, 9.770654678344727, 9.917089462280273, 10.071111679077148, 10.151312828063965, 9.98763370513916, 9.803258895874023, 9.639867782592773, 9.48040771484375, 9.328948974609375, 9.185023307800293, 9.048199653625488, 8.918085098266602, 8.79431438446045, 8.676553726196289, 8.564494132995605, 8.457849502563477, 8.356356620788574, 8.259770393371582, 8.167864799499512, 8.080430030822754, 7.997270584106445, 7.918206214904785, 7.843068599700928, 7.771702289581299, 7.70396089553833, 7.639710903167725, 7.5788254737854, 7.521188259124756, 7.466691493988037, 7.415233135223389, 7.366720676422119, 7.321066856384277, 7.278190612792969, 7.23801851272583, 7.2004804611206055, 7.165513038635254, 7.133058547973633, 7.103062152862549, 7.075475692749023, 7.050253391265869, 7.027355194091797, 7.006744861602783, 6.988389492034912, 6.972259521484375, 6.958331108093262, 6.9465813636779785, 6.936992168426514, 6.929549694061279, 6.924241542816162, 6.921060085296631, 6.920000076293945]
intensities: [0.0, 0.0, 0.0, 0.0, 0.0, 0.0, 0.0, 0.0, 0.0, 0.0, 0.0, 0.0, 0.0, 0.0, 0.0, 0.0, 0.0, 0.0, 0.0, 0.0, 0.0, 0.0, 0.0, 0.0, 0.0, 0.0, 0.0, 0.0, 0.0, 0.0, 0.0, 0.0, 0.0, 0.0, 0.0, 0.0, 0.0, 0.0, 0.0, 0.0, 0.0, 0.0, 0.0, 0.0, 0.0, 0.0, 0.0, 0.0, 0.0, 0.0, 0.0, 0.0, 0.0, 0.0, 0.0, 0.0, 0.0, 0.0, 0.0, 0.0, 0.0, 0.0, 0.0, 0.0, 0.0, 0.0, 0.0, 0.0, 0.0, 0.0, 0.0, 0.0, 0.0, 0.0, 0.0, 0.0, 0.0, 0.0, 0.0, 0.0, 0.0, 0.0, 0.0, 0.0, 0.0, 0.0, 0.0, 0.0, 0.0, 0.0, 0.0, 0.0, 0.0, 0.0, 0.0, 0.0, 0.0, 0.0, 0.0, 0.0, 0.0, 0.0, 0.0, 0.0, 0.0, 0.0, 0.0, 0.0, 0.0, 0.0, 0.0, 0.0, 0.0, 0.0, 0.0, 0.0, 0.0, 0.0, 0.0, 0.0, 0.0, 0.0, 0.0, 0.0, 0.0, 0.0, 0.0, 0.0, 0.0, 0.0, 0.0, 0.0, 0.0, 0.0, 0.0, 0.0, 0.0, 0.0, 0.0, 0.0, 0.0, 0.0, 0.0, 0.0, 0.0, 0.0, 0.0, 0.0, 0.0, 0.0, 0.0, 0.0, 0.0, 0.0, 0.0, 0.0, 0.0, 0.0, 0.0, 0.0, 0.0, 0.0, 0.0, 0.0, 0.0, 0.0, 0.0, 0.0, 0.0, 0.0, 0.0, 0.0, 0.0, 0.0, 0.0, 0.0, 0.0, 0.0, 0.0, 0.0, 0.0, 0.0, 0.0, 0.0, 0.0, 0.0, 0.0, 0.0, 0.0, 0.0, 0.0, 0.0, 0.0, 0.0, 0.0, 0.0, 0.0, 0.0, 0.0, 0.0, 0.0, 0.0, 0.0, 0.0, 0.0, 0.0, 0.0, 0.0, 0.0, 0.0, 0.0, 0.0, 0.0, 0.0, 0.0, 0.0, 0.0, 0.0, 0.0, 0.0, 0.0, 0.0, 0.0, 0.0, 0.0, 0.0, 0.0, 0.0, 0.0, 0.0, 0.0, 0.0, 0.0, 0.0, 0.0, 0.0, 0.0, 0.0, 0.0, 0.0, 0.0, 0.0, 0.0, 0.0, 0.0, 0.0, 0.0, 0.0, 0.0, 0.0, 0.0, 0.0, 0.0, 0.0, 0.0, 0.0, 0.0, 0.0, 0.0, 0.0, 0.0, 0.0, 0.0, 0.0, 0.0, 0.0, 0.0, 0.0, 0.0, 0.0, 0.0, 0.0, 0.0, 0.0, 0.0, 0.0, 0.0, 0.0, 0.0, 0.0, 0.0, 0.0, 0.0, 0.0, 0.0, 0.0, 0.0, 0.0, 0.0, 0.0, 0.0, 0.0, 0.0, 0.0, 0.0, 0.0, 0.0, 0.0, 0.0, 0.0, 0.0, 0.0, 0.0, 0.0, 0.0, 0.0, 0.0, 0.0, 0.0, 0.0, 0.0, 0.0, 0.0, 0.0, 0.0, 0.0, 0.0, 0.0, 0.0, 0.0, 0.0, 0.0, 0.0, 0.0, 0.0, 0.0, 0.0, 0.0, 0.0, 0.0, 0.0, 0.0, 0.0, 0.0, 0.0, 0.0, 0.0, 0.0, 0.0, 0.0, 0.0, 0.0, 0.0, 0.0, 0.0, 0.0, 0.0, 0.0, 0.0, 0.0, 0.0, 0.0, 0.0, 0.0, 0.0, 0.0, 0.0, 0.0, 0.0, 0.0]
---
header: 
  seq: 1680
  stamp: 
    secs: 168
    nsecs: 100000000
  frame_id: "base_laser_link"
angle_min: -3.14159274101
angle_max: 3.14159274101
angle_increment: 0.0175019092858
time_increment: 0.0
scan_time: 0.0
range_min: 0.15000000596
range_max: 16.0
ranges: [6.920000076293945, 6.921060085296631, 6.924241542816162, 6.932357311248779, 6.937859535217285, 6.822030067443848, 5.882157325744629, 1.2292134761810303, 1.0906734466552734, 0.9517832398414612, 0.853031575679779, 0.7743052840232849, 0.7157272696495056, 0.6569306254386902, 0.6184732913970947, 0.5798681378364563, 0.5410765409469604, 0.5020591020584106, 0.4838103652000427, 0.4655013680458069, 0.4471130967140198, 0.4071948826313019, 0.4100206196308136, 0.39127570390701294, 0.37237003445625305, 0.3532814085483551, 0.333986759185791, 0.3369235098361969, 0.3173496127128601, 0.32038983702659607, 0.30047547817230225, 0.2802461087703705, 0.28327855467796326, 0.2864660322666168, 0.2656645178794861, 0.2688911557197571, 0.24752873182296753, 0.25076743960380554, 0.2541709244251251, 0.2319733053445816, 0.23535780608654022, 0.2389167845249176, 0.2156982570886612, 0.21920019388198853, 0.22288711369037628, 0.22578075528144836, 0.22194740176200867, 0.21830779314041138, 0.21485038101673126, 0.2115645706653595, 0.2084406316280365, 0.20546962320804596, 0.20264331996440887, 0.19995412230491638, 0.19739505648612976, 0.1949596107006073, 0.19264182448387146, 0.19043615460395813, 0.18833744525909424, 0.18634095788002014, 0.18444225192070007, 0.18263722956180573, 0.18092207610607147, 0.17929323017597198, 0.1777474284172058, 0.17628158628940582, 0.174892857670784, 0.17357859015464783, 0.17233631014823914, 0.17116375267505646, 0.17005878686904907, 0.1690194308757782, 0.16804386675357819, 0.16713039577007294, 0.1662774533033371, 0.16548360884189606, 0.16474753618240356, 0.16406801342964172, 0.163443922996521, 0.1628742814064026, 0.1623581349849701, 0.16189469397068024, 0.16148321330547333, 0.16112305223941803, 0.16081364452838898, 0.16055449843406677, 0.16034522652626038, 0.16018550097942352, 0.1600750833749771, 0.16001377999782562, 0.16000153124332428, 0.1600382924079895, 0.16012413799762726, 0.1602591872215271, 0.16044364869594574, 0.16067780554294586, 0.1609620302915573, 0.1612967550754547, 0.16168250143527985, 0.16211988031864166, 0.16260957717895508, 0.16315235197544098, 0.163749098777771, 0.16440077126026154, 0.16510842740535736, 0.1658732295036316, 0.1666964441537857, 0.16757947206497192, 0.16852378845214844, 0.16953101754188538, 0.170602947473526, 0.17174145579338074, 0.17294859886169434, 0.1742265671491623, 0.17557774484157562, 0.17700469493865967, 0.1785101443529129, 0.1800970733165741, 0.18176864087581635, 0.18352827429771423, 0.18537963926792145, 0.18732671439647675, 0.18937373161315918, 0.19152531027793884, 0.1937863677740097, 0.19616225361824036, 0.19865873456001282, 0.20128203928470612, 0.20403887331485748, 0.2069365382194519, 0.20998293161392212, 0.21318665146827698, 0.21655699610710144, 0.2201041281223297, 0.22383910417556763, 0.22480358183383942, 0.22101980447769165, 0.21742679178714752, 0.2140132337808609, 0.23711486160755157, 0.23364435136318207, 0.2303435057401657, 0.25244805216789246, 0.24912802875041962, 0.2459685504436493, 0.2672578692436218, 0.26411014795303345, 0.28485244512557983, 0.2817433774471283, 0.30201807618141174, 0.29897135496139526, 0.3188502788543701, 0.31588706374168396, 0.3354358673095703, 0.3325754702091217, 0.32986363768577576, 0.32729512453079224, 0.32486504316329956, 0.3225688636302948, 0.3204023540019989, 0.31836163997650146, 0.3164430558681488, 0.3146432638168335, 0.31295913457870483, 0.311387836933136, 0.3099266588687897, 0.30857324600219727, 0.3073253035545349, 0.30618083477020264, 0.3051379919052124, 0.3041950762271881, 0.3033505976200104, 0.30260324478149414, 0.3019517958164215, 0.3013952970504761, 0.3009328544139862, 0.3005637526512146, 0.3002873957157135, 0.30010342597961426, 0.3000114858150482, 0.3000114858150482, 0.30010342597961426, 0.3002873957157135, 0.3005637526512146, 0.3009328544139862, 0.3013952970504761, 0.3019517958164215, 0.30260324478149414, 0.3033505976200104, 0.3041950762271881, 0.3051379919052124, 0.30618083477020264, 0.3073253035545349, 0.30857324600219727, 0.3099266588687897, 0.311387836933136, 0.31295913457870483, 0.3146432638168335, 0.3164430558681488, 0.31836163997650146, 0.3204023540019989, 0.3225688636302948, 0.32486504316329956, 0.32729512453079224, 0.32986363768577576, 0.3325754702091217, 0.3354358673095703, 0.33845043182373047, 0.34162527322769165, 0.34496691823005676, 0.3484824001789093, 0.35217922925949097, 0.356065571308136, 0.36015018820762634, 0.3644425570964813, 0.36895284056663513, 0.37369203567504883, 0.3786720931529999, 0.3839058578014374, 0.3894072473049164, 0.3951914310455322, 0.40127483010292053, 0.40767523646354675, 0.41441214084625244, 0.42150673270225525, 0.4196983277797699, 0.4126952588558197, 0.4331139922142029, 0.42637330293655396, 0.4462137520313263, 0.4656071960926056, 0.45908746123313904, 0.4780448377132416, 0.49664685130119324, 0.4904056489467621, 0.5086892247200012, 0.5266945958137512, 0.544449508190155, 0.561980128288269, 0.5793113708496094, 0.5964668989181519, 0.6134691834449768, 0.6303397417068481, 0.6470993161201477, 0.685893177986145, 0.7023109793663025, 0.7404628992080688, 0.7566500902175903, 0.7943042516708374, 0.8316893577575684, 0.8688464760780334, 0.9268807768821716, 0.9845293760299683, 1.0418528318405151, 1.0989102125167847, 1.1763975620269775, 1.2741060256958008, 1.3713988065719604, 1.4887652397155762, 1.6260957717895508, 1.8035837411880493, 2.021031379699707, 2.298478841781616, 2.6558735370635986, 3.173386812210083, 3.8506476879119873, 3.8462204933166504, 3.8429794311523438, 3.840919017791748, 3.8400368690490723, 3.8403308391571045, 3.841801881790161, 3.844451904296875, 3.848285436630249, 3.8533079624176025, 3.859527349472046, 3.8669533729553223, 3.8755972385406494, 3.8854727745056152, 5.621650695800781, 5.639522075653076, 7.661434173583984, 7.690688133239746, 7.722540855407715, 7.757044315338135, 7.79425573348999, 7.834237098693848, 7.877056121826172, 7.922785758972168, 7.971505641937256, 8.023301124572754, 8.078265190124512, 8.136496543884277, 8.198102951049805, 8.263198852539062, 8.331911087036133, 8.404370307922363, 8.480722427368164, 8.56112003326416, 8.645730018615723, 8.734732627868652, 8.828317642211914, 8.926694869995117, 9.030085563659668, 9.138731956481934, 9.25289249420166, 9.372849464416504, 9.498905181884766, 9.631388664245605, 9.770654678344727, 9.917089462280273, 10.071111679077148, 10.151312828063965, 9.98763370513916, 9.803258895874023, 9.639867782592773, 9.48040771484375, 9.328948974609375, 9.185023307800293, 9.048199653625488, 8.918085098266602, 8.79431438446045, 8.676553726196289, 8.564494132995605, 8.457849502563477, 8.356356620788574, 8.259770393371582, 8.167864799499512, 8.080430030822754, 7.997270584106445, 7.918206214904785, 7.843068599700928, 7.771702289581299, 7.70396089553833, 7.639710903167725, 7.5788254737854, 7.521188259124756, 7.466691493988037, 7.415233135223389, 7.366720676422119, 7.321066856384277, 7.278190612792969, 7.23801851272583, 7.2004804611206055, 7.165513038635254, 7.133058547973633, 7.103062152862549, 7.075475692749023, 7.050253391265869, 7.027355194091797, 7.006744861602783, 6.988389492034912, 6.972259521484375, 6.958331108093262, 6.9465813636779785, 6.936992168426514, 6.929549694061279, 6.924241542816162, 6.921060085296631, 6.920000076293945]
intensities: [0.0, 0.0, 0.0, 0.0, 0.0, 0.0, 0.0, 0.0, 0.0, 0.0, 0.0, 0.0, 0.0, 0.0, 0.0, 0.0, 0.0, 0.0, 0.0, 0.0, 0.0, 0.0, 0.0, 0.0, 0.0, 0.0, 0.0, 0.0, 0.0, 0.0, 0.0, 0.0, 0.0, 0.0, 0.0, 0.0, 0.0, 0.0, 0.0, 0.0, 0.0, 0.0, 0.0, 0.0, 0.0, 0.0, 0.0, 0.0, 0.0, 0.0, 0.0, 0.0, 0.0, 0.0, 0.0, 0.0, 0.0, 0.0, 0.0, 0.0, 0.0, 0.0, 0.0, 0.0, 0.0, 0.0, 0.0, 0.0, 0.0, 0.0, 0.0, 0.0, 0.0, 0.0, 0.0, 0.0, 0.0, 0.0, 0.0, 0.0, 0.0, 0.0, 0.0, 0.0, 0.0, 0.0, 0.0, 0.0, 0.0, 0.0, 0.0, 0.0, 0.0, 0.0, 0.0, 0.0, 0.0, 0.0, 0.0, 0.0, 0.0, 0.0, 0.0, 0.0, 0.0, 0.0, 0.0, 0.0, 0.0, 0.0, 0.0, 0.0, 0.0, 0.0, 0.0, 0.0, 0.0, 0.0, 0.0, 0.0, 0.0, 0.0, 0.0, 0.0, 0.0, 0.0, 0.0, 0.0, 0.0, 0.0, 0.0, 0.0, 0.0, 0.0, 0.0, 0.0, 0.0, 0.0, 0.0, 0.0, 0.0, 0.0, 0.0, 0.0, 0.0, 0.0, 0.0, 0.0, 0.0, 0.0, 0.0, 0.0, 0.0, 0.0, 0.0, 0.0, 0.0, 0.0, 0.0, 0.0, 0.0, 0.0, 0.0, 0.0, 0.0, 0.0, 0.0, 0.0, 0.0, 0.0, 0.0, 0.0, 0.0, 0.0, 0.0, 0.0, 0.0, 0.0, 0.0, 0.0, 0.0, 0.0, 0.0, 0.0, 0.0, 0.0, 0.0, 0.0, 0.0, 0.0, 0.0, 0.0, 0.0, 0.0, 0.0, 0.0, 0.0, 0.0, 0.0, 0.0, 0.0, 0.0, 0.0, 0.0, 0.0, 0.0, 0.0, 0.0, 0.0, 0.0, 0.0, 0.0, 0.0, 0.0, 0.0, 0.0, 0.0, 0.0, 0.0, 0.0, 0.0, 0.0, 0.0, 0.0, 0.0, 0.0, 0.0, 0.0, 0.0, 0.0, 0.0, 0.0, 0.0, 0.0, 0.0, 0.0, 0.0, 0.0, 0.0, 0.0, 0.0, 0.0, 0.0, 0.0, 0.0, 0.0, 0.0, 0.0, 0.0, 0.0, 0.0, 0.0, 0.0, 0.0, 0.0, 0.0, 0.0, 0.0, 0.0, 0.0, 0.0, 0.0, 0.0, 0.0, 0.0, 0.0, 0.0, 0.0, 0.0, 0.0, 0.0, 0.0, 0.0, 0.0, 0.0, 0.0, 0.0, 0.0, 0.0, 0.0, 0.0, 0.0, 0.0, 0.0, 0.0, 0.0, 0.0, 0.0, 0.0, 0.0, 0.0, 0.0, 0.0, 0.0, 0.0, 0.0, 0.0, 0.0, 0.0, 0.0, 0.0, 0.0, 0.0, 0.0, 0.0, 0.0, 0.0, 0.0, 0.0, 0.0, 0.0, 0.0, 0.0, 0.0, 0.0, 0.0, 0.0, 0.0, 0.0, 0.0, 0.0, 0.0, 0.0, 0.0, 0.0, 0.0, 0.0, 0.0, 0.0, 0.0, 0.0, 0.0, 0.0, 0.0, 0.0, 0.0, 0.0, 0.0, 0.0, 0.0, 0.0, 0.0, 0.0, 0.0, 0.0, 0.0, 0.0, 0.0, 0.0, 0.0, 0.0, 0.0, 0.0, 0.0, 0.0, 0.0, 0.0, 0.0, 0.0, 0.0]
---
header: 
  seq: 1681
  stamp: 
    secs: 168
    nsecs: 200000000
  frame_id: "base_laser_link"
angle_min: -3.14159274101
angle_max: 3.14159274101
angle_increment: 0.0175019092858
time_increment: 0.0
scan_time: 0.0
range_min: 0.15000000596
range_max: 16.0
ranges: [6.920000076293945, 6.921060085296631, 6.924241542816162, 6.932357311248779, 6.937859535217285, 6.822030067443848, 5.882157325744629, 1.2292134761810303, 1.0906734466552734, 0.9517832398414612, 0.853031575679779, 0.7743052840232849, 0.7157272696495056, 0.6569306254386902, 0.6184732913970947, 0.5798681378364563, 0.5410765409469604, 0.5020591020584106, 0.4838103652000427, 0.4655013680458069, 0.4471130967140198, 0.4071948826313019, 0.4100206196308136, 0.39127570390701294, 0.37237003445625305, 0.3532814085483551, 0.333986759185791, 0.3369235098361969, 0.3173496127128601, 0.32038983702659607, 0.30047547817230225, 0.2802461087703705, 0.28327855467796326, 0.2864660322666168, 0.2656645178794861, 0.2688911557197571, 0.24752873182296753, 0.25076743960380554, 0.2541709244251251, 0.2319733053445816, 0.23535780608654022, 0.2389167845249176, 0.2156982570886612, 0.21920019388198853, 0.22288711369037628, 0.22578075528144836, 0.22194740176200867, 0.21830779314041138, 0.21485038101673126, 0.2115645706653595, 0.2084406316280365, 0.20546962320804596, 0.20264331996440887, 0.19995412230491638, 0.19739505648612976, 0.1949596107006073, 0.19264182448387146, 0.19043615460395813, 0.18833744525909424, 0.18634095788002014, 0.18444225192070007, 0.18263722956180573, 0.18092207610607147, 0.17929323017597198, 0.1777474284172058, 0.17628158628940582, 0.174892857670784, 0.17357859015464783, 0.17233631014823914, 0.17116375267505646, 0.17005878686904907, 0.1690194308757782, 0.16804386675357819, 0.16713039577007294, 0.1662774533033371, 0.16548360884189606, 0.16474753618240356, 0.16406801342964172, 0.163443922996521, 0.1628742814064026, 0.1623581349849701, 0.16189469397068024, 0.16148321330547333, 0.16112305223941803, 0.16081364452838898, 0.16055449843406677, 0.16034522652626038, 0.16018550097942352, 0.1600750833749771, 0.16001377999782562, 0.16000153124332428, 0.1600382924079895, 0.16012413799762726, 0.1602591872215271, 0.16044364869594574, 0.16067780554294586, 0.1609620302915573, 0.1612967550754547, 0.16168250143527985, 0.16211988031864166, 0.16260957717895508, 0.16315235197544098, 0.163749098777771, 0.16440077126026154, 0.16510842740535736, 0.1658732295036316, 0.1666964441537857, 0.16757947206497192, 0.16852378845214844, 0.16953101754188538, 0.170602947473526, 0.17174145579338074, 0.17294859886169434, 0.1742265671491623, 0.17557774484157562, 0.17700469493865967, 0.1785101443529129, 0.1800970733165741, 0.18176864087581635, 0.18352827429771423, 0.18537963926792145, 0.18732671439647675, 0.18937373161315918, 0.19152531027793884, 0.1937863677740097, 0.19616225361824036, 0.19865873456001282, 0.20128203928470612, 0.20403887331485748, 0.2069365382194519, 0.20998293161392212, 0.21318665146827698, 0.21655699610710144, 0.2201041281223297, 0.22383910417556763, 0.22480358183383942, 0.22101980447769165, 0.21742679178714752, 0.2140132337808609, 0.23711486160755157, 0.23364435136318207, 0.2303435057401657, 0.25244805216789246, 0.24912802875041962, 0.2459685504436493, 0.2672578692436218, 0.26411014795303345, 0.28485244512557983, 0.2817433774471283, 0.30201807618141174, 0.29897135496139526, 0.3188502788543701, 0.31588706374168396, 0.3354358673095703, 0.3325754702091217, 0.32986363768577576, 0.32729512453079224, 0.32486504316329956, 0.3225688636302948, 0.3204023540019989, 0.31836163997650146, 0.3164430558681488, 0.3146432638168335, 0.31295913457870483, 0.311387836933136, 0.3099266588687897, 0.30857324600219727, 0.3073253035545349, 0.30618083477020264, 0.3051379919052124, 0.3041950762271881, 0.3033505976200104, 0.30260324478149414, 0.3019517958164215, 0.3013952970504761, 0.3009328544139862, 0.3005637526512146, 0.3002873957157135, 0.30010342597961426, 0.3000114858150482, 0.3000114858150482, 0.30010342597961426, 0.3002873957157135, 0.3005637526512146, 0.3009328544139862, 0.3013952970504761, 0.3019517958164215, 0.30260324478149414, 0.3033505976200104, 0.3041950762271881, 0.3051379919052124, 0.30618083477020264, 0.3073253035545349, 0.30857324600219727, 0.3099266588687897, 0.311387836933136, 0.31295913457870483, 0.3146432638168335, 0.3164430558681488, 0.31836163997650146, 0.3204023540019989, 0.3225688636302948, 0.32486504316329956, 0.32729512453079224, 0.32986363768577576, 0.3325754702091217, 0.3354358673095703, 0.33845043182373047, 0.34162527322769165, 0.34496691823005676, 0.3484824001789093, 0.35217922925949097, 0.356065571308136, 0.36015018820762634, 0.3644425570964813, 0.36895284056663513, 0.37369203567504883, 0.3786720931529999, 0.3839058578014374, 0.3894072473049164, 0.3951914310455322, 0.40127483010292053, 0.40767523646354675, 0.41441214084625244, 0.42150673270225525, 0.4196983277797699, 0.4126952588558197, 0.4331139922142029, 0.42637330293655396, 0.4462137520313263, 0.4656071960926056, 0.45908746123313904, 0.4780448377132416, 0.49664685130119324, 0.4904056489467621, 0.5086892247200012, 0.5266945958137512, 0.544449508190155, 0.561980128288269, 0.5793113708496094, 0.5964668989181519, 0.6134691834449768, 0.6303397417068481, 0.6470993161201477, 0.685893177986145, 0.7023109793663025, 0.7404628992080688, 0.7566500902175903, 0.7943042516708374, 0.8316893577575684, 0.8688464760780334, 0.9268807768821716, 0.9845293760299683, 1.0418528318405151, 1.0989102125167847, 1.1763975620269775, 1.2741060256958008, 1.3713988065719604, 1.4887652397155762, 1.6260957717895508, 1.8035837411880493, 2.021031379699707, 2.298478841781616, 2.6558735370635986, 3.173386812210083, 3.8506476879119873, 3.8462204933166504, 3.8429794311523438, 3.840919017791748, 3.8400368690490723, 3.8403308391571045, 3.841801881790161, 3.844451904296875, 3.848285436630249, 3.8533079624176025, 3.859527349472046, 3.8669533729553223, 3.8755972385406494, 3.8854727745056152, 5.621650695800781, 5.639522075653076, 7.661434173583984, 7.690688133239746, 7.722540855407715, 7.757044315338135, 7.79425573348999, 7.834237098693848, 7.877056121826172, 7.922785758972168, 7.971505641937256, 8.023301124572754, 8.078265190124512, 8.136496543884277, 8.198102951049805, 8.263198852539062, 8.331911087036133, 8.404370307922363, 8.480722427368164, 8.56112003326416, 8.645730018615723, 8.734732627868652, 8.828317642211914, 8.926694869995117, 9.030085563659668, 9.138731956481934, 9.25289249420166, 9.372849464416504, 9.498905181884766, 9.631388664245605, 9.770654678344727, 9.917089462280273, 10.071111679077148, 10.151312828063965, 9.98763370513916, 9.803258895874023, 9.639867782592773, 9.48040771484375, 9.328948974609375, 9.185023307800293, 9.048199653625488, 8.918085098266602, 8.79431438446045, 8.676553726196289, 8.564494132995605, 8.457849502563477, 8.356356620788574, 8.259770393371582, 8.167864799499512, 8.080430030822754, 7.997270584106445, 7.918206214904785, 7.843068599700928, 7.771702289581299, 7.70396089553833, 7.639710903167725, 7.5788254737854, 7.521188259124756, 7.466691493988037, 7.415233135223389, 7.366720676422119, 7.321066856384277, 7.278190612792969, 7.23801851272583, 7.2004804611206055, 7.165513038635254, 7.133058547973633, 7.103062152862549, 7.075475692749023, 7.050253391265869, 7.027355194091797, 7.006744861602783, 6.988389492034912, 6.972259521484375, 6.958331108093262, 6.9465813636779785, 6.936992168426514, 6.929549694061279, 6.924241542816162, 6.921060085296631, 6.920000076293945]
intensities: [0.0, 0.0, 0.0, 0.0, 0.0, 0.0, 0.0, 0.0, 0.0, 0.0, 0.0, 0.0, 0.0, 0.0, 0.0, 0.0, 0.0, 0.0, 0.0, 0.0, 0.0, 0.0, 0.0, 0.0, 0.0, 0.0, 0.0, 0.0, 0.0, 0.0, 0.0, 0.0, 0.0, 0.0, 0.0, 0.0, 0.0, 0.0, 0.0, 0.0, 0.0, 0.0, 0.0, 0.0, 0.0, 0.0, 0.0, 0.0, 0.0, 0.0, 0.0, 0.0, 0.0, 0.0, 0.0, 0.0, 0.0, 0.0, 0.0, 0.0, 0.0, 0.0, 0.0, 0.0, 0.0, 0.0, 0.0, 0.0, 0.0, 0.0, 0.0, 0.0, 0.0, 0.0, 0.0, 0.0, 0.0, 0.0, 0.0, 0.0, 0.0, 0.0, 0.0, 0.0, 0.0, 0.0, 0.0, 0.0, 0.0, 0.0, 0.0, 0.0, 0.0, 0.0, 0.0, 0.0, 0.0, 0.0, 0.0, 0.0, 0.0, 0.0, 0.0, 0.0, 0.0, 0.0, 0.0, 0.0, 0.0, 0.0, 0.0, 0.0, 0.0, 0.0, 0.0, 0.0, 0.0, 0.0, 0.0, 0.0, 0.0, 0.0, 0.0, 0.0, 0.0, 0.0, 0.0, 0.0, 0.0, 0.0, 0.0, 0.0, 0.0, 0.0, 0.0, 0.0, 0.0, 0.0, 0.0, 0.0, 0.0, 0.0, 0.0, 0.0, 0.0, 0.0, 0.0, 0.0, 0.0, 0.0, 0.0, 0.0, 0.0, 0.0, 0.0, 0.0, 0.0, 0.0, 0.0, 0.0, 0.0, 0.0, 0.0, 0.0, 0.0, 0.0, 0.0, 0.0, 0.0, 0.0, 0.0, 0.0, 0.0, 0.0, 0.0, 0.0, 0.0, 0.0, 0.0, 0.0, 0.0, 0.0, 0.0, 0.0, 0.0, 0.0, 0.0, 0.0, 0.0, 0.0, 0.0, 0.0, 0.0, 0.0, 0.0, 0.0, 0.0, 0.0, 0.0, 0.0, 0.0, 0.0, 0.0, 0.0, 0.0, 0.0, 0.0, 0.0, 0.0, 0.0, 0.0, 0.0, 0.0, 0.0, 0.0, 0.0, 0.0, 0.0, 0.0, 0.0, 0.0, 0.0, 0.0, 0.0, 0.0, 0.0, 0.0, 0.0, 0.0, 0.0, 0.0, 0.0, 0.0, 0.0, 0.0, 0.0, 0.0, 0.0, 0.0, 0.0, 0.0, 0.0, 0.0, 0.0, 0.0, 0.0, 0.0, 0.0, 0.0, 0.0, 0.0, 0.0, 0.0, 0.0, 0.0, 0.0, 0.0, 0.0, 0.0, 0.0, 0.0, 0.0, 0.0, 0.0, 0.0, 0.0, 0.0, 0.0, 0.0, 0.0, 0.0, 0.0, 0.0, 0.0, 0.0, 0.0, 0.0, 0.0, 0.0, 0.0, 0.0, 0.0, 0.0, 0.0, 0.0, 0.0, 0.0, 0.0, 0.0, 0.0, 0.0, 0.0, 0.0, 0.0, 0.0, 0.0, 0.0, 0.0, 0.0, 0.0, 0.0, 0.0, 0.0, 0.0, 0.0, 0.0, 0.0, 0.0, 0.0, 0.0, 0.0, 0.0, 0.0, 0.0, 0.0, 0.0, 0.0, 0.0, 0.0, 0.0, 0.0, 0.0, 0.0, 0.0, 0.0, 0.0, 0.0, 0.0, 0.0, 0.0, 0.0, 0.0, 0.0, 0.0, 0.0, 0.0, 0.0, 0.0, 0.0, 0.0, 0.0, 0.0, 0.0, 0.0, 0.0, 0.0, 0.0, 0.0, 0.0, 0.0, 0.0, 0.0, 0.0, 0.0, 0.0, 0.0, 0.0, 0.0, 0.0, 0.0]
---
header: 
  seq: 1682
  stamp: 
    secs: 168
    nsecs: 300000000
  frame_id: "base_laser_link"
angle_min: -3.14159274101
angle_max: 3.14159274101
angle_increment: 0.0175019092858
time_increment: 0.0
scan_time: 0.0
range_min: 0.15000000596
range_max: 16.0
ranges: [6.920000076293945, 6.921060085296631, 6.924241542816162, 6.932357311248779, 6.937859535217285, 6.822030067443848, 5.882157325744629, 1.2292134761810303, 1.0906734466552734, 0.9517832398414612, 0.853031575679779, 0.7743052840232849, 0.7157272696495056, 0.6569306254386902, 0.6184732913970947, 0.5798681378364563, 0.5410765409469604, 0.5020591020584106, 0.4838103652000427, 0.4655013680458069, 0.4471130967140198, 0.4071948826313019, 0.4100206196308136, 0.39127570390701294, 0.37237003445625305, 0.3532814085483551, 0.333986759185791, 0.3369235098361969, 0.3173496127128601, 0.32038983702659607, 0.30047547817230225, 0.2802461087703705, 0.28327855467796326, 0.2864660322666168, 0.2656645178794861, 0.2688911557197571, 0.24752873182296753, 0.25076743960380554, 0.2541709244251251, 0.2319733053445816, 0.23535780608654022, 0.2389167845249176, 0.2156982570886612, 0.21920019388198853, 0.22288711369037628, 0.22578075528144836, 0.22194740176200867, 0.21830779314041138, 0.21485038101673126, 0.2115645706653595, 0.2084406316280365, 0.20546962320804596, 0.20264331996440887, 0.19995412230491638, 0.19739505648612976, 0.1949596107006073, 0.19264182448387146, 0.19043615460395813, 0.18833744525909424, 0.18634095788002014, 0.18444225192070007, 0.18263722956180573, 0.18092207610607147, 0.17929323017597198, 0.1777474284172058, 0.17628158628940582, 0.174892857670784, 0.17357859015464783, 0.17233631014823914, 0.17116375267505646, 0.17005878686904907, 0.1690194308757782, 0.16804386675357819, 0.16713039577007294, 0.1662774533033371, 0.16548360884189606, 0.16474753618240356, 0.16406801342964172, 0.163443922996521, 0.1628742814064026, 0.1623581349849701, 0.16189469397068024, 0.16148321330547333, 0.16112305223941803, 0.16081364452838898, 0.16055449843406677, 0.16034522652626038, 0.16018550097942352, 0.1600750833749771, 0.16001377999782562, 0.16000153124332428, 0.1600382924079895, 0.16012413799762726, 0.1602591872215271, 0.16044364869594574, 0.16067780554294586, 0.1609620302915573, 0.1612967550754547, 0.16168250143527985, 0.16211988031864166, 0.16260957717895508, 0.16315235197544098, 0.163749098777771, 0.16440077126026154, 0.16510842740535736, 0.1658732295036316, 0.1666964441537857, 0.16757947206497192, 0.16852378845214844, 0.16953101754188538, 0.170602947473526, 0.17174145579338074, 0.17294859886169434, 0.1742265671491623, 0.17557774484157562, 0.17700469493865967, 0.1785101443529129, 0.1800970733165741, 0.18176864087581635, 0.18352827429771423, 0.18537963926792145, 0.18732671439647675, 0.18937373161315918, 0.19152531027793884, 0.1937863677740097, 0.19616225361824036, 0.19865873456001282, 0.20128203928470612, 0.20403887331485748, 0.2069365382194519, 0.20998293161392212, 0.21318665146827698, 0.21655699610710144, 0.2201041281223297, 0.22383910417556763, 0.22480358183383942, 0.22101980447769165, 0.21742679178714752, 0.2140132337808609, 0.23711486160755157, 0.23364435136318207, 0.2303435057401657, 0.25244805216789246, 0.24912802875041962, 0.2459685504436493, 0.2672578692436218, 0.26411014795303345, 0.28485244512557983, 0.2817433774471283, 0.30201807618141174, 0.29897135496139526, 0.3188502788543701, 0.31588706374168396, 0.3354358673095703, 0.3325754702091217, 0.32986363768577576, 0.32729512453079224, 0.32486504316329956, 0.3225688636302948, 0.3204023540019989, 0.31836163997650146, 0.3164430558681488, 0.3146432638168335, 0.31295913457870483, 0.311387836933136, 0.3099266588687897, 0.30857324600219727, 0.3073253035545349, 0.30618083477020264, 0.3051379919052124, 0.3041950762271881, 0.3033505976200104, 0.30260324478149414, 0.3019517958164215, 0.3013952970504761, 0.3009328544139862, 0.3005637526512146, 0.3002873957157135, 0.30010342597961426, 0.3000114858150482, 0.3000114858150482, 0.30010342597961426, 0.3002873957157135, 0.3005637526512146, 0.3009328544139862, 0.3013952970504761, 0.3019517958164215, 0.30260324478149414, 0.3033505976200104, 0.3041950762271881, 0.3051379919052124, 0.30618083477020264, 0.3073253035545349, 0.30857324600219727, 0.3099266588687897, 0.311387836933136, 0.31295913457870483, 0.3146432638168335, 0.3164430558681488, 0.31836163997650146, 0.3204023540019989, 0.3225688636302948, 0.32486504316329956, 0.32729512453079224, 0.32986363768577576, 0.3325754702091217, 0.3354358673095703, 0.33845043182373047, 0.34162527322769165, 0.34496691823005676, 0.3484824001789093, 0.35217922925949097, 0.356065571308136, 0.36015018820762634, 0.3644425570964813, 0.36895284056663513, 0.37369203567504883, 0.3786720931529999, 0.3839058578014374, 0.3894072473049164, 0.3951914310455322, 0.40127483010292053, 0.40767523646354675, 0.41441214084625244, 0.42150673270225525, 0.4196983277797699, 0.4126952588558197, 0.4331139922142029, 0.42637330293655396, 0.4462137520313263, 0.4656071960926056, 0.45908746123313904, 0.4780448377132416, 0.49664685130119324, 0.4904056489467621, 0.5086892247200012, 0.5266945958137512, 0.544449508190155, 0.561980128288269, 0.5793113708496094, 0.5964668989181519, 0.6134691834449768, 0.6303397417068481, 0.6470993161201477, 0.685893177986145, 0.7023109793663025, 0.7404628992080688, 0.7566500902175903, 0.7943042516708374, 0.8316893577575684, 0.8688464760780334, 0.9268807768821716, 0.9845293760299683, 1.0418528318405151, 1.0989102125167847, 1.1763975620269775, 1.2741060256958008, 1.3713988065719604, 1.4887652397155762, 1.6260957717895508, 1.8035837411880493, 2.021031379699707, 2.298478841781616, 2.6558735370635986, 3.173386812210083, 3.8506476879119873, 3.8462204933166504, 3.8429794311523438, 3.840919017791748, 3.8400368690490723, 3.8403308391571045, 3.841801881790161, 3.844451904296875, 3.848285436630249, 3.8533079624176025, 3.859527349472046, 3.8669533729553223, 3.8755972385406494, 3.8854727745056152, 5.621650695800781, 5.639522075653076, 7.661434173583984, 7.690688133239746, 7.722540855407715, 7.757044315338135, 7.79425573348999, 7.834237098693848, 7.877056121826172, 7.922785758972168, 7.971505641937256, 8.023301124572754, 8.078265190124512, 8.136496543884277, 8.198102951049805, 8.263198852539062, 8.331911087036133, 8.404370307922363, 8.480722427368164, 8.56112003326416, 8.645730018615723, 8.734732627868652, 8.828317642211914, 8.926694869995117, 9.030085563659668, 9.138731956481934, 9.25289249420166, 9.372849464416504, 9.498905181884766, 9.631388664245605, 9.770654678344727, 9.917089462280273, 10.071111679077148, 10.151312828063965, 9.98763370513916, 9.803258895874023, 9.639867782592773, 9.48040771484375, 9.328948974609375, 9.185023307800293, 9.048199653625488, 8.918085098266602, 8.79431438446045, 8.676553726196289, 8.564494132995605, 8.457849502563477, 8.356356620788574, 8.259770393371582, 8.167864799499512, 8.080430030822754, 7.997270584106445, 7.918206214904785, 7.843068599700928, 7.771702289581299, 7.70396089553833, 7.639710903167725, 7.5788254737854, 7.521188259124756, 7.466691493988037, 7.415233135223389, 7.366720676422119, 7.321066856384277, 7.278190612792969, 7.23801851272583, 7.2004804611206055, 7.165513038635254, 7.133058547973633, 7.103062152862549, 7.075475692749023, 7.050253391265869, 7.027355194091797, 7.006744861602783, 6.988389492034912, 6.972259521484375, 6.958331108093262, 6.9465813636779785, 6.936992168426514, 6.929549694061279, 6.924241542816162, 6.921060085296631, 6.920000076293945]
intensities: [0.0, 0.0, 0.0, 0.0, 0.0, 0.0, 0.0, 0.0, 0.0, 0.0, 0.0, 0.0, 0.0, 0.0, 0.0, 0.0, 0.0, 0.0, 0.0, 0.0, 0.0, 0.0, 0.0, 0.0, 0.0, 0.0, 0.0, 0.0, 0.0, 0.0, 0.0, 0.0, 0.0, 0.0, 0.0, 0.0, 0.0, 0.0, 0.0, 0.0, 0.0, 0.0, 0.0, 0.0, 0.0, 0.0, 0.0, 0.0, 0.0, 0.0, 0.0, 0.0, 0.0, 0.0, 0.0, 0.0, 0.0, 0.0, 0.0, 0.0, 0.0, 0.0, 0.0, 0.0, 0.0, 0.0, 0.0, 0.0, 0.0, 0.0, 0.0, 0.0, 0.0, 0.0, 0.0, 0.0, 0.0, 0.0, 0.0, 0.0, 0.0, 0.0, 0.0, 0.0, 0.0, 0.0, 0.0, 0.0, 0.0, 0.0, 0.0, 0.0, 0.0, 0.0, 0.0, 0.0, 0.0, 0.0, 0.0, 0.0, 0.0, 0.0, 0.0, 0.0, 0.0, 0.0, 0.0, 0.0, 0.0, 0.0, 0.0, 0.0, 0.0, 0.0, 0.0, 0.0, 0.0, 0.0, 0.0, 0.0, 0.0, 0.0, 0.0, 0.0, 0.0, 0.0, 0.0, 0.0, 0.0, 0.0, 0.0, 0.0, 0.0, 0.0, 0.0, 0.0, 0.0, 0.0, 0.0, 0.0, 0.0, 0.0, 0.0, 0.0, 0.0, 0.0, 0.0, 0.0, 0.0, 0.0, 0.0, 0.0, 0.0, 0.0, 0.0, 0.0, 0.0, 0.0, 0.0, 0.0, 0.0, 0.0, 0.0, 0.0, 0.0, 0.0, 0.0, 0.0, 0.0, 0.0, 0.0, 0.0, 0.0, 0.0, 0.0, 0.0, 0.0, 0.0, 0.0, 0.0, 0.0, 0.0, 0.0, 0.0, 0.0, 0.0, 0.0, 0.0, 0.0, 0.0, 0.0, 0.0, 0.0, 0.0, 0.0, 0.0, 0.0, 0.0, 0.0, 0.0, 0.0, 0.0, 0.0, 0.0, 0.0, 0.0, 0.0, 0.0, 0.0, 0.0, 0.0, 0.0, 0.0, 0.0, 0.0, 0.0, 0.0, 0.0, 0.0, 0.0, 0.0, 0.0, 0.0, 0.0, 0.0, 0.0, 0.0, 0.0, 0.0, 0.0, 0.0, 0.0, 0.0, 0.0, 0.0, 0.0, 0.0, 0.0, 0.0, 0.0, 0.0, 0.0, 0.0, 0.0, 0.0, 0.0, 0.0, 0.0, 0.0, 0.0, 0.0, 0.0, 0.0, 0.0, 0.0, 0.0, 0.0, 0.0, 0.0, 0.0, 0.0, 0.0, 0.0, 0.0, 0.0, 0.0, 0.0, 0.0, 0.0, 0.0, 0.0, 0.0, 0.0, 0.0, 0.0, 0.0, 0.0, 0.0, 0.0, 0.0, 0.0, 0.0, 0.0, 0.0, 0.0, 0.0, 0.0, 0.0, 0.0, 0.0, 0.0, 0.0, 0.0, 0.0, 0.0, 0.0, 0.0, 0.0, 0.0, 0.0, 0.0, 0.0, 0.0, 0.0, 0.0, 0.0, 0.0, 0.0, 0.0, 0.0, 0.0, 0.0, 0.0, 0.0, 0.0, 0.0, 0.0, 0.0, 0.0, 0.0, 0.0, 0.0, 0.0, 0.0, 0.0, 0.0, 0.0, 0.0, 0.0, 0.0, 0.0, 0.0, 0.0, 0.0, 0.0, 0.0, 0.0, 0.0, 0.0, 0.0, 0.0, 0.0, 0.0, 0.0, 0.0, 0.0, 0.0, 0.0, 0.0, 0.0, 0.0, 0.0, 0.0, 0.0, 0.0, 0.0, 0.0, 0.0, 0.0, 0.0]
---
header: 
  seq: 1683
  stamp: 
    secs: 168
    nsecs: 400000000
  frame_id: "base_laser_link"
angle_min: -3.14159274101
angle_max: 3.14159274101
angle_increment: 0.0175019092858
time_increment: 0.0
scan_time: 0.0
range_min: 0.15000000596
range_max: 16.0
ranges: [6.920000076293945, 6.921060085296631, 6.924241542816162, 6.932357311248779, 6.937859535217285, 6.822030067443848, 5.882157325744629, 1.2292134761810303, 1.0906734466552734, 0.9517832398414612, 0.853031575679779, 0.7743052840232849, 0.7157272696495056, 0.6569306254386902, 0.6184732913970947, 0.5798681378364563, 0.5410765409469604, 0.5020591020584106, 0.4838103652000427, 0.4655013680458069, 0.4471130967140198, 0.4071948826313019, 0.4100206196308136, 0.39127570390701294, 0.37237003445625305, 0.3532814085483551, 0.333986759185791, 0.3369235098361969, 0.3173496127128601, 0.32038983702659607, 0.30047547817230225, 0.2802461087703705, 0.28327855467796326, 0.2864660322666168, 0.2656645178794861, 0.2688911557197571, 0.24752873182296753, 0.25076743960380554, 0.2541709244251251, 0.2319733053445816, 0.23535780608654022, 0.2389167845249176, 0.2156982570886612, 0.21920019388198853, 0.22288711369037628, 0.22578075528144836, 0.22194740176200867, 0.21830779314041138, 0.21485038101673126, 0.2115645706653595, 0.2084406316280365, 0.20546962320804596, 0.20264331996440887, 0.19995412230491638, 0.19739505648612976, 0.1949596107006073, 0.19264182448387146, 0.19043615460395813, 0.18833744525909424, 0.18634095788002014, 0.18444225192070007, 0.18263722956180573, 0.18092207610607147, 0.17929323017597198, 0.1777474284172058, 0.17628158628940582, 0.174892857670784, 0.17357859015464783, 0.17233631014823914, 0.17116375267505646, 0.17005878686904907, 0.1690194308757782, 0.16804386675357819, 0.16713039577007294, 0.1662774533033371, 0.16548360884189606, 0.16474753618240356, 0.16406801342964172, 0.163443922996521, 0.1628742814064026, 0.1623581349849701, 0.16189469397068024, 0.16148321330547333, 0.16112305223941803, 0.16081364452838898, 0.16055449843406677, 0.16034522652626038, 0.16018550097942352, 0.1600750833749771, 0.16001377999782562, 0.16000153124332428, 0.1600382924079895, 0.16012413799762726, 0.1602591872215271, 0.16044364869594574, 0.16067780554294586, 0.1609620302915573, 0.1612967550754547, 0.16168250143527985, 0.16211988031864166, 0.16260957717895508, 0.16315235197544098, 0.163749098777771, 0.16440077126026154, 0.16510842740535736, 0.1658732295036316, 0.1666964441537857, 0.16757947206497192, 0.16852378845214844, 0.16953101754188538, 0.170602947473526, 0.17174145579338074, 0.17294859886169434, 0.1742265671491623, 0.17557774484157562, 0.17700469493865967, 0.1785101443529129, 0.1800970733165741, 0.18176864087581635, 0.18352827429771423, 0.18537963926792145, 0.18732671439647675, 0.18937373161315918, 0.19152531027793884, 0.1937863677740097, 0.19616225361824036, 0.19865873456001282, 0.20128203928470612, 0.20403887331485748, 0.2069365382194519, 0.20998293161392212, 0.21318665146827698, 0.21655699610710144, 0.2201041281223297, 0.22383910417556763, 0.22480358183383942, 0.22101980447769165, 0.21742679178714752, 0.2140132337808609, 0.23711486160755157, 0.23364435136318207, 0.2303435057401657, 0.25244805216789246, 0.24912802875041962, 0.2459685504436493, 0.2672578692436218, 0.26411014795303345, 0.28485244512557983, 0.2817433774471283, 0.30201807618141174, 0.29897135496139526, 0.3188502788543701, 0.31588706374168396, 0.3354358673095703, 0.3325754702091217, 0.32986363768577576, 0.32729512453079224, 0.32486504316329956, 0.3225688636302948, 0.3204023540019989, 0.31836163997650146, 0.3164430558681488, 0.3146432638168335, 0.31295913457870483, 0.311387836933136, 0.3099266588687897, 0.30857324600219727, 0.3073253035545349, 0.30618083477020264, 0.3051379919052124, 0.3041950762271881, 0.3033505976200104, 0.30260324478149414, 0.3019517958164215, 0.3013952970504761, 0.3009328544139862, 0.3005637526512146, 0.3002873957157135, 0.30010342597961426, 0.3000114858150482, 0.3000114858150482, 0.30010342597961426, 0.3002873957157135, 0.3005637526512146, 0.3009328544139862, 0.3013952970504761, 0.3019517958164215, 0.30260324478149414, 0.3033505976200104, 0.3041950762271881, 0.3051379919052124, 0.30618083477020264, 0.3073253035545349, 0.30857324600219727, 0.3099266588687897, 0.311387836933136, 0.31295913457870483, 0.3146432638168335, 0.3164430558681488, 0.31836163997650146, 0.3204023540019989, 0.3225688636302948, 0.32486504316329956, 0.32729512453079224, 0.32986363768577576, 0.3325754702091217, 0.3354358673095703, 0.33845043182373047, 0.34162527322769165, 0.34496691823005676, 0.3484824001789093, 0.35217922925949097, 0.356065571308136, 0.36015018820762634, 0.3644425570964813, 0.36895284056663513, 0.37369203567504883, 0.3786720931529999, 0.3839058578014374, 0.3894072473049164, 0.3951914310455322, 0.40127483010292053, 0.40767523646354675, 0.41441214084625244, 0.42150673270225525, 0.4196983277797699, 0.4126952588558197, 0.4331139922142029, 0.42637330293655396, 0.4462137520313263, 0.4656071960926056, 0.45908746123313904, 0.4780448377132416, 0.49664685130119324, 0.4904056489467621, 0.5086892247200012, 0.5266945958137512, 0.544449508190155, 0.561980128288269, 0.5793113708496094, 0.5964668989181519, 0.6134691834449768, 0.6303397417068481, 0.6470993161201477, 0.685893177986145, 0.7023109793663025, 0.7404628992080688, 0.7566500902175903, 0.7943042516708374, 0.8316893577575684, 0.8688464760780334, 0.9268807768821716, 0.9845293760299683, 1.0418528318405151, 1.0989102125167847, 1.1763975620269775, 1.2741060256958008, 1.3713988065719604, 1.4887652397155762, 1.6260957717895508, 1.8035837411880493, 2.021031379699707, 2.298478841781616, 2.6558735370635986, 3.173386812210083, 3.8506476879119873, 3.8462204933166504, 3.8429794311523438, 3.840919017791748, 3.8400368690490723, 3.8403308391571045, 3.841801881790161, 3.844451904296875, 3.848285436630249, 3.8533079624176025, 3.859527349472046, 3.8669533729553223, 3.8755972385406494, 3.8854727745056152, 5.621650695800781, 5.639522075653076, 7.661434173583984, 7.690688133239746, 7.722540855407715, 7.757044315338135, 7.79425573348999, 7.834237098693848, 7.877056121826172, 7.922785758972168, 7.971505641937256, 8.023301124572754, 8.078265190124512, 8.136496543884277, 8.198102951049805, 8.263198852539062, 8.331911087036133, 8.404370307922363, 8.480722427368164, 8.56112003326416, 8.645730018615723, 8.734732627868652, 8.828317642211914, 8.926694869995117, 9.030085563659668, 9.138731956481934, 9.25289249420166, 9.372849464416504, 9.498905181884766, 9.631388664245605, 9.770654678344727, 9.917089462280273, 10.071111679077148, 10.151312828063965, 9.98763370513916, 9.803258895874023, 9.639867782592773, 9.48040771484375, 9.328948974609375, 9.185023307800293, 9.048199653625488, 8.918085098266602, 8.79431438446045, 8.676553726196289, 8.564494132995605, 8.457849502563477, 8.356356620788574, 8.259770393371582, 8.167864799499512, 8.080430030822754, 7.997270584106445, 7.918206214904785, 7.843068599700928, 7.771702289581299, 7.70396089553833, 7.639710903167725, 7.5788254737854, 7.521188259124756, 7.466691493988037, 7.415233135223389, 7.366720676422119, 7.321066856384277, 7.278190612792969, 7.23801851272583, 7.2004804611206055, 7.165513038635254, 7.133058547973633, 7.103062152862549, 7.075475692749023, 7.050253391265869, 7.027355194091797, 7.006744861602783, 6.988389492034912, 6.972259521484375, 6.958331108093262, 6.9465813636779785, 6.936992168426514, 6.929549694061279, 6.924241542816162, 6.921060085296631, 6.920000076293945]
intensities: [0.0, 0.0, 0.0, 0.0, 0.0, 0.0, 0.0, 0.0, 0.0, 0.0, 0.0, 0.0, 0.0, 0.0, 0.0, 0.0, 0.0, 0.0, 0.0, 0.0, 0.0, 0.0, 0.0, 0.0, 0.0, 0.0, 0.0, 0.0, 0.0, 0.0, 0.0, 0.0, 0.0, 0.0, 0.0, 0.0, 0.0, 0.0, 0.0, 0.0, 0.0, 0.0, 0.0, 0.0, 0.0, 0.0, 0.0, 0.0, 0.0, 0.0, 0.0, 0.0, 0.0, 0.0, 0.0, 0.0, 0.0, 0.0, 0.0, 0.0, 0.0, 0.0, 0.0, 0.0, 0.0, 0.0, 0.0, 0.0, 0.0, 0.0, 0.0, 0.0, 0.0, 0.0, 0.0, 0.0, 0.0, 0.0, 0.0, 0.0, 0.0, 0.0, 0.0, 0.0, 0.0, 0.0, 0.0, 0.0, 0.0, 0.0, 0.0, 0.0, 0.0, 0.0, 0.0, 0.0, 0.0, 0.0, 0.0, 0.0, 0.0, 0.0, 0.0, 0.0, 0.0, 0.0, 0.0, 0.0, 0.0, 0.0, 0.0, 0.0, 0.0, 0.0, 0.0, 0.0, 0.0, 0.0, 0.0, 0.0, 0.0, 0.0, 0.0, 0.0, 0.0, 0.0, 0.0, 0.0, 0.0, 0.0, 0.0, 0.0, 0.0, 0.0, 0.0, 0.0, 0.0, 0.0, 0.0, 0.0, 0.0, 0.0, 0.0, 0.0, 0.0, 0.0, 0.0, 0.0, 0.0, 0.0, 0.0, 0.0, 0.0, 0.0, 0.0, 0.0, 0.0, 0.0, 0.0, 0.0, 0.0, 0.0, 0.0, 0.0, 0.0, 0.0, 0.0, 0.0, 0.0, 0.0, 0.0, 0.0, 0.0, 0.0, 0.0, 0.0, 0.0, 0.0, 0.0, 0.0, 0.0, 0.0, 0.0, 0.0, 0.0, 0.0, 0.0, 0.0, 0.0, 0.0, 0.0, 0.0, 0.0, 0.0, 0.0, 0.0, 0.0, 0.0, 0.0, 0.0, 0.0, 0.0, 0.0, 0.0, 0.0, 0.0, 0.0, 0.0, 0.0, 0.0, 0.0, 0.0, 0.0, 0.0, 0.0, 0.0, 0.0, 0.0, 0.0, 0.0, 0.0, 0.0, 0.0, 0.0, 0.0, 0.0, 0.0, 0.0, 0.0, 0.0, 0.0, 0.0, 0.0, 0.0, 0.0, 0.0, 0.0, 0.0, 0.0, 0.0, 0.0, 0.0, 0.0, 0.0, 0.0, 0.0, 0.0, 0.0, 0.0, 0.0, 0.0, 0.0, 0.0, 0.0, 0.0, 0.0, 0.0, 0.0, 0.0, 0.0, 0.0, 0.0, 0.0, 0.0, 0.0, 0.0, 0.0, 0.0, 0.0, 0.0, 0.0, 0.0, 0.0, 0.0, 0.0, 0.0, 0.0, 0.0, 0.0, 0.0, 0.0, 0.0, 0.0, 0.0, 0.0, 0.0, 0.0, 0.0, 0.0, 0.0, 0.0, 0.0, 0.0, 0.0, 0.0, 0.0, 0.0, 0.0, 0.0, 0.0, 0.0, 0.0, 0.0, 0.0, 0.0, 0.0, 0.0, 0.0, 0.0, 0.0, 0.0, 0.0, 0.0, 0.0, 0.0, 0.0, 0.0, 0.0, 0.0, 0.0, 0.0, 0.0, 0.0, 0.0, 0.0, 0.0, 0.0, 0.0, 0.0, 0.0, 0.0, 0.0, 0.0, 0.0, 0.0, 0.0, 0.0, 0.0, 0.0, 0.0, 0.0, 0.0, 0.0, 0.0, 0.0, 0.0, 0.0, 0.0, 0.0, 0.0, 0.0, 0.0, 0.0, 0.0, 0.0, 0.0, 0.0, 0.0, 0.0, 0.0]
---
