header: 
  seq: 83
  stamp: 
    secs: 8
    nsecs: 400000000
  frame_id: "base_laser_link"
angle_min: -3.14159274101
angle_max: 3.14159274101
angle_increment: 0.0175019092858
time_increment: 0.0
scan_time: 0.0
range_min: 0.15000000596
range_max: 16.0
ranges: [2.069999933242798, 2.070317029953003, 2.0712687969207764, 2.0728566646575928, 2.075083017349243, 2.077951431274414, 2.08146595954895, 2.085632562637329, 2.0904574394226074, 2.0959482192993164, 2.1021134853363037, 2.1089630126953125, 2.1165077686309814, 2.1247599124908447, 2.133732795715332, 2.1434412002563477, 2.1539008617401123, 2.1651296615600586, 2.1771466732025146, 2.189972400665283, 2.2036287784576416, 2.2181406021118164, 2.2335333824157715, 2.249835252761841, 2.267076253890991, 2.2852892875671387, 2.304508686065674, 2.3247721195220947, 2.3461203575134277, 2.368596315383911, 2.392246961593628, 2.4171228408813477, 2.443277359008789, 2.4707694053649902, 2.499661445617676, 2.5300214290618896, 2.561922311782837, 2.5954430103302, 2.630669116973877, 2.6676931381225586, 2.7066147327423096, 2.7475430965423584, 2.7905962467193604, 2.835902452468872, 2.8836019039154053, 2.9288971424102783, 2.9699654579162598, 3.0401580333709717, 3.101902484893799, 3.0544633865356445, 3.009361505508423, 3.0435187816619873, 3.0016541481018066, 2.961820602416992, 2.9239141941070557, 2.8878393173217773, 2.8535070419311523, 2.820835590362549, 2.789748430252075, 2.7600138187408447, 2.732050895690918, 2.7053139209747314, 2.679908037185669, 2.6557810306549072, 2.6328837871551514, 2.611171007156372, 2.5906004905700684, 2.5711328983306885, 2.55273175239563, 2.53536319732666, 2.518995761871338, 2.5036003589630127, 2.489149808883667, 2.475618839263916, 2.462984800338745, 2.451225996017456, 2.4403228759765625, 2.4302573204040527, 2.421013116836548, 2.4125752449035645, 2.4049298763275146, 2.3980653285980225, 2.391970157623291, 2.3866353034973145, 2.382051944732666, 2.378213405609131, 2.3751137256622314, 2.3727476596832275, 2.371112108230591, 2.370204210281372, 2.370022773742676, 2.3705673217773438, 2.3718388080596924, 2.3738391399383545, 2.3765716552734375, 2.380040168762207, 2.3842501640319824, 2.3892083168029785, 2.3949222564697266, 2.4014008045196533, 2.40865421295166, 2.416694402694702, 2.4255335330963135, 2.4351863861083984, 2.4456686973571777, 2.4569971561431885, 2.469191074371338, 2.4822707176208496, 2.496258497238159, 2.5111782550811768, 2.5270562171936035, 2.5439202785491943, 2.5618011951446533, 2.580731153488159, 2.600745439529419, 2.6218819618225098, 2.644181728363037, 2.6676878929138184, 2.6924479007720947, 2.718512535095215, 2.7459359169006348, 2.7747769355773926, 2.805098533630371, 2.8369686603546143, 2.8704605102539062, 2.905653476715088, 2.9426326751708984, 2.981490135192871, 3.0223257541656494, 3.0652475357055664, 3.110372304916382, 3.157827377319336, 3.2077505588531494, 3.2602925300598145, 3.3156166076660156, 3.3538520336151123, 3.4170098304748535, 3.4652395248413086, 3.5474908351898193, 3.6151952743530273, 3.7107741832733154, 3.7886173725128174, 3.8709909915924072, 3.95822811126709, 4.05070161819458, 4.148829936981201, 4.205063343048096, 4.150351524353027, 4.1064934730529785, 4.073903560638428, 4.036113262176514, 3.997015953063965, 4.095250129699707, 4.237672805786133, 4.4010820388793945, 4.541122913360596, 4.723959922790527, 4.948777675628662, 5.128844738006592, 5.418198585510254, 5.458396911621094, 5.431396007537842, 5.391225337982178, 5.3637518882751465, 5.342414379119873, 5.320407867431641, 5.297173976898193, 5.275751113891602, 5.256104469299316, 5.238202095031738, 5.222015380859375, 5.207518577575684, 5.19468879699707, 5.183506011962891, 5.173952579498291, 5.166013717651367, 5.159677505493164, 5.154933929443359, 5.151775360107422, 5.1501970291137695, 5.1501970291137695, 5.151775360107422, 5.154933929443359, 5.159677505493164, 5.166013717651367, 5.173952579498291, 5.183506011962891, 5.19468879699707, 5.207518577575684, 5.222015380859375, 5.238202095031738, 5.256104469299316, 5.275751113891602, 5.297173976898193, 5.320407867431641, 5.342414379119873, 5.372465133666992, 5.401375770568848, 5.432272434234619, 5.465208053588867, 5.500240325927734, 5.5374321937561035, 5.446904182434082, 5.198925018310547, 5.0075554847717285, 4.812477111816406, 4.752007961273193, 4.794714450836182, 4.839691638946533, 4.887031555175781, 4.93683385848999, 4.989205837249756, 5.044262409210205, 5.102127552032471, 5.162936210632324, 5.226831912994385, 5.293970584869385, 5.364521026611328, 5.438666343688965, 5.510747909545898, 5.5771918296813965, 5.6587233543396, 5.58694314956665, 5.4920430183410645, 5.3812360763549805, 5.442012310028076, 5.543702125549316, 5.650848388671875, 5.763808727264404, 5.856730937957764, 5.982929706573486, 6.116243362426758, 6.2572126388549805, 6.406440258026123, 6.564598083496094, 6.732438087463379, 6.886862754821777, 6.805618762969971, 6.732053756713867, 6.662080764770508, 6.595547199249268, 6.532310485839844, 6.472238540649414, 6.415208339691162, 6.3611063957214355, 6.309825420379639, 6.261267185211182, 6.2153401374816895, 6.1719584465026855, 6.131043434143066, 6.0925211906433105, 6.056323528289795, 6.0223870277404785, 5.9906535148620605, 5.961069107055664, 5.933584213256836, 5.908153057098389, 5.8847336769104, 5.863287925720215, 5.843781471252441, 5.826183319091797, 5.810465335845947, 5.796602249145508, 5.784573078155518, 5.774358749389648, 5.76594352722168, 5.75931453704834, 5.754461288452148, 5.751376152038574, 5.750054836273193, 5.750495433807373, 5.752697944641113, 5.756666660308838, 5.762406349182129, 5.769927501678467, 5.779240131378174, 5.790359973907471, 5.803303241729736, 5.818090915679932, 5.83474588394165, 5.853294372558594, 5.8737664222717285, 5.896193981170654, 5.920614719390869, 5.9470672607421875, 5.975595951080322, 6.006248474121094, 6.039076328277588, 6.074135780334473, 6.083968639373779, 5.796814918518066, 5.5397772789001465, 5.304781436920166, 5.094864368438721, 4.915895938873291, 4.730193138122559, 4.5574259757995605, 4.417886734008789, 4.266780376434326, 4.1484832763671875, 4.00860595703125, 3.906219720840454, 3.8116610050201416, 3.7002387046813965, 3.594918727874756, 3.5293381214141846, 3.4339377880096436, 3.3686366081237793, 3.2827556133270264, 3.206104040145874, 3.1576225757598877, 3.084599256515503, 3.0401580333709717, 2.9699654579162598, 2.9288971424102783, 2.8836019039154053, 2.835902452468872, 2.7905962467193604, 2.7475430965423584, 2.7066147327423096, 2.6676931381225586, 2.630669116973877, 2.5954430103302, 2.561922311782837, 2.5300214290618896, 2.499661445617676, 2.4707694053649902, 2.443277359008789, 2.4171228408813477, 2.392246961593628, 2.368596315383911, 2.3461203575134277, 2.3247721195220947, 2.304508686065674, 2.2852892875671387, 2.267076253890991, 2.249835252761841, 2.2335333824157715, 2.2181406021118164, 2.2036287784576416, 2.189972400665283, 2.1771466732025146, 2.1651296615600586, 2.1539008617401123, 2.1434412002563477, 2.133732795715332, 2.1247599124908447, 2.1165077686309814, 2.1089630126953125, 2.1021134853363037, 2.0959482192993164, 2.0904574394226074, 2.085632562637329, 2.08146595954895, 2.077951431274414, 2.075083017349243, 2.0728566646575928, 2.0712687969207764, 2.070317029953003, 2.069999933242798]
intensities: [0.0, 0.0, 0.0, 0.0, 0.0, 0.0, 0.0, 0.0, 0.0, 0.0, 0.0, 0.0, 0.0, 0.0, 0.0, 0.0, 0.0, 0.0, 0.0, 0.0, 0.0, 0.0, 0.0, 0.0, 0.0, 0.0, 0.0, 0.0, 0.0, 0.0, 0.0, 0.0, 0.0, 0.0, 0.0, 0.0, 0.0, 0.0, 0.0, 0.0, 0.0, 0.0, 0.0, 0.0, 0.0, 0.0, 0.0, 0.0, 0.0, 0.0, 0.0, 0.0, 0.0, 0.0, 0.0, 0.0, 0.0, 0.0, 0.0, 0.0, 0.0, 0.0, 0.0, 0.0, 0.0, 0.0, 0.0, 0.0, 0.0, 0.0, 0.0, 0.0, 0.0, 0.0, 0.0, 0.0, 0.0, 0.0, 0.0, 0.0, 0.0, 0.0, 0.0, 0.0, 0.0, 0.0, 0.0, 0.0, 0.0, 0.0, 0.0, 0.0, 0.0, 0.0, 0.0, 0.0, 0.0, 0.0, 0.0, 0.0, 0.0, 0.0, 0.0, 0.0, 0.0, 0.0, 0.0, 0.0, 0.0, 0.0, 0.0, 0.0, 0.0, 0.0, 0.0, 0.0, 0.0, 0.0, 0.0, 0.0, 0.0, 0.0, 0.0, 0.0, 0.0, 0.0, 0.0, 0.0, 0.0, 0.0, 0.0, 0.0, 0.0, 0.0, 0.0, 0.0, 0.0, 0.0, 0.0, 0.0, 0.0, 0.0, 0.0, 0.0, 0.0, 0.0, 0.0, 0.0, 0.0, 0.0, 0.0, 0.0, 0.0, 0.0, 0.0, 0.0, 0.0, 0.0, 0.0, 0.0, 0.0, 0.0, 0.0, 0.0, 0.0, 0.0, 0.0, 0.0, 0.0, 0.0, 0.0, 0.0, 0.0, 0.0, 0.0, 0.0, 0.0, 0.0, 0.0, 0.0, 0.0, 0.0, 0.0, 0.0, 0.0, 0.0, 0.0, 0.0, 0.0, 0.0, 0.0, 0.0, 0.0, 0.0, 0.0, 0.0, 0.0, 0.0, 0.0, 0.0, 0.0, 0.0, 0.0, 0.0, 0.0, 0.0, 0.0, 0.0, 0.0, 0.0, 0.0, 0.0, 0.0, 0.0, 0.0, 0.0, 0.0, 0.0, 0.0, 0.0, 0.0, 0.0, 0.0, 0.0, 0.0, 0.0, 0.0, 0.0, 0.0, 0.0, 0.0, 0.0, 0.0, 0.0, 0.0, 0.0, 0.0, 0.0, 0.0, 0.0, 0.0, 0.0, 0.0, 0.0, 0.0, 0.0, 0.0, 0.0, 0.0, 0.0, 0.0, 0.0, 0.0, 0.0, 0.0, 0.0, 0.0, 0.0, 0.0, 0.0, 0.0, 0.0, 0.0, 0.0, 0.0, 0.0, 0.0, 0.0, 0.0, 0.0, 0.0, 0.0, 0.0, 0.0, 0.0, 0.0, 0.0, 0.0, 0.0, 0.0, 0.0, 0.0, 0.0, 0.0, 0.0, 0.0, 0.0, 0.0, 0.0, 0.0, 0.0, 0.0, 0.0, 0.0, 0.0, 0.0, 0.0, 0.0, 0.0, 0.0, 0.0, 0.0, 0.0, 0.0, 0.0, 0.0, 0.0, 0.0, 0.0, 0.0, 0.0, 0.0, 0.0, 0.0, 0.0, 0.0, 0.0, 0.0, 0.0, 0.0, 0.0, 0.0, 0.0, 0.0, 0.0, 0.0, 0.0, 0.0, 0.0, 0.0, 0.0, 0.0, 0.0, 0.0, 0.0, 0.0, 0.0, 0.0, 0.0, 0.0, 0.0, 0.0, 0.0, 0.0, 0.0, 0.0, 0.0, 0.0, 0.0, 0.0, 0.0, 0.0, 0.0, 0.0, 0.0, 0.0, 0.0, 0.0, 0.0, 0.0]
---
header: 
  seq: 84
  stamp: 
    secs: 8
    nsecs: 500000000
  frame_id: "base_laser_link"
angle_min: -3.14159274101
angle_max: 3.14159274101
angle_increment: 0.0175019092858
time_increment: 0.0
scan_time: 0.0
range_min: 0.15000000596
range_max: 16.0
ranges: [2.069999933242798, 2.070317029953003, 2.0712687969207764, 2.0728566646575928, 2.075083017349243, 2.077951431274414, 2.08146595954895, 2.085632562637329, 2.0904574394226074, 2.0959482192993164, 2.1021134853363037, 2.1089630126953125, 2.1165077686309814, 2.1247599124908447, 2.133732795715332, 2.1434412002563477, 2.1539008617401123, 2.1651296615600586, 2.1771466732025146, 2.189972400665283, 2.2036287784576416, 2.2181406021118164, 2.2335333824157715, 2.249835252761841, 2.267076253890991, 2.2852892875671387, 2.304508686065674, 2.3247721195220947, 2.3461203575134277, 2.368596315383911, 2.392246961593628, 2.4171228408813477, 2.443277359008789, 2.4707694053649902, 2.499661445617676, 2.5300214290618896, 2.561922311782837, 2.5954430103302, 2.630669116973877, 2.6676931381225586, 2.7066147327423096, 2.7475430965423584, 2.7905962467193604, 2.835902452468872, 2.8836019039154053, 2.9288971424102783, 2.9699654579162598, 3.0401580333709717, 3.101902484893799, 3.0544633865356445, 3.009361505508423, 3.0435187816619873, 3.0016541481018066, 2.961820602416992, 2.9239141941070557, 2.8878393173217773, 2.8535070419311523, 2.820835590362549, 2.789748430252075, 2.7600138187408447, 2.732050895690918, 2.7053139209747314, 2.679908037185669, 2.6557810306549072, 2.6328837871551514, 2.611171007156372, 2.5906004905700684, 2.5711328983306885, 2.55273175239563, 2.53536319732666, 2.518995761871338, 2.5036003589630127, 2.489149808883667, 2.475618839263916, 2.462984800338745, 2.451225996017456, 2.4403228759765625, 2.4302573204040527, 2.421013116836548, 2.4125752449035645, 2.4049298763275146, 2.3980653285980225, 2.391970157623291, 2.3866353034973145, 2.382051944732666, 2.378213405609131, 2.3751137256622314, 2.3727476596832275, 2.371112108230591, 2.370204210281372, 2.370022773742676, 2.3705673217773438, 2.3718388080596924, 2.3738391399383545, 2.3765716552734375, 2.380040168762207, 2.3842501640319824, 2.3892083168029785, 2.3949222564697266, 2.4014008045196533, 2.40865421295166, 2.416694402694702, 2.4255335330963135, 2.4351863861083984, 2.4456686973571777, 2.4569971561431885, 2.469191074371338, 2.4822707176208496, 2.496258497238159, 2.5111782550811768, 2.5270562171936035, 2.5439202785491943, 2.5618011951446533, 2.580731153488159, 2.600745439529419, 2.6218819618225098, 2.644181728363037, 2.6676878929138184, 2.6924479007720947, 2.718512535095215, 2.7459359169006348, 2.7747769355773926, 2.805098533630371, 2.8369686603546143, 2.8704605102539062, 2.905653476715088, 2.9426326751708984, 2.981490135192871, 3.0223257541656494, 3.0652475357055664, 3.110372304916382, 3.157827377319336, 3.2077505588531494, 3.2602925300598145, 3.3156166076660156, 3.3538520336151123, 3.4170098304748535, 3.4652395248413086, 3.5474908351898193, 3.6151952743530273, 3.7107741832733154, 3.7886173725128174, 3.8709909915924072, 3.95822811126709, 4.05070161819458, 4.148829936981201, 4.205063343048096, 4.150351524353027, 4.1064934730529785, 4.073903560638428, 4.036113262176514, 3.997015953063965, 4.095250129699707, 4.237672805786133, 4.4010820388793945, 4.541122913360596, 4.723959922790527, 4.948777675628662, 5.128844738006592, 5.418198585510254, 5.458396911621094, 5.431396007537842, 5.391225337982178, 5.3637518882751465, 5.342414379119873, 5.320407867431641, 5.297173976898193, 5.275751113891602, 5.256104469299316, 5.238202095031738, 5.222015380859375, 5.207518577575684, 5.19468879699707, 5.183506011962891, 5.173952579498291, 5.166013717651367, 5.159677505493164, 5.154933929443359, 5.151775360107422, 5.1501970291137695, 5.1501970291137695, 5.151775360107422, 5.154933929443359, 5.159677505493164, 5.166013717651367, 5.173952579498291, 5.183506011962891, 5.19468879699707, 5.207518577575684, 5.222015380859375, 5.238202095031738, 5.256104469299316, 5.275751113891602, 5.297173976898193, 5.320407867431641, 5.342414379119873, 5.372465133666992, 5.401375770568848, 5.432272434234619, 5.465208053588867, 5.500240325927734, 5.5374321937561035, 5.446904182434082, 5.198925018310547, 5.0075554847717285, 4.812477111816406, 4.752007961273193, 4.794714450836182, 4.839691638946533, 4.887031555175781, 4.93683385848999, 4.989205837249756, 5.044262409210205, 5.102127552032471, 5.162936210632324, 5.226831912994385, 5.293970584869385, 5.364521026611328, 5.438666343688965, 5.510747909545898, 5.5771918296813965, 5.6587233543396, 5.58694314956665, 5.4920430183410645, 5.3812360763549805, 5.442012310028076, 5.543702125549316, 5.650848388671875, 5.763808727264404, 5.856730937957764, 5.982929706573486, 6.116243362426758, 6.2572126388549805, 6.406440258026123, 6.564598083496094, 6.732438087463379, 6.886862754821777, 6.805618762969971, 6.732053756713867, 6.662080764770508, 6.595547199249268, 6.532310485839844, 6.472238540649414, 6.415208339691162, 6.3611063957214355, 6.309825420379639, 6.261267185211182, 6.2153401374816895, 6.1719584465026855, 6.131043434143066, 6.0925211906433105, 6.056323528289795, 6.0223870277404785, 5.9906535148620605, 5.961069107055664, 5.933584213256836, 5.908153057098389, 5.8847336769104, 5.863287925720215, 5.843781471252441, 5.826183319091797, 5.810465335845947, 5.796602249145508, 5.784573078155518, 5.774358749389648, 5.76594352722168, 5.75931453704834, 5.754461288452148, 5.751376152038574, 5.750054836273193, 5.750495433807373, 5.752697944641113, 5.756666660308838, 5.762406349182129, 5.769927501678467, 5.779240131378174, 5.790359973907471, 5.803303241729736, 5.818090915679932, 5.83474588394165, 5.853294372558594, 5.8737664222717285, 5.896193981170654, 5.920614719390869, 5.9470672607421875, 5.975595951080322, 6.006248474121094, 6.039076328277588, 6.074135780334473, 6.083968639373779, 5.796814918518066, 5.5397772789001465, 5.304781436920166, 5.094864368438721, 4.915895938873291, 4.730193138122559, 4.5574259757995605, 4.417886734008789, 4.266780376434326, 4.1484832763671875, 4.00860595703125, 3.906219720840454, 3.8116610050201416, 3.7002387046813965, 3.594918727874756, 3.5293381214141846, 3.4339377880096436, 3.3686366081237793, 3.2827556133270264, 3.206104040145874, 3.1576225757598877, 3.084599256515503, 3.0401580333709717, 2.9699654579162598, 2.9288971424102783, 2.8836019039154053, 2.835902452468872, 2.7905962467193604, 2.7475430965423584, 2.7066147327423096, 2.6676931381225586, 2.630669116973877, 2.5954430103302, 2.561922311782837, 2.5300214290618896, 2.499661445617676, 2.4707694053649902, 2.443277359008789, 2.4171228408813477, 2.392246961593628, 2.368596315383911, 2.3461203575134277, 2.3247721195220947, 2.304508686065674, 2.2852892875671387, 2.267076253890991, 2.249835252761841, 2.2335333824157715, 2.2181406021118164, 2.2036287784576416, 2.189972400665283, 2.1771466732025146, 2.1651296615600586, 2.1539008617401123, 2.1434412002563477, 2.133732795715332, 2.1247599124908447, 2.1165077686309814, 2.1089630126953125, 2.1021134853363037, 2.0959482192993164, 2.0904574394226074, 2.085632562637329, 2.08146595954895, 2.077951431274414, 2.075083017349243, 2.0728566646575928, 2.0712687969207764, 2.070317029953003, 2.069999933242798]
intensities: [0.0, 0.0, 0.0, 0.0, 0.0, 0.0, 0.0, 0.0, 0.0, 0.0, 0.0, 0.0, 0.0, 0.0, 0.0, 0.0, 0.0, 0.0, 0.0, 0.0, 0.0, 0.0, 0.0, 0.0, 0.0, 0.0, 0.0, 0.0, 0.0, 0.0, 0.0, 0.0, 0.0, 0.0, 0.0, 0.0, 0.0, 0.0, 0.0, 0.0, 0.0, 0.0, 0.0, 0.0, 0.0, 0.0, 0.0, 0.0, 0.0, 0.0, 0.0, 0.0, 0.0, 0.0, 0.0, 0.0, 0.0, 0.0, 0.0, 0.0, 0.0, 0.0, 0.0, 0.0, 0.0, 0.0, 0.0, 0.0, 0.0, 0.0, 0.0, 0.0, 0.0, 0.0, 0.0, 0.0, 0.0, 0.0, 0.0, 0.0, 0.0, 0.0, 0.0, 0.0, 0.0, 0.0, 0.0, 0.0, 0.0, 0.0, 0.0, 0.0, 0.0, 0.0, 0.0, 0.0, 0.0, 0.0, 0.0, 0.0, 0.0, 0.0, 0.0, 0.0, 0.0, 0.0, 0.0, 0.0, 0.0, 0.0, 0.0, 0.0, 0.0, 0.0, 0.0, 0.0, 0.0, 0.0, 0.0, 0.0, 0.0, 0.0, 0.0, 0.0, 0.0, 0.0, 0.0, 0.0, 0.0, 0.0, 0.0, 0.0, 0.0, 0.0, 0.0, 0.0, 0.0, 0.0, 0.0, 0.0, 0.0, 0.0, 0.0, 0.0, 0.0, 0.0, 0.0, 0.0, 0.0, 0.0, 0.0, 0.0, 0.0, 0.0, 0.0, 0.0, 0.0, 0.0, 0.0, 0.0, 0.0, 0.0, 0.0, 0.0, 0.0, 0.0, 0.0, 0.0, 0.0, 0.0, 0.0, 0.0, 0.0, 0.0, 0.0, 0.0, 0.0, 0.0, 0.0, 0.0, 0.0, 0.0, 0.0, 0.0, 0.0, 0.0, 0.0, 0.0, 0.0, 0.0, 0.0, 0.0, 0.0, 0.0, 0.0, 0.0, 0.0, 0.0, 0.0, 0.0, 0.0, 0.0, 0.0, 0.0, 0.0, 0.0, 0.0, 0.0, 0.0, 0.0, 0.0, 0.0, 0.0, 0.0, 0.0, 0.0, 0.0, 0.0, 0.0, 0.0, 0.0, 0.0, 0.0, 0.0, 0.0, 0.0, 0.0, 0.0, 0.0, 0.0, 0.0, 0.0, 0.0, 0.0, 0.0, 0.0, 0.0, 0.0, 0.0, 0.0, 0.0, 0.0, 0.0, 0.0, 0.0, 0.0, 0.0, 0.0, 0.0, 0.0, 0.0, 0.0, 0.0, 0.0, 0.0, 0.0, 0.0, 0.0, 0.0, 0.0, 0.0, 0.0, 0.0, 0.0, 0.0, 0.0, 0.0, 0.0, 0.0, 0.0, 0.0, 0.0, 0.0, 0.0, 0.0, 0.0, 0.0, 0.0, 0.0, 0.0, 0.0, 0.0, 0.0, 0.0, 0.0, 0.0, 0.0, 0.0, 0.0, 0.0, 0.0, 0.0, 0.0, 0.0, 0.0, 0.0, 0.0, 0.0, 0.0, 0.0, 0.0, 0.0, 0.0, 0.0, 0.0, 0.0, 0.0, 0.0, 0.0, 0.0, 0.0, 0.0, 0.0, 0.0, 0.0, 0.0, 0.0, 0.0, 0.0, 0.0, 0.0, 0.0, 0.0, 0.0, 0.0, 0.0, 0.0, 0.0, 0.0, 0.0, 0.0, 0.0, 0.0, 0.0, 0.0, 0.0, 0.0, 0.0, 0.0, 0.0, 0.0, 0.0, 0.0, 0.0, 0.0, 0.0, 0.0, 0.0, 0.0, 0.0, 0.0, 0.0, 0.0, 0.0, 0.0, 0.0, 0.0, 0.0, 0.0, 0.0]
---
header: 
  seq: 85
  stamp: 
    secs: 8
    nsecs: 600000000
  frame_id: "base_laser_link"
angle_min: -3.14159274101
angle_max: 3.14159274101
angle_increment: 0.0175019092858
time_increment: 0.0
scan_time: 0.0
range_min: 0.15000000596
range_max: 16.0
ranges: [2.069999933242798, 2.070317029953003, 2.0712687969207764, 2.0728566646575928, 2.075083017349243, 2.077951431274414, 2.08146595954895, 2.085632562637329, 2.0904574394226074, 2.0959482192993164, 2.1021134853363037, 2.1089630126953125, 2.1165077686309814, 2.1247599124908447, 2.133732795715332, 2.1434412002563477, 2.1539008617401123, 2.1651296615600586, 2.1771466732025146, 2.189972400665283, 2.2036287784576416, 2.2181406021118164, 2.2335333824157715, 2.249835252761841, 2.267076253890991, 2.2852892875671387, 2.304508686065674, 2.3247721195220947, 2.3461203575134277, 2.368596315383911, 2.392246961593628, 2.4171228408813477, 2.443277359008789, 2.4707694053649902, 2.499661445617676, 2.5300214290618896, 2.561922311782837, 2.5954430103302, 2.630669116973877, 2.6676931381225586, 2.7066147327423096, 2.7475430965423584, 2.7905962467193604, 2.835902452468872, 2.8836019039154053, 2.9288971424102783, 2.9699654579162598, 3.0401580333709717, 3.101902484893799, 3.0544633865356445, 3.009361505508423, 3.0435187816619873, 3.0016541481018066, 2.961820602416992, 2.9239141941070557, 2.8878393173217773, 2.8535070419311523, 2.820835590362549, 2.789748430252075, 2.7600138187408447, 2.732050895690918, 2.7053139209747314, 2.679908037185669, 2.6557810306549072, 2.6328837871551514, 2.611171007156372, 2.5906004905700684, 2.5711328983306885, 2.55273175239563, 2.53536319732666, 2.518995761871338, 2.5036003589630127, 2.489149808883667, 2.475618839263916, 2.462984800338745, 2.451225996017456, 2.4403228759765625, 2.4302573204040527, 2.421013116836548, 2.4125752449035645, 2.4049298763275146, 2.3980653285980225, 2.391970157623291, 2.3866353034973145, 2.382051944732666, 2.378213405609131, 2.3751137256622314, 2.3727476596832275, 2.371112108230591, 2.370204210281372, 2.370022773742676, 2.3705673217773438, 2.3718388080596924, 2.3738391399383545, 2.3765716552734375, 2.380040168762207, 2.3842501640319824, 2.3892083168029785, 2.3949222564697266, 2.4014008045196533, 2.40865421295166, 2.416694402694702, 2.4255335330963135, 2.4351863861083984, 2.4456686973571777, 2.4569971561431885, 2.469191074371338, 2.4822707176208496, 2.496258497238159, 2.5111782550811768, 2.5270562171936035, 2.5439202785491943, 2.5618011951446533, 2.580731153488159, 2.600745439529419, 2.6218819618225098, 2.644181728363037, 2.6676878929138184, 2.6924479007720947, 2.718512535095215, 2.7459359169006348, 2.7747769355773926, 2.805098533630371, 2.8369686603546143, 2.8704605102539062, 2.905653476715088, 2.9426326751708984, 2.981490135192871, 3.0223257541656494, 3.0652475357055664, 3.110372304916382, 3.157827377319336, 3.2077505588531494, 3.2602925300598145, 3.3156166076660156, 3.3538520336151123, 3.4170098304748535, 3.4652395248413086, 3.5474908351898193, 3.6151952743530273, 3.7107741832733154, 3.7886173725128174, 3.8709909915924072, 3.95822811126709, 4.05070161819458, 4.148829936981201, 4.205063343048096, 4.150351524353027, 4.1064934730529785, 4.073903560638428, 4.036113262176514, 3.997015953063965, 4.095250129699707, 4.237672805786133, 4.4010820388793945, 4.541122913360596, 4.723959922790527, 4.948777675628662, 5.128844738006592, 5.418198585510254, 5.458396911621094, 5.431396007537842, 5.391225337982178, 5.3637518882751465, 5.342414379119873, 5.320407867431641, 5.297173976898193, 5.275751113891602, 5.256104469299316, 5.238202095031738, 5.222015380859375, 5.207518577575684, 5.19468879699707, 5.183506011962891, 5.173952579498291, 5.166013717651367, 5.159677505493164, 5.154933929443359, 5.151775360107422, 5.1501970291137695, 5.1501970291137695, 5.151775360107422, 5.154933929443359, 5.159677505493164, 5.166013717651367, 5.173952579498291, 5.183506011962891, 5.19468879699707, 5.207518577575684, 5.222015380859375, 5.238202095031738, 5.256104469299316, 5.275751113891602, 5.297173976898193, 5.320407867431641, 5.342414379119873, 5.372465133666992, 5.401375770568848, 5.432272434234619, 5.465208053588867, 5.500240325927734, 5.5374321937561035, 5.446904182434082, 5.198925018310547, 5.0075554847717285, 4.812477111816406, 4.752007961273193, 4.794714450836182, 4.839691638946533, 4.887031555175781, 4.93683385848999, 4.989205837249756, 5.044262409210205, 5.102127552032471, 5.162936210632324, 5.226831912994385, 5.293970584869385, 5.364521026611328, 5.438666343688965, 5.510747909545898, 5.5771918296813965, 5.6587233543396, 5.58694314956665, 5.4920430183410645, 5.3812360763549805, 5.442012310028076, 5.543702125549316, 5.650848388671875, 5.763808727264404, 5.856730937957764, 5.982929706573486, 6.116243362426758, 6.2572126388549805, 6.406440258026123, 6.564598083496094, 6.732438087463379, 6.886862754821777, 6.805618762969971, 6.732053756713867, 6.662080764770508, 6.595547199249268, 6.532310485839844, 6.472238540649414, 6.415208339691162, 6.3611063957214355, 6.309825420379639, 6.261267185211182, 6.2153401374816895, 6.1719584465026855, 6.131043434143066, 6.0925211906433105, 6.056323528289795, 6.0223870277404785, 5.9906535148620605, 5.961069107055664, 5.933584213256836, 5.908153057098389, 5.8847336769104, 5.863287925720215, 5.843781471252441, 5.826183319091797, 5.810465335845947, 5.796602249145508, 5.784573078155518, 5.774358749389648, 5.76594352722168, 5.75931453704834, 5.754461288452148, 5.751376152038574, 5.750054836273193, 5.750495433807373, 5.752697944641113, 5.756666660308838, 5.762406349182129, 5.769927501678467, 5.779240131378174, 5.790359973907471, 5.803303241729736, 5.818090915679932, 5.83474588394165, 5.853294372558594, 5.8737664222717285, 5.896193981170654, 5.920614719390869, 5.9470672607421875, 5.975595951080322, 6.006248474121094, 6.039076328277588, 6.074135780334473, 6.083968639373779, 5.796814918518066, 5.5397772789001465, 5.304781436920166, 5.094864368438721, 4.915895938873291, 4.730193138122559, 4.5574259757995605, 4.417886734008789, 4.266780376434326, 4.1484832763671875, 4.00860595703125, 3.906219720840454, 3.8116610050201416, 3.7002387046813965, 3.594918727874756, 3.5293381214141846, 3.4339377880096436, 3.3686366081237793, 3.2827556133270264, 3.206104040145874, 3.1576225757598877, 3.084599256515503, 3.0401580333709717, 2.9699654579162598, 2.9288971424102783, 2.8836019039154053, 2.835902452468872, 2.7905962467193604, 2.7475430965423584, 2.7066147327423096, 2.6676931381225586, 2.630669116973877, 2.5954430103302, 2.561922311782837, 2.5300214290618896, 2.499661445617676, 2.4707694053649902, 2.443277359008789, 2.4171228408813477, 2.392246961593628, 2.368596315383911, 2.3461203575134277, 2.3247721195220947, 2.304508686065674, 2.2852892875671387, 2.267076253890991, 2.249835252761841, 2.2335333824157715, 2.2181406021118164, 2.2036287784576416, 2.189972400665283, 2.1771466732025146, 2.1651296615600586, 2.1539008617401123, 2.1434412002563477, 2.133732795715332, 2.1247599124908447, 2.1165077686309814, 2.1089630126953125, 2.1021134853363037, 2.0959482192993164, 2.0904574394226074, 2.085632562637329, 2.08146595954895, 2.077951431274414, 2.075083017349243, 2.0728566646575928, 2.0712687969207764, 2.070317029953003, 2.069999933242798]
intensities: [0.0, 0.0, 0.0, 0.0, 0.0, 0.0, 0.0, 0.0, 0.0, 0.0, 0.0, 0.0, 0.0, 0.0, 0.0, 0.0, 0.0, 0.0, 0.0, 0.0, 0.0, 0.0, 0.0, 0.0, 0.0, 0.0, 0.0, 0.0, 0.0, 0.0, 0.0, 0.0, 0.0, 0.0, 0.0, 0.0, 0.0, 0.0, 0.0, 0.0, 0.0, 0.0, 0.0, 0.0, 0.0, 0.0, 0.0, 0.0, 0.0, 0.0, 0.0, 0.0, 0.0, 0.0, 0.0, 0.0, 0.0, 0.0, 0.0, 0.0, 0.0, 0.0, 0.0, 0.0, 0.0, 0.0, 0.0, 0.0, 0.0, 0.0, 0.0, 0.0, 0.0, 0.0, 0.0, 0.0, 0.0, 0.0, 0.0, 0.0, 0.0, 0.0, 0.0, 0.0, 0.0, 0.0, 0.0, 0.0, 0.0, 0.0, 0.0, 0.0, 0.0, 0.0, 0.0, 0.0, 0.0, 0.0, 0.0, 0.0, 0.0, 0.0, 0.0, 0.0, 0.0, 0.0, 0.0, 0.0, 0.0, 0.0, 0.0, 0.0, 0.0, 0.0, 0.0, 0.0, 0.0, 0.0, 0.0, 0.0, 0.0, 0.0, 0.0, 0.0, 0.0, 0.0, 0.0, 0.0, 0.0, 0.0, 0.0, 0.0, 0.0, 0.0, 0.0, 0.0, 0.0, 0.0, 0.0, 0.0, 0.0, 0.0, 0.0, 0.0, 0.0, 0.0, 0.0, 0.0, 0.0, 0.0, 0.0, 0.0, 0.0, 0.0, 0.0, 0.0, 0.0, 0.0, 0.0, 0.0, 0.0, 0.0, 0.0, 0.0, 0.0, 0.0, 0.0, 0.0, 0.0, 0.0, 0.0, 0.0, 0.0, 0.0, 0.0, 0.0, 0.0, 0.0, 0.0, 0.0, 0.0, 0.0, 0.0, 0.0, 0.0, 0.0, 0.0, 0.0, 0.0, 0.0, 0.0, 0.0, 0.0, 0.0, 0.0, 0.0, 0.0, 0.0, 0.0, 0.0, 0.0, 0.0, 0.0, 0.0, 0.0, 0.0, 0.0, 0.0, 0.0, 0.0, 0.0, 0.0, 0.0, 0.0, 0.0, 0.0, 0.0, 0.0, 0.0, 0.0, 0.0, 0.0, 0.0, 0.0, 0.0, 0.0, 0.0, 0.0, 0.0, 0.0, 0.0, 0.0, 0.0, 0.0, 0.0, 0.0, 0.0, 0.0, 0.0, 0.0, 0.0, 0.0, 0.0, 0.0, 0.0, 0.0, 0.0, 0.0, 0.0, 0.0, 0.0, 0.0, 0.0, 0.0, 0.0, 0.0, 0.0, 0.0, 0.0, 0.0, 0.0, 0.0, 0.0, 0.0, 0.0, 0.0, 0.0, 0.0, 0.0, 0.0, 0.0, 0.0, 0.0, 0.0, 0.0, 0.0, 0.0, 0.0, 0.0, 0.0, 0.0, 0.0, 0.0, 0.0, 0.0, 0.0, 0.0, 0.0, 0.0, 0.0, 0.0, 0.0, 0.0, 0.0, 0.0, 0.0, 0.0, 0.0, 0.0, 0.0, 0.0, 0.0, 0.0, 0.0, 0.0, 0.0, 0.0, 0.0, 0.0, 0.0, 0.0, 0.0, 0.0, 0.0, 0.0, 0.0, 0.0, 0.0, 0.0, 0.0, 0.0, 0.0, 0.0, 0.0, 0.0, 0.0, 0.0, 0.0, 0.0, 0.0, 0.0, 0.0, 0.0, 0.0, 0.0, 0.0, 0.0, 0.0, 0.0, 0.0, 0.0, 0.0, 0.0, 0.0, 0.0, 0.0, 0.0, 0.0, 0.0, 0.0, 0.0, 0.0, 0.0, 0.0, 0.0, 0.0, 0.0, 0.0, 0.0, 0.0]
---
header: 
  seq: 86
  stamp: 
    secs: 8
    nsecs: 700000000
  frame_id: "base_laser_link"
angle_min: -3.14159274101
angle_max: 3.14159274101
angle_increment: 0.0175019092858
time_increment: 0.0
scan_time: 0.0
range_min: 0.15000000596
range_max: 16.0
ranges: [2.069999933242798, 2.070317029953003, 2.0712687969207764, 2.0728566646575928, 2.075083017349243, 2.077951431274414, 2.08146595954895, 2.085632562637329, 2.0904574394226074, 2.0959482192993164, 2.1021134853363037, 2.1089630126953125, 2.1165077686309814, 2.1247599124908447, 2.133732795715332, 2.1434412002563477, 2.1539008617401123, 2.1651296615600586, 2.1771466732025146, 2.189972400665283, 2.2036287784576416, 2.2181406021118164, 2.2335333824157715, 2.249835252761841, 2.267076253890991, 2.2852892875671387, 2.304508686065674, 2.3247721195220947, 2.3461203575134277, 2.368596315383911, 2.392246961593628, 2.4171228408813477, 2.443277359008789, 2.4707694053649902, 2.499661445617676, 2.5300214290618896, 2.561922311782837, 2.5954430103302, 2.630669116973877, 2.6676931381225586, 2.7066147327423096, 2.7475430965423584, 2.7905962467193604, 2.835902452468872, 2.8836019039154053, 2.9288971424102783, 2.9699654579162598, 3.0401580333709717, 3.101902484893799, 3.0544633865356445, 3.009361505508423, 3.0435187816619873, 3.0016541481018066, 2.961820602416992, 2.9239141941070557, 2.8878393173217773, 2.8535070419311523, 2.820835590362549, 2.789748430252075, 2.7600138187408447, 2.732050895690918, 2.7053139209747314, 2.679908037185669, 2.6557810306549072, 2.6328837871551514, 2.611171007156372, 2.5906004905700684, 2.5711328983306885, 2.55273175239563, 2.53536319732666, 2.518995761871338, 2.5036003589630127, 2.489149808883667, 2.475618839263916, 2.462984800338745, 2.451225996017456, 2.4403228759765625, 2.4302573204040527, 2.421013116836548, 2.4125752449035645, 2.4049298763275146, 2.3980653285980225, 2.391970157623291, 2.3866353034973145, 2.382051944732666, 2.378213405609131, 2.3751137256622314, 2.3727476596832275, 2.371112108230591, 2.370204210281372, 2.370022773742676, 2.3705673217773438, 2.3718388080596924, 2.3738391399383545, 2.3765716552734375, 2.380040168762207, 2.3842501640319824, 2.3892083168029785, 2.3949222564697266, 2.4014008045196533, 2.40865421295166, 2.416694402694702, 2.4255335330963135, 2.4351863861083984, 2.4456686973571777, 2.4569971561431885, 2.469191074371338, 2.4822707176208496, 2.496258497238159, 2.5111782550811768, 2.5270562171936035, 2.5439202785491943, 2.5618011951446533, 2.580731153488159, 2.600745439529419, 2.6218819618225098, 2.644181728363037, 2.6676878929138184, 2.6924479007720947, 2.718512535095215, 2.7459359169006348, 2.7747769355773926, 2.805098533630371, 2.8369686603546143, 2.8704605102539062, 2.905653476715088, 2.9426326751708984, 2.981490135192871, 3.0223257541656494, 3.0652475357055664, 3.110372304916382, 3.157827377319336, 3.2077505588531494, 3.2602925300598145, 3.3156166076660156, 3.3538520336151123, 3.4170098304748535, 3.4652395248413086, 3.5474908351898193, 3.6151952743530273, 3.7107741832733154, 3.7886173725128174, 3.8709909915924072, 3.95822811126709, 4.05070161819458, 4.148829936981201, 4.205063343048096, 4.150351524353027, 4.1064934730529785, 4.073903560638428, 4.036113262176514, 3.997015953063965, 4.095250129699707, 4.237672805786133, 4.4010820388793945, 4.541122913360596, 4.723959922790527, 4.948777675628662, 5.128844738006592, 5.418198585510254, 5.458396911621094, 5.431396007537842, 5.391225337982178, 5.3637518882751465, 5.342414379119873, 5.320407867431641, 5.297173976898193, 5.275751113891602, 5.256104469299316, 5.238202095031738, 5.222015380859375, 5.207518577575684, 5.19468879699707, 5.183506011962891, 5.173952579498291, 5.166013717651367, 5.159677505493164, 5.154933929443359, 5.151775360107422, 5.1501970291137695, 5.1501970291137695, 5.151775360107422, 5.154933929443359, 5.159677505493164, 5.166013717651367, 5.173952579498291, 5.183506011962891, 5.19468879699707, 5.207518577575684, 5.222015380859375, 5.238202095031738, 5.256104469299316, 5.275751113891602, 5.297173976898193, 5.320407867431641, 5.342414379119873, 5.372465133666992, 5.401375770568848, 5.432272434234619, 5.465208053588867, 5.500240325927734, 5.5374321937561035, 5.446904182434082, 5.198925018310547, 5.0075554847717285, 4.812477111816406, 4.752007961273193, 4.794714450836182, 4.839691638946533, 4.887031555175781, 4.93683385848999, 4.989205837249756, 5.044262409210205, 5.102127552032471, 5.162936210632324, 5.226831912994385, 5.293970584869385, 5.364521026611328, 5.438666343688965, 5.510747909545898, 5.5771918296813965, 5.6587233543396, 5.58694314956665, 5.4920430183410645, 5.3812360763549805, 5.442012310028076, 5.543702125549316, 5.650848388671875, 5.763808727264404, 5.856730937957764, 5.982929706573486, 6.116243362426758, 6.2572126388549805, 6.406440258026123, 6.564598083496094, 6.732438087463379, 6.886862754821777, 6.805618762969971, 6.732053756713867, 6.662080764770508, 6.595547199249268, 6.532310485839844, 6.472238540649414, 6.415208339691162, 6.3611063957214355, 6.309825420379639, 6.261267185211182, 6.2153401374816895, 6.1719584465026855, 6.131043434143066, 6.0925211906433105, 6.056323528289795, 6.0223870277404785, 5.9906535148620605, 5.961069107055664, 5.933584213256836, 5.908153057098389, 5.8847336769104, 5.863287925720215, 5.843781471252441, 5.826183319091797, 5.810465335845947, 5.796602249145508, 5.784573078155518, 5.774358749389648, 5.76594352722168, 5.75931453704834, 5.754461288452148, 5.751376152038574, 5.750054836273193, 5.750495433807373, 5.752697944641113, 5.756666660308838, 5.762406349182129, 5.769927501678467, 5.779240131378174, 5.790359973907471, 5.803303241729736, 5.818090915679932, 5.83474588394165, 5.853294372558594, 5.8737664222717285, 5.896193981170654, 5.920614719390869, 5.9470672607421875, 5.975595951080322, 6.006248474121094, 6.039076328277588, 6.074135780334473, 6.083968639373779, 5.796814918518066, 5.5397772789001465, 5.304781436920166, 5.094864368438721, 4.915895938873291, 4.730193138122559, 4.5574259757995605, 4.417886734008789, 4.266780376434326, 4.1484832763671875, 4.00860595703125, 3.906219720840454, 3.8116610050201416, 3.7002387046813965, 3.594918727874756, 3.5293381214141846, 3.4339377880096436, 3.3686366081237793, 3.2827556133270264, 3.206104040145874, 3.1576225757598877, 3.084599256515503, 3.0401580333709717, 2.9699654579162598, 2.9288971424102783, 2.8836019039154053, 2.835902452468872, 2.7905962467193604, 2.7475430965423584, 2.7066147327423096, 2.6676931381225586, 2.630669116973877, 2.5954430103302, 2.561922311782837, 2.5300214290618896, 2.499661445617676, 2.4707694053649902, 2.443277359008789, 2.4171228408813477, 2.392246961593628, 2.368596315383911, 2.3461203575134277, 2.3247721195220947, 2.304508686065674, 2.2852892875671387, 2.267076253890991, 2.249835252761841, 2.2335333824157715, 2.2181406021118164, 2.2036287784576416, 2.189972400665283, 2.1771466732025146, 2.1651296615600586, 2.1539008617401123, 2.1434412002563477, 2.133732795715332, 2.1247599124908447, 2.1165077686309814, 2.1089630126953125, 2.1021134853363037, 2.0959482192993164, 2.0904574394226074, 2.085632562637329, 2.08146595954895, 2.077951431274414, 2.075083017349243, 2.0728566646575928, 2.0712687969207764, 2.070317029953003, 2.069999933242798]
intensities: [0.0, 0.0, 0.0, 0.0, 0.0, 0.0, 0.0, 0.0, 0.0, 0.0, 0.0, 0.0, 0.0, 0.0, 0.0, 0.0, 0.0, 0.0, 0.0, 0.0, 0.0, 0.0, 0.0, 0.0, 0.0, 0.0, 0.0, 0.0, 0.0, 0.0, 0.0, 0.0, 0.0, 0.0, 0.0, 0.0, 0.0, 0.0, 0.0, 0.0, 0.0, 0.0, 0.0, 0.0, 0.0, 0.0, 0.0, 0.0, 0.0, 0.0, 0.0, 0.0, 0.0, 0.0, 0.0, 0.0, 0.0, 0.0, 0.0, 0.0, 0.0, 0.0, 0.0, 0.0, 0.0, 0.0, 0.0, 0.0, 0.0, 0.0, 0.0, 0.0, 0.0, 0.0, 0.0, 0.0, 0.0, 0.0, 0.0, 0.0, 0.0, 0.0, 0.0, 0.0, 0.0, 0.0, 0.0, 0.0, 0.0, 0.0, 0.0, 0.0, 0.0, 0.0, 0.0, 0.0, 0.0, 0.0, 0.0, 0.0, 0.0, 0.0, 0.0, 0.0, 0.0, 0.0, 0.0, 0.0, 0.0, 0.0, 0.0, 0.0, 0.0, 0.0, 0.0, 0.0, 0.0, 0.0, 0.0, 0.0, 0.0, 0.0, 0.0, 0.0, 0.0, 0.0, 0.0, 0.0, 0.0, 0.0, 0.0, 0.0, 0.0, 0.0, 0.0, 0.0, 0.0, 0.0, 0.0, 0.0, 0.0, 0.0, 0.0, 0.0, 0.0, 0.0, 0.0, 0.0, 0.0, 0.0, 0.0, 0.0, 0.0, 0.0, 0.0, 0.0, 0.0, 0.0, 0.0, 0.0, 0.0, 0.0, 0.0, 0.0, 0.0, 0.0, 0.0, 0.0, 0.0, 0.0, 0.0, 0.0, 0.0, 0.0, 0.0, 0.0, 0.0, 0.0, 0.0, 0.0, 0.0, 0.0, 0.0, 0.0, 0.0, 0.0, 0.0, 0.0, 0.0, 0.0, 0.0, 0.0, 0.0, 0.0, 0.0, 0.0, 0.0, 0.0, 0.0, 0.0, 0.0, 0.0, 0.0, 0.0, 0.0, 0.0, 0.0, 0.0, 0.0, 0.0, 0.0, 0.0, 0.0, 0.0, 0.0, 0.0, 0.0, 0.0, 0.0, 0.0, 0.0, 0.0, 0.0, 0.0, 0.0, 0.0, 0.0, 0.0, 0.0, 0.0, 0.0, 0.0, 0.0, 0.0, 0.0, 0.0, 0.0, 0.0, 0.0, 0.0, 0.0, 0.0, 0.0, 0.0, 0.0, 0.0, 0.0, 0.0, 0.0, 0.0, 0.0, 0.0, 0.0, 0.0, 0.0, 0.0, 0.0, 0.0, 0.0, 0.0, 0.0, 0.0, 0.0, 0.0, 0.0, 0.0, 0.0, 0.0, 0.0, 0.0, 0.0, 0.0, 0.0, 0.0, 0.0, 0.0, 0.0, 0.0, 0.0, 0.0, 0.0, 0.0, 0.0, 0.0, 0.0, 0.0, 0.0, 0.0, 0.0, 0.0, 0.0, 0.0, 0.0, 0.0, 0.0, 0.0, 0.0, 0.0, 0.0, 0.0, 0.0, 0.0, 0.0, 0.0, 0.0, 0.0, 0.0, 0.0, 0.0, 0.0, 0.0, 0.0, 0.0, 0.0, 0.0, 0.0, 0.0, 0.0, 0.0, 0.0, 0.0, 0.0, 0.0, 0.0, 0.0, 0.0, 0.0, 0.0, 0.0, 0.0, 0.0, 0.0, 0.0, 0.0, 0.0, 0.0, 0.0, 0.0, 0.0, 0.0, 0.0, 0.0, 0.0, 0.0, 0.0, 0.0, 0.0, 0.0, 0.0, 0.0, 0.0, 0.0, 0.0, 0.0, 0.0, 0.0, 0.0, 0.0, 0.0, 0.0]
---
header: 
  seq: 87
  stamp: 
    secs: 8
    nsecs: 800000000
  frame_id: "base_laser_link"
angle_min: -3.14159274101
angle_max: 3.14159274101
angle_increment: 0.0175019092858
time_increment: 0.0
scan_time: 0.0
range_min: 0.15000000596
range_max: 16.0
ranges: [2.069999933242798, 2.070317029953003, 2.0712687969207764, 2.0728566646575928, 2.075083017349243, 2.077951431274414, 2.08146595954895, 2.085632562637329, 2.0904574394226074, 2.0959482192993164, 2.1021134853363037, 2.1089630126953125, 2.1165077686309814, 2.1247599124908447, 2.133732795715332, 2.1434412002563477, 2.1539008617401123, 2.1651296615600586, 2.1771466732025146, 2.189972400665283, 2.2036287784576416, 2.2181406021118164, 2.2335333824157715, 2.249835252761841, 2.267076253890991, 2.2852892875671387, 2.304508686065674, 2.3247721195220947, 2.3461203575134277, 2.368596315383911, 2.392246961593628, 2.4171228408813477, 2.443277359008789, 2.4707694053649902, 2.499661445617676, 2.5300214290618896, 2.561922311782837, 2.5954430103302, 2.630669116973877, 2.6676931381225586, 2.7066147327423096, 2.7475430965423584, 2.7905962467193604, 2.835902452468872, 2.8836019039154053, 2.9288971424102783, 2.9699654579162598, 3.0401580333709717, 3.101902484893799, 3.0544633865356445, 3.009361505508423, 3.0435187816619873, 3.0016541481018066, 2.961820602416992, 2.9239141941070557, 2.8878393173217773, 2.8535070419311523, 2.820835590362549, 2.789748430252075, 2.7600138187408447, 2.732050895690918, 2.7053139209747314, 2.679908037185669, 2.6557810306549072, 2.6328837871551514, 2.611171007156372, 2.5906004905700684, 2.5711328983306885, 2.55273175239563, 2.53536319732666, 2.518995761871338, 2.5036003589630127, 2.489149808883667, 2.475618839263916, 2.462984800338745, 2.451225996017456, 2.4403228759765625, 2.4302573204040527, 2.421013116836548, 2.4125752449035645, 2.4049298763275146, 2.3980653285980225, 2.391970157623291, 2.3866353034973145, 2.382051944732666, 2.378213405609131, 2.3751137256622314, 2.3727476596832275, 2.371112108230591, 2.370204210281372, 2.370022773742676, 2.3705673217773438, 2.3718388080596924, 2.3738391399383545, 2.3765716552734375, 2.380040168762207, 2.3842501640319824, 2.3892083168029785, 2.3949222564697266, 2.4014008045196533, 2.40865421295166, 2.416694402694702, 2.4255335330963135, 2.4351863861083984, 2.4456686973571777, 2.4569971561431885, 2.469191074371338, 2.4822707176208496, 2.496258497238159, 2.5111782550811768, 2.5270562171936035, 2.5439202785491943, 2.5618011951446533, 2.580731153488159, 2.600745439529419, 2.6218819618225098, 2.644181728363037, 2.6676878929138184, 2.6924479007720947, 2.718512535095215, 2.7459359169006348, 2.7747769355773926, 2.805098533630371, 2.8369686603546143, 2.8704605102539062, 2.905653476715088, 2.9426326751708984, 2.981490135192871, 3.0223257541656494, 3.0652475357055664, 3.110372304916382, 3.157827377319336, 3.2077505588531494, 3.2602925300598145, 3.3156166076660156, 3.3538520336151123, 3.4170098304748535, 3.4652395248413086, 3.5474908351898193, 3.6151952743530273, 3.7107741832733154, 3.7886173725128174, 3.8709909915924072, 3.95822811126709, 4.05070161819458, 4.148829936981201, 4.205063343048096, 4.150351524353027, 4.1064934730529785, 4.073903560638428, 4.036113262176514, 3.997015953063965, 4.095250129699707, 4.237672805786133, 4.4010820388793945, 4.541122913360596, 4.723959922790527, 4.948777675628662, 5.128844738006592, 5.418198585510254, 5.458396911621094, 5.431396007537842, 5.391225337982178, 5.3637518882751465, 5.342414379119873, 5.320407867431641, 5.297173976898193, 5.275751113891602, 5.256104469299316, 5.238202095031738, 5.222015380859375, 5.207518577575684, 5.19468879699707, 5.183506011962891, 5.173952579498291, 5.166013717651367, 5.159677505493164, 5.154933929443359, 5.151775360107422, 5.1501970291137695, 5.1501970291137695, 5.151775360107422, 5.154933929443359, 5.159677505493164, 5.166013717651367, 5.173952579498291, 5.183506011962891, 5.19468879699707, 5.207518577575684, 5.222015380859375, 5.238202095031738, 5.256104469299316, 5.275751113891602, 5.297173976898193, 5.320407867431641, 5.342414379119873, 5.372465133666992, 5.401375770568848, 5.432272434234619, 5.465208053588867, 5.500240325927734, 5.5374321937561035, 5.446904182434082, 5.198925018310547, 5.0075554847717285, 4.812477111816406, 4.752007961273193, 4.794714450836182, 4.839691638946533, 4.887031555175781, 4.93683385848999, 4.989205837249756, 5.044262409210205, 5.102127552032471, 5.162936210632324, 5.226831912994385, 5.293970584869385, 5.364521026611328, 5.438666343688965, 5.510747909545898, 5.5771918296813965, 5.6587233543396, 5.58694314956665, 5.4920430183410645, 5.3812360763549805, 5.442012310028076, 5.543702125549316, 5.650848388671875, 5.763808727264404, 5.856730937957764, 5.982929706573486, 6.116243362426758, 6.2572126388549805, 6.406440258026123, 6.564598083496094, 6.732438087463379, 6.886862754821777, 6.805618762969971, 6.732053756713867, 6.662080764770508, 6.595547199249268, 6.532310485839844, 6.472238540649414, 6.415208339691162, 6.3611063957214355, 6.309825420379639, 6.261267185211182, 6.2153401374816895, 6.1719584465026855, 6.131043434143066, 6.0925211906433105, 6.056323528289795, 6.0223870277404785, 5.9906535148620605, 5.961069107055664, 5.933584213256836, 5.908153057098389, 5.8847336769104, 5.863287925720215, 5.843781471252441, 5.826183319091797, 5.810465335845947, 5.796602249145508, 5.784573078155518, 5.774358749389648, 5.76594352722168, 5.75931453704834, 5.754461288452148, 5.751376152038574, 5.750054836273193, 5.750495433807373, 5.752697944641113, 5.756666660308838, 5.762406349182129, 5.769927501678467, 5.779240131378174, 5.790359973907471, 5.803303241729736, 5.818090915679932, 5.83474588394165, 5.853294372558594, 5.8737664222717285, 5.896193981170654, 5.920614719390869, 5.9470672607421875, 5.975595951080322, 6.006248474121094, 6.039076328277588, 6.074135780334473, 6.083968639373779, 5.796814918518066, 5.5397772789001465, 5.304781436920166, 5.094864368438721, 4.915895938873291, 4.730193138122559, 4.5574259757995605, 4.417886734008789, 4.266780376434326, 4.1484832763671875, 4.00860595703125, 3.906219720840454, 3.8116610050201416, 3.7002387046813965, 3.594918727874756, 3.5293381214141846, 3.4339377880096436, 3.3686366081237793, 3.2827556133270264, 3.206104040145874, 3.1576225757598877, 3.084599256515503, 3.0401580333709717, 2.9699654579162598, 2.9288971424102783, 2.8836019039154053, 2.835902452468872, 2.7905962467193604, 2.7475430965423584, 2.7066147327423096, 2.6676931381225586, 2.630669116973877, 2.5954430103302, 2.561922311782837, 2.5300214290618896, 2.499661445617676, 2.4707694053649902, 2.443277359008789, 2.4171228408813477, 2.392246961593628, 2.368596315383911, 2.3461203575134277, 2.3247721195220947, 2.304508686065674, 2.2852892875671387, 2.267076253890991, 2.249835252761841, 2.2335333824157715, 2.2181406021118164, 2.2036287784576416, 2.189972400665283, 2.1771466732025146, 2.1651296615600586, 2.1539008617401123, 2.1434412002563477, 2.133732795715332, 2.1247599124908447, 2.1165077686309814, 2.1089630126953125, 2.1021134853363037, 2.0959482192993164, 2.0904574394226074, 2.085632562637329, 2.08146595954895, 2.077951431274414, 2.075083017349243, 2.0728566646575928, 2.0712687969207764, 2.070317029953003, 2.069999933242798]
intensities: [0.0, 0.0, 0.0, 0.0, 0.0, 0.0, 0.0, 0.0, 0.0, 0.0, 0.0, 0.0, 0.0, 0.0, 0.0, 0.0, 0.0, 0.0, 0.0, 0.0, 0.0, 0.0, 0.0, 0.0, 0.0, 0.0, 0.0, 0.0, 0.0, 0.0, 0.0, 0.0, 0.0, 0.0, 0.0, 0.0, 0.0, 0.0, 0.0, 0.0, 0.0, 0.0, 0.0, 0.0, 0.0, 0.0, 0.0, 0.0, 0.0, 0.0, 0.0, 0.0, 0.0, 0.0, 0.0, 0.0, 0.0, 0.0, 0.0, 0.0, 0.0, 0.0, 0.0, 0.0, 0.0, 0.0, 0.0, 0.0, 0.0, 0.0, 0.0, 0.0, 0.0, 0.0, 0.0, 0.0, 0.0, 0.0, 0.0, 0.0, 0.0, 0.0, 0.0, 0.0, 0.0, 0.0, 0.0, 0.0, 0.0, 0.0, 0.0, 0.0, 0.0, 0.0, 0.0, 0.0, 0.0, 0.0, 0.0, 0.0, 0.0, 0.0, 0.0, 0.0, 0.0, 0.0, 0.0, 0.0, 0.0, 0.0, 0.0, 0.0, 0.0, 0.0, 0.0, 0.0, 0.0, 0.0, 0.0, 0.0, 0.0, 0.0, 0.0, 0.0, 0.0, 0.0, 0.0, 0.0, 0.0, 0.0, 0.0, 0.0, 0.0, 0.0, 0.0, 0.0, 0.0, 0.0, 0.0, 0.0, 0.0, 0.0, 0.0, 0.0, 0.0, 0.0, 0.0, 0.0, 0.0, 0.0, 0.0, 0.0, 0.0, 0.0, 0.0, 0.0, 0.0, 0.0, 0.0, 0.0, 0.0, 0.0, 0.0, 0.0, 0.0, 0.0, 0.0, 0.0, 0.0, 0.0, 0.0, 0.0, 0.0, 0.0, 0.0, 0.0, 0.0, 0.0, 0.0, 0.0, 0.0, 0.0, 0.0, 0.0, 0.0, 0.0, 0.0, 0.0, 0.0, 0.0, 0.0, 0.0, 0.0, 0.0, 0.0, 0.0, 0.0, 0.0, 0.0, 0.0, 0.0, 0.0, 0.0, 0.0, 0.0, 0.0, 0.0, 0.0, 0.0, 0.0, 0.0, 0.0, 0.0, 0.0, 0.0, 0.0, 0.0, 0.0, 0.0, 0.0, 0.0, 0.0, 0.0, 0.0, 0.0, 0.0, 0.0, 0.0, 0.0, 0.0, 0.0, 0.0, 0.0, 0.0, 0.0, 0.0, 0.0, 0.0, 0.0, 0.0, 0.0, 0.0, 0.0, 0.0, 0.0, 0.0, 0.0, 0.0, 0.0, 0.0, 0.0, 0.0, 0.0, 0.0, 0.0, 0.0, 0.0, 0.0, 0.0, 0.0, 0.0, 0.0, 0.0, 0.0, 0.0, 0.0, 0.0, 0.0, 0.0, 0.0, 0.0, 0.0, 0.0, 0.0, 0.0, 0.0, 0.0, 0.0, 0.0, 0.0, 0.0, 0.0, 0.0, 0.0, 0.0, 0.0, 0.0, 0.0, 0.0, 0.0, 0.0, 0.0, 0.0, 0.0, 0.0, 0.0, 0.0, 0.0, 0.0, 0.0, 0.0, 0.0, 0.0, 0.0, 0.0, 0.0, 0.0, 0.0, 0.0, 0.0, 0.0, 0.0, 0.0, 0.0, 0.0, 0.0, 0.0, 0.0, 0.0, 0.0, 0.0, 0.0, 0.0, 0.0, 0.0, 0.0, 0.0, 0.0, 0.0, 0.0, 0.0, 0.0, 0.0, 0.0, 0.0, 0.0, 0.0, 0.0, 0.0, 0.0, 0.0, 0.0, 0.0, 0.0, 0.0, 0.0, 0.0, 0.0, 0.0, 0.0, 0.0, 0.0, 0.0, 0.0, 0.0, 0.0, 0.0, 0.0, 0.0, 0.0]
---
header: 
  seq: 88
  stamp: 
    secs: 8
    nsecs: 900000000
  frame_id: "base_laser_link"
angle_min: -3.14159274101
angle_max: 3.14159274101
angle_increment: 0.0175019092858
time_increment: 0.0
scan_time: 0.0
range_min: 0.15000000596
range_max: 16.0
ranges: [2.069999933242798, 2.070317029953003, 2.0712687969207764, 2.0728566646575928, 2.075083017349243, 2.077951431274414, 2.08146595954895, 2.085632562637329, 2.0904574394226074, 2.0959482192993164, 2.1021134853363037, 2.1089630126953125, 2.1165077686309814, 2.1247599124908447, 2.133732795715332, 2.1434412002563477, 2.1539008617401123, 2.1651296615600586, 2.1771466732025146, 2.189972400665283, 2.2036287784576416, 2.2181406021118164, 2.2335333824157715, 2.249835252761841, 2.267076253890991, 2.2852892875671387, 2.304508686065674, 2.3247721195220947, 2.3461203575134277, 2.368596315383911, 2.392246961593628, 2.4171228408813477, 2.443277359008789, 2.4707694053649902, 2.499661445617676, 2.5300214290618896, 2.561922311782837, 2.5954430103302, 2.630669116973877, 2.6676931381225586, 2.7066147327423096, 2.7475430965423584, 2.7905962467193604, 2.835902452468872, 2.8836019039154053, 2.9288971424102783, 2.9699654579162598, 3.0401580333709717, 3.101902484893799, 3.0544633865356445, 3.009361505508423, 3.0435187816619873, 3.0016541481018066, 2.961820602416992, 2.9239141941070557, 2.8878393173217773, 2.8535070419311523, 2.820835590362549, 2.789748430252075, 2.7600138187408447, 2.732050895690918, 2.7053139209747314, 2.679908037185669, 2.6557810306549072, 2.6328837871551514, 2.611171007156372, 2.5906004905700684, 2.5711328983306885, 2.55273175239563, 2.53536319732666, 2.518995761871338, 2.5036003589630127, 2.489149808883667, 2.475618839263916, 2.462984800338745, 2.451225996017456, 2.4403228759765625, 2.4302573204040527, 2.421013116836548, 2.4125752449035645, 2.4049298763275146, 2.3980653285980225, 2.391970157623291, 2.3866353034973145, 2.382051944732666, 2.378213405609131, 2.3751137256622314, 2.3727476596832275, 2.371112108230591, 2.370204210281372, 2.370022773742676, 2.3705673217773438, 2.3718388080596924, 2.3738391399383545, 2.3765716552734375, 2.380040168762207, 2.3842501640319824, 2.3892083168029785, 2.3949222564697266, 2.4014008045196533, 2.40865421295166, 2.416694402694702, 2.4255335330963135, 2.4351863861083984, 2.4456686973571777, 2.4569971561431885, 2.469191074371338, 2.4822707176208496, 2.496258497238159, 2.5111782550811768, 2.5270562171936035, 2.5439202785491943, 2.5618011951446533, 2.580731153488159, 2.600745439529419, 2.6218819618225098, 2.644181728363037, 2.6676878929138184, 2.6924479007720947, 2.718512535095215, 2.7459359169006348, 2.7747769355773926, 2.805098533630371, 2.8369686603546143, 2.8704605102539062, 2.905653476715088, 2.9426326751708984, 2.981490135192871, 3.0223257541656494, 3.0652475357055664, 3.110372304916382, 3.157827377319336, 3.2077505588531494, 3.2602925300598145, 3.3156166076660156, 3.3538520336151123, 3.4170098304748535, 3.4652395248413086, 3.5474908351898193, 3.6151952743530273, 3.7107741832733154, 3.7886173725128174, 3.8709909915924072, 3.95822811126709, 4.05070161819458, 4.148829936981201, 4.205063343048096, 4.150351524353027, 4.1064934730529785, 4.073903560638428, 4.036113262176514, 3.997015953063965, 4.095250129699707, 4.237672805786133, 4.4010820388793945, 4.541122913360596, 4.723959922790527, 4.948777675628662, 5.128844738006592, 5.418198585510254, 5.458396911621094, 5.431396007537842, 5.391225337982178, 5.3637518882751465, 5.342414379119873, 5.320407867431641, 5.297173976898193, 5.275751113891602, 5.256104469299316, 5.238202095031738, 5.222015380859375, 5.207518577575684, 5.19468879699707, 5.183506011962891, 5.173952579498291, 5.166013717651367, 5.159677505493164, 5.154933929443359, 5.151775360107422, 5.1501970291137695, 5.1501970291137695, 5.151775360107422, 5.154933929443359, 5.159677505493164, 5.166013717651367, 5.173952579498291, 5.183506011962891, 5.19468879699707, 5.207518577575684, 5.222015380859375, 5.238202095031738, 5.256104469299316, 5.275751113891602, 5.297173976898193, 5.320407867431641, 5.342414379119873, 5.372465133666992, 5.401375770568848, 5.432272434234619, 5.465208053588867, 5.500240325927734, 5.5374321937561035, 5.446904182434082, 5.198925018310547, 5.0075554847717285, 4.812477111816406, 4.752007961273193, 4.794714450836182, 4.839691638946533, 4.887031555175781, 4.93683385848999, 4.989205837249756, 5.044262409210205, 5.102127552032471, 5.162936210632324, 5.226831912994385, 5.293970584869385, 5.364521026611328, 5.438666343688965, 5.510747909545898, 5.5771918296813965, 5.6587233543396, 5.58694314956665, 5.4920430183410645, 5.3812360763549805, 5.442012310028076, 5.543702125549316, 5.650848388671875, 5.763808727264404, 5.856730937957764, 5.982929706573486, 6.116243362426758, 6.2572126388549805, 6.406440258026123, 6.564598083496094, 6.732438087463379, 6.886862754821777, 6.805618762969971, 6.732053756713867, 6.662080764770508, 6.595547199249268, 6.532310485839844, 6.472238540649414, 6.415208339691162, 6.3611063957214355, 6.309825420379639, 6.261267185211182, 6.2153401374816895, 6.1719584465026855, 6.131043434143066, 6.0925211906433105, 6.056323528289795, 6.0223870277404785, 5.9906535148620605, 5.961069107055664, 5.933584213256836, 5.908153057098389, 5.8847336769104, 5.863287925720215, 5.843781471252441, 5.826183319091797, 5.810465335845947, 5.796602249145508, 5.784573078155518, 5.774358749389648, 5.76594352722168, 5.75931453704834, 5.754461288452148, 5.751376152038574, 5.750054836273193, 5.750495433807373, 5.752697944641113, 5.756666660308838, 5.762406349182129, 5.769927501678467, 5.779240131378174, 5.790359973907471, 5.803303241729736, 5.818090915679932, 5.83474588394165, 5.853294372558594, 5.8737664222717285, 5.896193981170654, 5.920614719390869, 5.9470672607421875, 5.975595951080322, 6.006248474121094, 6.039076328277588, 6.074135780334473, 6.083968639373779, 5.796814918518066, 5.5397772789001465, 5.304781436920166, 5.094864368438721, 4.915895938873291, 4.730193138122559, 4.5574259757995605, 4.417886734008789, 4.266780376434326, 4.1484832763671875, 4.00860595703125, 3.906219720840454, 3.8116610050201416, 3.7002387046813965, 3.594918727874756, 3.5293381214141846, 3.4339377880096436, 3.3686366081237793, 3.2827556133270264, 3.206104040145874, 3.1576225757598877, 3.084599256515503, 3.0401580333709717, 2.9699654579162598, 2.9288971424102783, 2.8836019039154053, 2.835902452468872, 2.7905962467193604, 2.7475430965423584, 2.7066147327423096, 2.6676931381225586, 2.630669116973877, 2.5954430103302, 2.561922311782837, 2.5300214290618896, 2.499661445617676, 2.4707694053649902, 2.443277359008789, 2.4171228408813477, 2.392246961593628, 2.368596315383911, 2.3461203575134277, 2.3247721195220947, 2.304508686065674, 2.2852892875671387, 2.267076253890991, 2.249835252761841, 2.2335333824157715, 2.2181406021118164, 2.2036287784576416, 2.189972400665283, 2.1771466732025146, 2.1651296615600586, 2.1539008617401123, 2.1434412002563477, 2.133732795715332, 2.1247599124908447, 2.1165077686309814, 2.1089630126953125, 2.1021134853363037, 2.0959482192993164, 2.0904574394226074, 2.085632562637329, 2.08146595954895, 2.077951431274414, 2.075083017349243, 2.0728566646575928, 2.0712687969207764, 2.070317029953003, 2.069999933242798]
intensities: [0.0, 0.0, 0.0, 0.0, 0.0, 0.0, 0.0, 0.0, 0.0, 0.0, 0.0, 0.0, 0.0, 0.0, 0.0, 0.0, 0.0, 0.0, 0.0, 0.0, 0.0, 0.0, 0.0, 0.0, 0.0, 0.0, 0.0, 0.0, 0.0, 0.0, 0.0, 0.0, 0.0, 0.0, 0.0, 0.0, 0.0, 0.0, 0.0, 0.0, 0.0, 0.0, 0.0, 0.0, 0.0, 0.0, 0.0, 0.0, 0.0, 0.0, 0.0, 0.0, 0.0, 0.0, 0.0, 0.0, 0.0, 0.0, 0.0, 0.0, 0.0, 0.0, 0.0, 0.0, 0.0, 0.0, 0.0, 0.0, 0.0, 0.0, 0.0, 0.0, 0.0, 0.0, 0.0, 0.0, 0.0, 0.0, 0.0, 0.0, 0.0, 0.0, 0.0, 0.0, 0.0, 0.0, 0.0, 0.0, 0.0, 0.0, 0.0, 0.0, 0.0, 0.0, 0.0, 0.0, 0.0, 0.0, 0.0, 0.0, 0.0, 0.0, 0.0, 0.0, 0.0, 0.0, 0.0, 0.0, 0.0, 0.0, 0.0, 0.0, 0.0, 0.0, 0.0, 0.0, 0.0, 0.0, 0.0, 0.0, 0.0, 0.0, 0.0, 0.0, 0.0, 0.0, 0.0, 0.0, 0.0, 0.0, 0.0, 0.0, 0.0, 0.0, 0.0, 0.0, 0.0, 0.0, 0.0, 0.0, 0.0, 0.0, 0.0, 0.0, 0.0, 0.0, 0.0, 0.0, 0.0, 0.0, 0.0, 0.0, 0.0, 0.0, 0.0, 0.0, 0.0, 0.0, 0.0, 0.0, 0.0, 0.0, 0.0, 0.0, 0.0, 0.0, 0.0, 0.0, 0.0, 0.0, 0.0, 0.0, 0.0, 0.0, 0.0, 0.0, 0.0, 0.0, 0.0, 0.0, 0.0, 0.0, 0.0, 0.0, 0.0, 0.0, 0.0, 0.0, 0.0, 0.0, 0.0, 0.0, 0.0, 0.0, 0.0, 0.0, 0.0, 0.0, 0.0, 0.0, 0.0, 0.0, 0.0, 0.0, 0.0, 0.0, 0.0, 0.0, 0.0, 0.0, 0.0, 0.0, 0.0, 0.0, 0.0, 0.0, 0.0, 0.0, 0.0, 0.0, 0.0, 0.0, 0.0, 0.0, 0.0, 0.0, 0.0, 0.0, 0.0, 0.0, 0.0, 0.0, 0.0, 0.0, 0.0, 0.0, 0.0, 0.0, 0.0, 0.0, 0.0, 0.0, 0.0, 0.0, 0.0, 0.0, 0.0, 0.0, 0.0, 0.0, 0.0, 0.0, 0.0, 0.0, 0.0, 0.0, 0.0, 0.0, 0.0, 0.0, 0.0, 0.0, 0.0, 0.0, 0.0, 0.0, 0.0, 0.0, 0.0, 0.0, 0.0, 0.0, 0.0, 0.0, 0.0, 0.0, 0.0, 0.0, 0.0, 0.0, 0.0, 0.0, 0.0, 0.0, 0.0, 0.0, 0.0, 0.0, 0.0, 0.0, 0.0, 0.0, 0.0, 0.0, 0.0, 0.0, 0.0, 0.0, 0.0, 0.0, 0.0, 0.0, 0.0, 0.0, 0.0, 0.0, 0.0, 0.0, 0.0, 0.0, 0.0, 0.0, 0.0, 0.0, 0.0, 0.0, 0.0, 0.0, 0.0, 0.0, 0.0, 0.0, 0.0, 0.0, 0.0, 0.0, 0.0, 0.0, 0.0, 0.0, 0.0, 0.0, 0.0, 0.0, 0.0, 0.0, 0.0, 0.0, 0.0, 0.0, 0.0, 0.0, 0.0, 0.0, 0.0, 0.0, 0.0, 0.0, 0.0, 0.0, 0.0, 0.0, 0.0, 0.0, 0.0, 0.0, 0.0, 0.0, 0.0, 0.0]
---
header: 
  seq: 89
  stamp: 
    secs: 9
    nsecs:         0
  frame_id: "base_laser_link"
angle_min: -3.14159274101
angle_max: 3.14159274101
angle_increment: 0.0175019092858
time_increment: 0.0
scan_time: 0.0
range_min: 0.15000000596
range_max: 16.0
ranges: [2.069999933242798, 2.070317029953003, 2.0712687969207764, 2.0728566646575928, 2.075083017349243, 2.077951431274414, 2.08146595954895, 2.085632562637329, 2.0904574394226074, 2.0959482192993164, 2.1021134853363037, 2.1089630126953125, 2.1165077686309814, 2.1247599124908447, 2.133732795715332, 2.1434412002563477, 2.1539008617401123, 2.1651296615600586, 2.1771466732025146, 2.189972400665283, 2.2036287784576416, 2.2181406021118164, 2.2335333824157715, 2.249835252761841, 2.267076253890991, 2.2852892875671387, 2.304508686065674, 2.3247721195220947, 2.3461203575134277, 2.368596315383911, 2.392246961593628, 2.4171228408813477, 2.443277359008789, 2.4707694053649902, 2.499661445617676, 2.5300214290618896, 2.561922311782837, 2.5954430103302, 2.630669116973877, 2.6676931381225586, 2.7066147327423096, 2.7475430965423584, 2.7905962467193604, 2.835902452468872, 2.8836019039154053, 2.9288971424102783, 2.9699654579162598, 3.0401580333709717, 3.101902484893799, 3.0544633865356445, 3.009361505508423, 3.0435187816619873, 3.0016541481018066, 2.961820602416992, 2.9239141941070557, 2.8878393173217773, 2.8535070419311523, 2.820835590362549, 2.789748430252075, 2.7600138187408447, 2.732050895690918, 2.7053139209747314, 2.679908037185669, 2.6557810306549072, 2.6328837871551514, 2.611171007156372, 2.5906004905700684, 2.5711328983306885, 2.55273175239563, 2.53536319732666, 2.518995761871338, 2.5036003589630127, 2.489149808883667, 2.475618839263916, 2.462984800338745, 2.451225996017456, 2.4403228759765625, 2.4302573204040527, 2.421013116836548, 2.4125752449035645, 2.4049298763275146, 2.3980653285980225, 2.391970157623291, 2.3866353034973145, 2.382051944732666, 2.378213405609131, 2.3751137256622314, 2.3727476596832275, 2.371112108230591, 2.370204210281372, 2.370022773742676, 2.3705673217773438, 2.3718388080596924, 2.3738391399383545, 2.3765716552734375, 2.380040168762207, 2.3842501640319824, 2.3892083168029785, 2.3949222564697266, 2.4014008045196533, 2.40865421295166, 2.416694402694702, 2.4255335330963135, 2.4351863861083984, 2.4456686973571777, 2.4569971561431885, 2.469191074371338, 2.4822707176208496, 2.496258497238159, 2.5111782550811768, 2.5270562171936035, 2.5439202785491943, 2.5618011951446533, 2.580731153488159, 2.600745439529419, 2.6218819618225098, 2.644181728363037, 2.6676878929138184, 2.6924479007720947, 2.718512535095215, 2.7459359169006348, 2.7747769355773926, 2.805098533630371, 2.8369686603546143, 2.8704605102539062, 2.905653476715088, 2.9426326751708984, 2.981490135192871, 3.0223257541656494, 3.0652475357055664, 3.110372304916382, 3.157827377319336, 3.2077505588531494, 3.2602925300598145, 3.3156166076660156, 3.3538520336151123, 3.4170098304748535, 3.4652395248413086, 3.5474908351898193, 3.6151952743530273, 3.7107741832733154, 3.7886173725128174, 3.8709909915924072, 3.95822811126709, 4.05070161819458, 4.148829936981201, 4.205063343048096, 4.150351524353027, 4.1064934730529785, 4.073903560638428, 4.036113262176514, 3.997015953063965, 4.095250129699707, 4.237672805786133, 4.4010820388793945, 4.541122913360596, 4.723959922790527, 4.948777675628662, 5.128844738006592, 5.418198585510254, 5.458396911621094, 5.431396007537842, 5.391225337982178, 5.3637518882751465, 5.342414379119873, 5.320407867431641, 5.297173976898193, 5.275751113891602, 5.256104469299316, 5.238202095031738, 5.222015380859375, 5.207518577575684, 5.19468879699707, 5.183506011962891, 5.173952579498291, 5.166013717651367, 5.159677505493164, 5.154933929443359, 5.151775360107422, 5.1501970291137695, 5.1501970291137695, 5.151775360107422, 5.154933929443359, 5.159677505493164, 5.166013717651367, 5.173952579498291, 5.183506011962891, 5.19468879699707, 5.207518577575684, 5.222015380859375, 5.238202095031738, 5.256104469299316, 5.275751113891602, 5.297173976898193, 5.320407867431641, 5.342414379119873, 5.372465133666992, 5.401375770568848, 5.432272434234619, 5.465208053588867, 5.500240325927734, 5.5374321937561035, 5.446904182434082, 5.198925018310547, 5.0075554847717285, 4.812477111816406, 4.752007961273193, 4.794714450836182, 4.839691638946533, 4.887031555175781, 4.93683385848999, 4.989205837249756, 5.044262409210205, 5.102127552032471, 5.162936210632324, 5.226831912994385, 5.293970584869385, 5.364521026611328, 5.438666343688965, 5.510747909545898, 5.5771918296813965, 5.6587233543396, 5.58694314956665, 5.4920430183410645, 5.3812360763549805, 5.442012310028076, 5.543702125549316, 5.650848388671875, 5.763808727264404, 5.856730937957764, 5.982929706573486, 6.116243362426758, 6.2572126388549805, 6.406440258026123, 6.564598083496094, 6.732438087463379, 6.886862754821777, 6.805618762969971, 6.732053756713867, 6.662080764770508, 6.595547199249268, 6.532310485839844, 6.472238540649414, 6.415208339691162, 6.3611063957214355, 6.309825420379639, 6.261267185211182, 6.2153401374816895, 6.1719584465026855, 6.131043434143066, 6.0925211906433105, 6.056323528289795, 6.0223870277404785, 5.9906535148620605, 5.961069107055664, 5.933584213256836, 5.908153057098389, 5.8847336769104, 5.863287925720215, 5.843781471252441, 5.826183319091797, 5.810465335845947, 5.796602249145508, 5.784573078155518, 5.774358749389648, 5.76594352722168, 5.75931453704834, 5.754461288452148, 5.751376152038574, 5.750054836273193, 5.750495433807373, 5.752697944641113, 5.756666660308838, 5.762406349182129, 5.769927501678467, 5.779240131378174, 5.790359973907471, 5.803303241729736, 5.818090915679932, 5.83474588394165, 5.853294372558594, 5.8737664222717285, 5.896193981170654, 5.920614719390869, 5.9470672607421875, 5.975595951080322, 6.006248474121094, 6.039076328277588, 6.074135780334473, 6.083968639373779, 5.796814918518066, 5.5397772789001465, 5.304781436920166, 5.094864368438721, 4.915895938873291, 4.730193138122559, 4.5574259757995605, 4.417886734008789, 4.266780376434326, 4.1484832763671875, 4.00860595703125, 3.906219720840454, 3.8116610050201416, 3.7002387046813965, 3.594918727874756, 3.5293381214141846, 3.4339377880096436, 3.3686366081237793, 3.2827556133270264, 3.206104040145874, 3.1576225757598877, 3.084599256515503, 3.0401580333709717, 2.9699654579162598, 2.9288971424102783, 2.8836019039154053, 2.835902452468872, 2.7905962467193604, 2.7475430965423584, 2.7066147327423096, 2.6676931381225586, 2.630669116973877, 2.5954430103302, 2.561922311782837, 2.5300214290618896, 2.499661445617676, 2.4707694053649902, 2.443277359008789, 2.4171228408813477, 2.392246961593628, 2.368596315383911, 2.3461203575134277, 2.3247721195220947, 2.304508686065674, 2.2852892875671387, 2.267076253890991, 2.249835252761841, 2.2335333824157715, 2.2181406021118164, 2.2036287784576416, 2.189972400665283, 2.1771466732025146, 2.1651296615600586, 2.1539008617401123, 2.1434412002563477, 2.133732795715332, 2.1247599124908447, 2.1165077686309814, 2.1089630126953125, 2.1021134853363037, 2.0959482192993164, 2.0904574394226074, 2.085632562637329, 2.08146595954895, 2.077951431274414, 2.075083017349243, 2.0728566646575928, 2.0712687969207764, 2.070317029953003, 2.069999933242798]
intensities: [0.0, 0.0, 0.0, 0.0, 0.0, 0.0, 0.0, 0.0, 0.0, 0.0, 0.0, 0.0, 0.0, 0.0, 0.0, 0.0, 0.0, 0.0, 0.0, 0.0, 0.0, 0.0, 0.0, 0.0, 0.0, 0.0, 0.0, 0.0, 0.0, 0.0, 0.0, 0.0, 0.0, 0.0, 0.0, 0.0, 0.0, 0.0, 0.0, 0.0, 0.0, 0.0, 0.0, 0.0, 0.0, 0.0, 0.0, 0.0, 0.0, 0.0, 0.0, 0.0, 0.0, 0.0, 0.0, 0.0, 0.0, 0.0, 0.0, 0.0, 0.0, 0.0, 0.0, 0.0, 0.0, 0.0, 0.0, 0.0, 0.0, 0.0, 0.0, 0.0, 0.0, 0.0, 0.0, 0.0, 0.0, 0.0, 0.0, 0.0, 0.0, 0.0, 0.0, 0.0, 0.0, 0.0, 0.0, 0.0, 0.0, 0.0, 0.0, 0.0, 0.0, 0.0, 0.0, 0.0, 0.0, 0.0, 0.0, 0.0, 0.0, 0.0, 0.0, 0.0, 0.0, 0.0, 0.0, 0.0, 0.0, 0.0, 0.0, 0.0, 0.0, 0.0, 0.0, 0.0, 0.0, 0.0, 0.0, 0.0, 0.0, 0.0, 0.0, 0.0, 0.0, 0.0, 0.0, 0.0, 0.0, 0.0, 0.0, 0.0, 0.0, 0.0, 0.0, 0.0, 0.0, 0.0, 0.0, 0.0, 0.0, 0.0, 0.0, 0.0, 0.0, 0.0, 0.0, 0.0, 0.0, 0.0, 0.0, 0.0, 0.0, 0.0, 0.0, 0.0, 0.0, 0.0, 0.0, 0.0, 0.0, 0.0, 0.0, 0.0, 0.0, 0.0, 0.0, 0.0, 0.0, 0.0, 0.0, 0.0, 0.0, 0.0, 0.0, 0.0, 0.0, 0.0, 0.0, 0.0, 0.0, 0.0, 0.0, 0.0, 0.0, 0.0, 0.0, 0.0, 0.0, 0.0, 0.0, 0.0, 0.0, 0.0, 0.0, 0.0, 0.0, 0.0, 0.0, 0.0, 0.0, 0.0, 0.0, 0.0, 0.0, 0.0, 0.0, 0.0, 0.0, 0.0, 0.0, 0.0, 0.0, 0.0, 0.0, 0.0, 0.0, 0.0, 0.0, 0.0, 0.0, 0.0, 0.0, 0.0, 0.0, 0.0, 0.0, 0.0, 0.0, 0.0, 0.0, 0.0, 0.0, 0.0, 0.0, 0.0, 0.0, 0.0, 0.0, 0.0, 0.0, 0.0, 0.0, 0.0, 0.0, 0.0, 0.0, 0.0, 0.0, 0.0, 0.0, 0.0, 0.0, 0.0, 0.0, 0.0, 0.0, 0.0, 0.0, 0.0, 0.0, 0.0, 0.0, 0.0, 0.0, 0.0, 0.0, 0.0, 0.0, 0.0, 0.0, 0.0, 0.0, 0.0, 0.0, 0.0, 0.0, 0.0, 0.0, 0.0, 0.0, 0.0, 0.0, 0.0, 0.0, 0.0, 0.0, 0.0, 0.0, 0.0, 0.0, 0.0, 0.0, 0.0, 0.0, 0.0, 0.0, 0.0, 0.0, 0.0, 0.0, 0.0, 0.0, 0.0, 0.0, 0.0, 0.0, 0.0, 0.0, 0.0, 0.0, 0.0, 0.0, 0.0, 0.0, 0.0, 0.0, 0.0, 0.0, 0.0, 0.0, 0.0, 0.0, 0.0, 0.0, 0.0, 0.0, 0.0, 0.0, 0.0, 0.0, 0.0, 0.0, 0.0, 0.0, 0.0, 0.0, 0.0, 0.0, 0.0, 0.0, 0.0, 0.0, 0.0, 0.0, 0.0, 0.0, 0.0, 0.0, 0.0, 0.0, 0.0, 0.0, 0.0, 0.0, 0.0, 0.0, 0.0, 0.0, 0.0]
---
header: 
  seq: 90
  stamp: 
    secs: 9
    nsecs: 100000000
  frame_id: "base_laser_link"
angle_min: -3.14159274101
angle_max: 3.14159274101
angle_increment: 0.0175019092858
time_increment: 0.0
scan_time: 0.0
range_min: 0.15000000596
range_max: 16.0
ranges: [2.069999933242798, 2.070317029953003, 2.0712687969207764, 2.0728566646575928, 2.075083017349243, 2.077951431274414, 2.08146595954895, 2.085632562637329, 2.0904574394226074, 2.0959482192993164, 2.1021134853363037, 2.1089630126953125, 2.1165077686309814, 2.1247599124908447, 2.133732795715332, 2.1434412002563477, 2.1539008617401123, 2.1651296615600586, 2.1771466732025146, 2.189972400665283, 2.2036287784576416, 2.2181406021118164, 2.2335333824157715, 2.249835252761841, 2.267076253890991, 2.2852892875671387, 2.304508686065674, 2.3247721195220947, 2.3461203575134277, 2.368596315383911, 2.392246961593628, 2.4171228408813477, 2.443277359008789, 2.4707694053649902, 2.499661445617676, 2.5300214290618896, 2.561922311782837, 2.5954430103302, 2.630669116973877, 2.6676931381225586, 2.7066147327423096, 2.7475430965423584, 2.7905962467193604, 2.835902452468872, 2.8836019039154053, 2.9288971424102783, 2.9699654579162598, 3.0401580333709717, 3.101902484893799, 3.0544633865356445, 3.009361505508423, 3.0435187816619873, 3.0016541481018066, 2.961820602416992, 2.9239141941070557, 2.8878393173217773, 2.8535070419311523, 2.820835590362549, 2.789748430252075, 2.7600138187408447, 2.732050895690918, 2.7053139209747314, 2.679908037185669, 2.6557810306549072, 2.6328837871551514, 2.611171007156372, 2.5906004905700684, 2.5711328983306885, 2.55273175239563, 2.53536319732666, 2.518995761871338, 2.5036003589630127, 2.489149808883667, 2.475618839263916, 2.462984800338745, 2.451225996017456, 2.4403228759765625, 2.4302573204040527, 2.421013116836548, 2.4125752449035645, 2.4049298763275146, 2.3980653285980225, 2.391970157623291, 2.3866353034973145, 2.382051944732666, 2.378213405609131, 2.3751137256622314, 2.3727476596832275, 2.371112108230591, 2.370204210281372, 2.370022773742676, 2.3705673217773438, 2.3718388080596924, 2.3738391399383545, 2.3765716552734375, 2.380040168762207, 2.3842501640319824, 2.3892083168029785, 2.3949222564697266, 2.4014008045196533, 2.40865421295166, 2.416694402694702, 2.4255335330963135, 2.4351863861083984, 2.4456686973571777, 2.4569971561431885, 2.469191074371338, 2.4822707176208496, 2.496258497238159, 2.5111782550811768, 2.5270562171936035, 2.5439202785491943, 2.5618011951446533, 2.580731153488159, 2.600745439529419, 2.6218819618225098, 2.644181728363037, 2.6676878929138184, 2.6924479007720947, 2.718512535095215, 2.7459359169006348, 2.7747769355773926, 2.805098533630371, 2.8369686603546143, 2.8704605102539062, 2.905653476715088, 2.9426326751708984, 2.981490135192871, 3.0223257541656494, 3.0652475357055664, 3.110372304916382, 3.157827377319336, 3.2077505588531494, 3.2602925300598145, 3.3156166076660156, 3.3538520336151123, 3.4170098304748535, 3.4652395248413086, 3.5474908351898193, 3.6151952743530273, 3.7107741832733154, 3.7886173725128174, 3.8709909915924072, 3.95822811126709, 4.05070161819458, 4.148829936981201, 4.205063343048096, 4.150351524353027, 4.1064934730529785, 4.073903560638428, 4.036113262176514, 3.997015953063965, 4.095250129699707, 4.237672805786133, 4.4010820388793945, 4.541122913360596, 4.723959922790527, 4.948777675628662, 5.128844738006592, 5.418198585510254, 5.458396911621094, 5.431396007537842, 5.391225337982178, 5.3637518882751465, 5.342414379119873, 5.320407867431641, 5.297173976898193, 5.275751113891602, 5.256104469299316, 5.238202095031738, 5.222015380859375, 5.207518577575684, 5.19468879699707, 5.183506011962891, 5.173952579498291, 5.166013717651367, 5.159677505493164, 5.154933929443359, 5.151775360107422, 5.1501970291137695, 5.1501970291137695, 5.151775360107422, 5.154933929443359, 5.159677505493164, 5.166013717651367, 5.173952579498291, 5.183506011962891, 5.19468879699707, 5.207518577575684, 5.222015380859375, 5.238202095031738, 5.256104469299316, 5.275751113891602, 5.297173976898193, 5.320407867431641, 5.342414379119873, 5.372465133666992, 5.401375770568848, 5.432272434234619, 5.465208053588867, 5.500240325927734, 5.5374321937561035, 5.446904182434082, 5.198925018310547, 5.0075554847717285, 4.812477111816406, 4.752007961273193, 4.794714450836182, 4.839691638946533, 4.887031555175781, 4.93683385848999, 4.989205837249756, 5.044262409210205, 5.102127552032471, 5.162936210632324, 5.226831912994385, 5.293970584869385, 5.364521026611328, 5.438666343688965, 5.510747909545898, 5.5771918296813965, 5.6587233543396, 5.58694314956665, 5.4920430183410645, 5.3812360763549805, 5.442012310028076, 5.543702125549316, 5.650848388671875, 5.763808727264404, 5.856730937957764, 5.982929706573486, 6.116243362426758, 6.2572126388549805, 6.406440258026123, 6.564598083496094, 6.732438087463379, 6.886862754821777, 6.805618762969971, 6.732053756713867, 6.662080764770508, 6.595547199249268, 6.532310485839844, 6.472238540649414, 6.415208339691162, 6.3611063957214355, 6.309825420379639, 6.261267185211182, 6.2153401374816895, 6.1719584465026855, 6.131043434143066, 6.0925211906433105, 6.056323528289795, 6.0223870277404785, 5.9906535148620605, 5.961069107055664, 5.933584213256836, 5.908153057098389, 5.8847336769104, 5.863287925720215, 5.843781471252441, 5.826183319091797, 5.810465335845947, 5.796602249145508, 5.784573078155518, 5.774358749389648, 5.76594352722168, 5.75931453704834, 5.754461288452148, 5.751376152038574, 5.750054836273193, 5.750495433807373, 5.752697944641113, 5.756666660308838, 5.762406349182129, 5.769927501678467, 5.779240131378174, 5.790359973907471, 5.803303241729736, 5.818090915679932, 5.83474588394165, 5.853294372558594, 5.8737664222717285, 5.896193981170654, 5.920614719390869, 5.9470672607421875, 5.975595951080322, 6.006248474121094, 6.039076328277588, 6.074135780334473, 6.083968639373779, 5.796814918518066, 5.5397772789001465, 5.304781436920166, 5.094864368438721, 4.915895938873291, 4.730193138122559, 4.5574259757995605, 4.417886734008789, 4.266780376434326, 4.1484832763671875, 4.00860595703125, 3.906219720840454, 3.8116610050201416, 3.7002387046813965, 3.594918727874756, 3.5293381214141846, 3.4339377880096436, 3.3686366081237793, 3.2827556133270264, 3.206104040145874, 3.1576225757598877, 3.084599256515503, 3.0401580333709717, 2.9699654579162598, 2.9288971424102783, 2.8836019039154053, 2.835902452468872, 2.7905962467193604, 2.7475430965423584, 2.7066147327423096, 2.6676931381225586, 2.630669116973877, 2.5954430103302, 2.561922311782837, 2.5300214290618896, 2.499661445617676, 2.4707694053649902, 2.443277359008789, 2.4171228408813477, 2.392246961593628, 2.368596315383911, 2.3461203575134277, 2.3247721195220947, 2.304508686065674, 2.2852892875671387, 2.267076253890991, 2.249835252761841, 2.2335333824157715, 2.2181406021118164, 2.2036287784576416, 2.189972400665283, 2.1771466732025146, 2.1651296615600586, 2.1539008617401123, 2.1434412002563477, 2.133732795715332, 2.1247599124908447, 2.1165077686309814, 2.1089630126953125, 2.1021134853363037, 2.0959482192993164, 2.0904574394226074, 2.085632562637329, 2.08146595954895, 2.077951431274414, 2.075083017349243, 2.0728566646575928, 2.0712687969207764, 2.070317029953003, 2.069999933242798]
intensities: [0.0, 0.0, 0.0, 0.0, 0.0, 0.0, 0.0, 0.0, 0.0, 0.0, 0.0, 0.0, 0.0, 0.0, 0.0, 0.0, 0.0, 0.0, 0.0, 0.0, 0.0, 0.0, 0.0, 0.0, 0.0, 0.0, 0.0, 0.0, 0.0, 0.0, 0.0, 0.0, 0.0, 0.0, 0.0, 0.0, 0.0, 0.0, 0.0, 0.0, 0.0, 0.0, 0.0, 0.0, 0.0, 0.0, 0.0, 0.0, 0.0, 0.0, 0.0, 0.0, 0.0, 0.0, 0.0, 0.0, 0.0, 0.0, 0.0, 0.0, 0.0, 0.0, 0.0, 0.0, 0.0, 0.0, 0.0, 0.0, 0.0, 0.0, 0.0, 0.0, 0.0, 0.0, 0.0, 0.0, 0.0, 0.0, 0.0, 0.0, 0.0, 0.0, 0.0, 0.0, 0.0, 0.0, 0.0, 0.0, 0.0, 0.0, 0.0, 0.0, 0.0, 0.0, 0.0, 0.0, 0.0, 0.0, 0.0, 0.0, 0.0, 0.0, 0.0, 0.0, 0.0, 0.0, 0.0, 0.0, 0.0, 0.0, 0.0, 0.0, 0.0, 0.0, 0.0, 0.0, 0.0, 0.0, 0.0, 0.0, 0.0, 0.0, 0.0, 0.0, 0.0, 0.0, 0.0, 0.0, 0.0, 0.0, 0.0, 0.0, 0.0, 0.0, 0.0, 0.0, 0.0, 0.0, 0.0, 0.0, 0.0, 0.0, 0.0, 0.0, 0.0, 0.0, 0.0, 0.0, 0.0, 0.0, 0.0, 0.0, 0.0, 0.0, 0.0, 0.0, 0.0, 0.0, 0.0, 0.0, 0.0, 0.0, 0.0, 0.0, 0.0, 0.0, 0.0, 0.0, 0.0, 0.0, 0.0, 0.0, 0.0, 0.0, 0.0, 0.0, 0.0, 0.0, 0.0, 0.0, 0.0, 0.0, 0.0, 0.0, 0.0, 0.0, 0.0, 0.0, 0.0, 0.0, 0.0, 0.0, 0.0, 0.0, 0.0, 0.0, 0.0, 0.0, 0.0, 0.0, 0.0, 0.0, 0.0, 0.0, 0.0, 0.0, 0.0, 0.0, 0.0, 0.0, 0.0, 0.0, 0.0, 0.0, 0.0, 0.0, 0.0, 0.0, 0.0, 0.0, 0.0, 0.0, 0.0, 0.0, 0.0, 0.0, 0.0, 0.0, 0.0, 0.0, 0.0, 0.0, 0.0, 0.0, 0.0, 0.0, 0.0, 0.0, 0.0, 0.0, 0.0, 0.0, 0.0, 0.0, 0.0, 0.0, 0.0, 0.0, 0.0, 0.0, 0.0, 0.0, 0.0, 0.0, 0.0, 0.0, 0.0, 0.0, 0.0, 0.0, 0.0, 0.0, 0.0, 0.0, 0.0, 0.0, 0.0, 0.0, 0.0, 0.0, 0.0, 0.0, 0.0, 0.0, 0.0, 0.0, 0.0, 0.0, 0.0, 0.0, 0.0, 0.0, 0.0, 0.0, 0.0, 0.0, 0.0, 0.0, 0.0, 0.0, 0.0, 0.0, 0.0, 0.0, 0.0, 0.0, 0.0, 0.0, 0.0, 0.0, 0.0, 0.0, 0.0, 0.0, 0.0, 0.0, 0.0, 0.0, 0.0, 0.0, 0.0, 0.0, 0.0, 0.0, 0.0, 0.0, 0.0, 0.0, 0.0, 0.0, 0.0, 0.0, 0.0, 0.0, 0.0, 0.0, 0.0, 0.0, 0.0, 0.0, 0.0, 0.0, 0.0, 0.0, 0.0, 0.0, 0.0, 0.0, 0.0, 0.0, 0.0, 0.0, 0.0, 0.0, 0.0, 0.0, 0.0, 0.0, 0.0, 0.0, 0.0, 0.0, 0.0, 0.0, 0.0, 0.0, 0.0, 0.0, 0.0, 0.0]
---
header: 
  seq: 91
  stamp: 
    secs: 9
    nsecs: 200000000
  frame_id: "base_laser_link"
angle_min: -3.14159274101
angle_max: 3.14159274101
angle_increment: 0.0175019092858
time_increment: 0.0
scan_time: 0.0
range_min: 0.15000000596
range_max: 16.0
ranges: [2.069999933242798, 2.070317029953003, 2.0712687969207764, 2.0728566646575928, 2.075083017349243, 2.077951431274414, 2.08146595954895, 2.085632562637329, 2.0904574394226074, 2.0959482192993164, 2.1021134853363037, 2.1089630126953125, 2.1165077686309814, 2.1247599124908447, 2.133732795715332, 2.1434412002563477, 2.1539008617401123, 2.1651296615600586, 2.1771466732025146, 2.189972400665283, 2.2036287784576416, 2.2181406021118164, 2.2335333824157715, 2.249835252761841, 2.267076253890991, 2.2852892875671387, 2.304508686065674, 2.3247721195220947, 2.3461203575134277, 2.368596315383911, 2.392246961593628, 2.4171228408813477, 2.443277359008789, 2.4707694053649902, 2.499661445617676, 2.5300214290618896, 2.561922311782837, 2.5954430103302, 2.630669116973877, 2.6676931381225586, 2.7066147327423096, 2.7475430965423584, 2.7905962467193604, 2.835902452468872, 2.8836019039154053, 2.9288971424102783, 2.9699654579162598, 3.0401580333709717, 3.101902484893799, 3.0544633865356445, 3.009361505508423, 3.0435187816619873, 3.0016541481018066, 2.961820602416992, 2.9239141941070557, 2.8878393173217773, 2.8535070419311523, 2.820835590362549, 2.789748430252075, 2.7600138187408447, 2.732050895690918, 2.7053139209747314, 2.679908037185669, 2.6557810306549072, 2.6328837871551514, 2.611171007156372, 2.5906004905700684, 2.5711328983306885, 2.55273175239563, 2.53536319732666, 2.518995761871338, 2.5036003589630127, 2.489149808883667, 2.475618839263916, 2.462984800338745, 2.451225996017456, 2.4403228759765625, 2.4302573204040527, 2.421013116836548, 2.4125752449035645, 2.4049298763275146, 2.3980653285980225, 2.391970157623291, 2.3866353034973145, 2.382051944732666, 2.378213405609131, 2.3751137256622314, 2.3727476596832275, 2.371112108230591, 2.370204210281372, 2.370022773742676, 2.3705673217773438, 2.3718388080596924, 2.3738391399383545, 2.3765716552734375, 2.380040168762207, 2.3842501640319824, 2.3892083168029785, 2.3949222564697266, 2.4014008045196533, 2.40865421295166, 2.416694402694702, 2.4255335330963135, 2.4351863861083984, 2.4456686973571777, 2.4569971561431885, 2.469191074371338, 2.4822707176208496, 2.496258497238159, 2.5111782550811768, 2.5270562171936035, 2.5439202785491943, 2.5618011951446533, 2.580731153488159, 2.600745439529419, 2.6218819618225098, 2.644181728363037, 2.6676878929138184, 2.6924479007720947, 2.718512535095215, 2.7459359169006348, 2.7747769355773926, 2.805098533630371, 2.8369686603546143, 2.8704605102539062, 2.905653476715088, 2.9426326751708984, 2.981490135192871, 3.0223257541656494, 3.0652475357055664, 3.110372304916382, 3.157827377319336, 3.2077505588531494, 3.2602925300598145, 3.3156166076660156, 3.3538520336151123, 3.4170098304748535, 3.4652395248413086, 3.5474908351898193, 3.6151952743530273, 3.7107741832733154, 3.7886173725128174, 3.8709909915924072, 3.95822811126709, 4.05070161819458, 4.148829936981201, 4.205063343048096, 4.150351524353027, 4.1064934730529785, 4.073903560638428, 4.036113262176514, 3.997015953063965, 4.095250129699707, 4.237672805786133, 4.4010820388793945, 4.541122913360596, 4.723959922790527, 4.948777675628662, 5.128844738006592, 5.418198585510254, 5.458396911621094, 5.431396007537842, 5.391225337982178, 5.3637518882751465, 5.342414379119873, 5.320407867431641, 5.297173976898193, 5.275751113891602, 5.256104469299316, 5.238202095031738, 5.222015380859375, 5.207518577575684, 5.19468879699707, 5.183506011962891, 5.173952579498291, 5.166013717651367, 5.159677505493164, 5.154933929443359, 5.151775360107422, 5.1501970291137695, 5.1501970291137695, 5.151775360107422, 5.154933929443359, 5.159677505493164, 5.166013717651367, 5.173952579498291, 5.183506011962891, 5.19468879699707, 5.207518577575684, 5.222015380859375, 5.238202095031738, 5.256104469299316, 5.275751113891602, 5.297173976898193, 5.320407867431641, 5.342414379119873, 5.372465133666992, 5.401375770568848, 5.432272434234619, 5.465208053588867, 5.500240325927734, 5.5374321937561035, 5.446904182434082, 5.198925018310547, 5.0075554847717285, 4.812477111816406, 4.752007961273193, 4.794714450836182, 4.839691638946533, 4.887031555175781, 4.93683385848999, 4.989205837249756, 5.044262409210205, 5.102127552032471, 5.162936210632324, 5.226831912994385, 5.293970584869385, 5.364521026611328, 5.438666343688965, 5.510747909545898, 5.5771918296813965, 5.6587233543396, 5.58694314956665, 5.4920430183410645, 5.3812360763549805, 5.442012310028076, 5.543702125549316, 5.650848388671875, 5.763808727264404, 5.856730937957764, 5.982929706573486, 6.116243362426758, 6.2572126388549805, 6.406440258026123, 6.564598083496094, 6.732438087463379, 6.886862754821777, 6.805618762969971, 6.732053756713867, 6.662080764770508, 6.595547199249268, 6.532310485839844, 6.472238540649414, 6.415208339691162, 6.3611063957214355, 6.309825420379639, 6.261267185211182, 6.2153401374816895, 6.1719584465026855, 6.131043434143066, 6.0925211906433105, 6.056323528289795, 6.0223870277404785, 5.9906535148620605, 5.961069107055664, 5.933584213256836, 5.908153057098389, 5.8847336769104, 5.863287925720215, 5.843781471252441, 5.826183319091797, 5.810465335845947, 5.796602249145508, 5.784573078155518, 5.774358749389648, 5.76594352722168, 5.75931453704834, 5.754461288452148, 5.751376152038574, 5.750054836273193, 5.750495433807373, 5.752697944641113, 5.756666660308838, 5.762406349182129, 5.769927501678467, 5.779240131378174, 5.790359973907471, 5.803303241729736, 5.818090915679932, 5.83474588394165, 5.853294372558594, 5.8737664222717285, 5.896193981170654, 5.920614719390869, 5.9470672607421875, 5.975595951080322, 6.006248474121094, 6.039076328277588, 6.074135780334473, 6.083968639373779, 5.796814918518066, 5.5397772789001465, 5.304781436920166, 5.094864368438721, 4.915895938873291, 4.730193138122559, 4.5574259757995605, 4.417886734008789, 4.266780376434326, 4.1484832763671875, 4.00860595703125, 3.906219720840454, 3.8116610050201416, 3.7002387046813965, 3.594918727874756, 3.5293381214141846, 3.4339377880096436, 3.3686366081237793, 3.2827556133270264, 3.206104040145874, 3.1576225757598877, 3.084599256515503, 3.0401580333709717, 2.9699654579162598, 2.9288971424102783, 2.8836019039154053, 2.835902452468872, 2.7905962467193604, 2.7475430965423584, 2.7066147327423096, 2.6676931381225586, 2.630669116973877, 2.5954430103302, 2.561922311782837, 2.5300214290618896, 2.499661445617676, 2.4707694053649902, 2.443277359008789, 2.4171228408813477, 2.392246961593628, 2.368596315383911, 2.3461203575134277, 2.3247721195220947, 2.304508686065674, 2.2852892875671387, 2.267076253890991, 2.249835252761841, 2.2335333824157715, 2.2181406021118164, 2.2036287784576416, 2.189972400665283, 2.1771466732025146, 2.1651296615600586, 2.1539008617401123, 2.1434412002563477, 2.133732795715332, 2.1247599124908447, 2.1165077686309814, 2.1089630126953125, 2.1021134853363037, 2.0959482192993164, 2.0904574394226074, 2.085632562637329, 2.08146595954895, 2.077951431274414, 2.075083017349243, 2.0728566646575928, 2.0712687969207764, 2.070317029953003, 2.069999933242798]
intensities: [0.0, 0.0, 0.0, 0.0, 0.0, 0.0, 0.0, 0.0, 0.0, 0.0, 0.0, 0.0, 0.0, 0.0, 0.0, 0.0, 0.0, 0.0, 0.0, 0.0, 0.0, 0.0, 0.0, 0.0, 0.0, 0.0, 0.0, 0.0, 0.0, 0.0, 0.0, 0.0, 0.0, 0.0, 0.0, 0.0, 0.0, 0.0, 0.0, 0.0, 0.0, 0.0, 0.0, 0.0, 0.0, 0.0, 0.0, 0.0, 0.0, 0.0, 0.0, 0.0, 0.0, 0.0, 0.0, 0.0, 0.0, 0.0, 0.0, 0.0, 0.0, 0.0, 0.0, 0.0, 0.0, 0.0, 0.0, 0.0, 0.0, 0.0, 0.0, 0.0, 0.0, 0.0, 0.0, 0.0, 0.0, 0.0, 0.0, 0.0, 0.0, 0.0, 0.0, 0.0, 0.0, 0.0, 0.0, 0.0, 0.0, 0.0, 0.0, 0.0, 0.0, 0.0, 0.0, 0.0, 0.0, 0.0, 0.0, 0.0, 0.0, 0.0, 0.0, 0.0, 0.0, 0.0, 0.0, 0.0, 0.0, 0.0, 0.0, 0.0, 0.0, 0.0, 0.0, 0.0, 0.0, 0.0, 0.0, 0.0, 0.0, 0.0, 0.0, 0.0, 0.0, 0.0, 0.0, 0.0, 0.0, 0.0, 0.0, 0.0, 0.0, 0.0, 0.0, 0.0, 0.0, 0.0, 0.0, 0.0, 0.0, 0.0, 0.0, 0.0, 0.0, 0.0, 0.0, 0.0, 0.0, 0.0, 0.0, 0.0, 0.0, 0.0, 0.0, 0.0, 0.0, 0.0, 0.0, 0.0, 0.0, 0.0, 0.0, 0.0, 0.0, 0.0, 0.0, 0.0, 0.0, 0.0, 0.0, 0.0, 0.0, 0.0, 0.0, 0.0, 0.0, 0.0, 0.0, 0.0, 0.0, 0.0, 0.0, 0.0, 0.0, 0.0, 0.0, 0.0, 0.0, 0.0, 0.0, 0.0, 0.0, 0.0, 0.0, 0.0, 0.0, 0.0, 0.0, 0.0, 0.0, 0.0, 0.0, 0.0, 0.0, 0.0, 0.0, 0.0, 0.0, 0.0, 0.0, 0.0, 0.0, 0.0, 0.0, 0.0, 0.0, 0.0, 0.0, 0.0, 0.0, 0.0, 0.0, 0.0, 0.0, 0.0, 0.0, 0.0, 0.0, 0.0, 0.0, 0.0, 0.0, 0.0, 0.0, 0.0, 0.0, 0.0, 0.0, 0.0, 0.0, 0.0, 0.0, 0.0, 0.0, 0.0, 0.0, 0.0, 0.0, 0.0, 0.0, 0.0, 0.0, 0.0, 0.0, 0.0, 0.0, 0.0, 0.0, 0.0, 0.0, 0.0, 0.0, 0.0, 0.0, 0.0, 0.0, 0.0, 0.0, 0.0, 0.0, 0.0, 0.0, 0.0, 0.0, 0.0, 0.0, 0.0, 0.0, 0.0, 0.0, 0.0, 0.0, 0.0, 0.0, 0.0, 0.0, 0.0, 0.0, 0.0, 0.0, 0.0, 0.0, 0.0, 0.0, 0.0, 0.0, 0.0, 0.0, 0.0, 0.0, 0.0, 0.0, 0.0, 0.0, 0.0, 0.0, 0.0, 0.0, 0.0, 0.0, 0.0, 0.0, 0.0, 0.0, 0.0, 0.0, 0.0, 0.0, 0.0, 0.0, 0.0, 0.0, 0.0, 0.0, 0.0, 0.0, 0.0, 0.0, 0.0, 0.0, 0.0, 0.0, 0.0, 0.0, 0.0, 0.0, 0.0, 0.0, 0.0, 0.0, 0.0, 0.0, 0.0, 0.0, 0.0, 0.0, 0.0, 0.0, 0.0, 0.0, 0.0, 0.0, 0.0, 0.0, 0.0, 0.0, 0.0, 0.0, 0.0]
---
header: 
  seq: 92
  stamp: 
    secs: 9
    nsecs: 300000000
  frame_id: "base_laser_link"
angle_min: -3.14159274101
angle_max: 3.14159274101
angle_increment: 0.0175019092858
time_increment: 0.0
scan_time: 0.0
range_min: 0.15000000596
range_max: 16.0
ranges: [2.069999933242798, 2.070317029953003, 2.0712687969207764, 2.0728566646575928, 2.075083017349243, 2.077951431274414, 2.08146595954895, 2.085632562637329, 2.0904574394226074, 2.0959482192993164, 2.1021134853363037, 2.1089630126953125, 2.1165077686309814, 2.1247599124908447, 2.133732795715332, 2.1434412002563477, 2.1539008617401123, 2.1651296615600586, 2.1771466732025146, 2.189972400665283, 2.2036287784576416, 2.2181406021118164, 2.2335333824157715, 2.249835252761841, 2.267076253890991, 2.2852892875671387, 2.304508686065674, 2.3247721195220947, 2.3461203575134277, 2.368596315383911, 2.392246961593628, 2.4171228408813477, 2.443277359008789, 2.4707694053649902, 2.499661445617676, 2.5300214290618896, 2.561922311782837, 2.5954430103302, 2.630669116973877, 2.6676931381225586, 2.7066147327423096, 2.7475430965423584, 2.7905962467193604, 2.835902452468872, 2.8836019039154053, 2.9288971424102783, 2.9699654579162598, 3.0401580333709717, 3.101902484893799, 3.0544633865356445, 3.009361505508423, 3.0435187816619873, 3.0016541481018066, 2.961820602416992, 2.9239141941070557, 2.8878393173217773, 2.8535070419311523, 2.820835590362549, 2.789748430252075, 2.7600138187408447, 2.732050895690918, 2.7053139209747314, 2.679908037185669, 2.6557810306549072, 2.6328837871551514, 2.611171007156372, 2.5906004905700684, 2.5711328983306885, 2.55273175239563, 2.53536319732666, 2.518995761871338, 2.5036003589630127, 2.489149808883667, 2.475618839263916, 2.462984800338745, 2.451225996017456, 2.4403228759765625, 2.4302573204040527, 2.421013116836548, 2.4125752449035645, 2.4049298763275146, 2.3980653285980225, 2.391970157623291, 2.3866353034973145, 2.382051944732666, 2.378213405609131, 2.3751137256622314, 2.3727476596832275, 2.371112108230591, 2.370204210281372, 2.370022773742676, 2.3705673217773438, 2.3718388080596924, 2.3738391399383545, 2.3765716552734375, 2.380040168762207, 2.3842501640319824, 2.3892083168029785, 2.3949222564697266, 2.4014008045196533, 2.40865421295166, 2.416694402694702, 2.4255335330963135, 2.4351863861083984, 2.4456686973571777, 2.4569971561431885, 2.469191074371338, 2.4822707176208496, 2.496258497238159, 2.5111782550811768, 2.5270562171936035, 2.5439202785491943, 2.5618011951446533, 2.580731153488159, 2.600745439529419, 2.6218819618225098, 2.644181728363037, 2.6676878929138184, 2.6924479007720947, 2.718512535095215, 2.7459359169006348, 2.7747769355773926, 2.805098533630371, 2.8369686603546143, 2.8704605102539062, 2.905653476715088, 2.9426326751708984, 2.981490135192871, 3.0223257541656494, 3.0652475357055664, 3.110372304916382, 3.157827377319336, 3.2077505588531494, 3.2602925300598145, 3.3156166076660156, 3.3538520336151123, 3.4170098304748535, 3.4652395248413086, 3.5474908351898193, 3.6151952743530273, 3.7107741832733154, 3.7886173725128174, 3.8709909915924072, 3.95822811126709, 4.05070161819458, 4.148829936981201, 4.205063343048096, 4.150351524353027, 4.1064934730529785, 4.073903560638428, 4.036113262176514, 3.997015953063965, 4.095250129699707, 4.237672805786133, 4.4010820388793945, 4.541122913360596, 4.723959922790527, 4.948777675628662, 5.128844738006592, 5.418198585510254, 5.458396911621094, 5.431396007537842, 5.391225337982178, 5.3637518882751465, 5.342414379119873, 5.320407867431641, 5.297173976898193, 5.275751113891602, 5.256104469299316, 5.238202095031738, 5.222015380859375, 5.207518577575684, 5.19468879699707, 5.183506011962891, 5.173952579498291, 5.166013717651367, 5.159677505493164, 5.154933929443359, 5.151775360107422, 5.1501970291137695, 5.1501970291137695, 5.151775360107422, 5.154933929443359, 5.159677505493164, 5.166013717651367, 5.173952579498291, 5.183506011962891, 5.19468879699707, 5.207518577575684, 5.222015380859375, 5.238202095031738, 5.256104469299316, 5.275751113891602, 5.297173976898193, 5.320407867431641, 5.342414379119873, 5.372465133666992, 5.401375770568848, 5.432272434234619, 5.465208053588867, 5.500240325927734, 5.5374321937561035, 5.446904182434082, 5.198925018310547, 5.0075554847717285, 4.812477111816406, 4.752007961273193, 4.794714450836182, 4.839691638946533, 4.887031555175781, 4.93683385848999, 4.989205837249756, 5.044262409210205, 5.102127552032471, 5.162936210632324, 5.226831912994385, 5.293970584869385, 5.364521026611328, 5.438666343688965, 5.510747909545898, 5.5771918296813965, 5.6587233543396, 5.58694314956665, 5.4920430183410645, 5.3812360763549805, 5.442012310028076, 5.543702125549316, 5.650848388671875, 5.763808727264404, 5.856730937957764, 5.982929706573486, 6.116243362426758, 6.2572126388549805, 6.406440258026123, 6.564598083496094, 6.732438087463379, 6.886862754821777, 6.805618762969971, 6.732053756713867, 6.662080764770508, 6.595547199249268, 6.532310485839844, 6.472238540649414, 6.415208339691162, 6.3611063957214355, 6.309825420379639, 6.261267185211182, 6.2153401374816895, 6.1719584465026855, 6.131043434143066, 6.0925211906433105, 6.056323528289795, 6.0223870277404785, 5.9906535148620605, 5.961069107055664, 5.933584213256836, 5.908153057098389, 5.8847336769104, 5.863287925720215, 5.843781471252441, 5.826183319091797, 5.810465335845947, 5.796602249145508, 5.784573078155518, 5.774358749389648, 5.76594352722168, 5.75931453704834, 5.754461288452148, 5.751376152038574, 5.750054836273193, 5.750495433807373, 5.752697944641113, 5.756666660308838, 5.762406349182129, 5.769927501678467, 5.779240131378174, 5.790359973907471, 5.803303241729736, 5.818090915679932, 5.83474588394165, 5.853294372558594, 5.8737664222717285, 5.896193981170654, 5.920614719390869, 5.9470672607421875, 5.975595951080322, 6.006248474121094, 6.039076328277588, 6.074135780334473, 6.083968639373779, 5.796814918518066, 5.5397772789001465, 5.304781436920166, 5.094864368438721, 4.915895938873291, 4.730193138122559, 4.5574259757995605, 4.417886734008789, 4.266780376434326, 4.1484832763671875, 4.00860595703125, 3.906219720840454, 3.8116610050201416, 3.7002387046813965, 3.594918727874756, 3.5293381214141846, 3.4339377880096436, 3.3686366081237793, 3.2827556133270264, 3.206104040145874, 3.1576225757598877, 3.084599256515503, 3.0401580333709717, 2.9699654579162598, 2.9288971424102783, 2.8836019039154053, 2.835902452468872, 2.7905962467193604, 2.7475430965423584, 2.7066147327423096, 2.6676931381225586, 2.630669116973877, 2.5954430103302, 2.561922311782837, 2.5300214290618896, 2.499661445617676, 2.4707694053649902, 2.443277359008789, 2.4171228408813477, 2.392246961593628, 2.368596315383911, 2.3461203575134277, 2.3247721195220947, 2.304508686065674, 2.2852892875671387, 2.267076253890991, 2.249835252761841, 2.2335333824157715, 2.2181406021118164, 2.2036287784576416, 2.189972400665283, 2.1771466732025146, 2.1651296615600586, 2.1539008617401123, 2.1434412002563477, 2.133732795715332, 2.1247599124908447, 2.1165077686309814, 2.1089630126953125, 2.1021134853363037, 2.0959482192993164, 2.0904574394226074, 2.085632562637329, 2.08146595954895, 2.077951431274414, 2.075083017349243, 2.0728566646575928, 2.0712687969207764, 2.070317029953003, 2.069999933242798]
intensities: [0.0, 0.0, 0.0, 0.0, 0.0, 0.0, 0.0, 0.0, 0.0, 0.0, 0.0, 0.0, 0.0, 0.0, 0.0, 0.0, 0.0, 0.0, 0.0, 0.0, 0.0, 0.0, 0.0, 0.0, 0.0, 0.0, 0.0, 0.0, 0.0, 0.0, 0.0, 0.0, 0.0, 0.0, 0.0, 0.0, 0.0, 0.0, 0.0, 0.0, 0.0, 0.0, 0.0, 0.0, 0.0, 0.0, 0.0, 0.0, 0.0, 0.0, 0.0, 0.0, 0.0, 0.0, 0.0, 0.0, 0.0, 0.0, 0.0, 0.0, 0.0, 0.0, 0.0, 0.0, 0.0, 0.0, 0.0, 0.0, 0.0, 0.0, 0.0, 0.0, 0.0, 0.0, 0.0, 0.0, 0.0, 0.0, 0.0, 0.0, 0.0, 0.0, 0.0, 0.0, 0.0, 0.0, 0.0, 0.0, 0.0, 0.0, 0.0, 0.0, 0.0, 0.0, 0.0, 0.0, 0.0, 0.0, 0.0, 0.0, 0.0, 0.0, 0.0, 0.0, 0.0, 0.0, 0.0, 0.0, 0.0, 0.0, 0.0, 0.0, 0.0, 0.0, 0.0, 0.0, 0.0, 0.0, 0.0, 0.0, 0.0, 0.0, 0.0, 0.0, 0.0, 0.0, 0.0, 0.0, 0.0, 0.0, 0.0, 0.0, 0.0, 0.0, 0.0, 0.0, 0.0, 0.0, 0.0, 0.0, 0.0, 0.0, 0.0, 0.0, 0.0, 0.0, 0.0, 0.0, 0.0, 0.0, 0.0, 0.0, 0.0, 0.0, 0.0, 0.0, 0.0, 0.0, 0.0, 0.0, 0.0, 0.0, 0.0, 0.0, 0.0, 0.0, 0.0, 0.0, 0.0, 0.0, 0.0, 0.0, 0.0, 0.0, 0.0, 0.0, 0.0, 0.0, 0.0, 0.0, 0.0, 0.0, 0.0, 0.0, 0.0, 0.0, 0.0, 0.0, 0.0, 0.0, 0.0, 0.0, 0.0, 0.0, 0.0, 0.0, 0.0, 0.0, 0.0, 0.0, 0.0, 0.0, 0.0, 0.0, 0.0, 0.0, 0.0, 0.0, 0.0, 0.0, 0.0, 0.0, 0.0, 0.0, 0.0, 0.0, 0.0, 0.0, 0.0, 0.0, 0.0, 0.0, 0.0, 0.0, 0.0, 0.0, 0.0, 0.0, 0.0, 0.0, 0.0, 0.0, 0.0, 0.0, 0.0, 0.0, 0.0, 0.0, 0.0, 0.0, 0.0, 0.0, 0.0, 0.0, 0.0, 0.0, 0.0, 0.0, 0.0, 0.0, 0.0, 0.0, 0.0, 0.0, 0.0, 0.0, 0.0, 0.0, 0.0, 0.0, 0.0, 0.0, 0.0, 0.0, 0.0, 0.0, 0.0, 0.0, 0.0, 0.0, 0.0, 0.0, 0.0, 0.0, 0.0, 0.0, 0.0, 0.0, 0.0, 0.0, 0.0, 0.0, 0.0, 0.0, 0.0, 0.0, 0.0, 0.0, 0.0, 0.0, 0.0, 0.0, 0.0, 0.0, 0.0, 0.0, 0.0, 0.0, 0.0, 0.0, 0.0, 0.0, 0.0, 0.0, 0.0, 0.0, 0.0, 0.0, 0.0, 0.0, 0.0, 0.0, 0.0, 0.0, 0.0, 0.0, 0.0, 0.0, 0.0, 0.0, 0.0, 0.0, 0.0, 0.0, 0.0, 0.0, 0.0, 0.0, 0.0, 0.0, 0.0, 0.0, 0.0, 0.0, 0.0, 0.0, 0.0, 0.0, 0.0, 0.0, 0.0, 0.0, 0.0, 0.0, 0.0, 0.0, 0.0, 0.0, 0.0, 0.0, 0.0, 0.0, 0.0, 0.0, 0.0, 0.0, 0.0, 0.0, 0.0, 0.0]
---
