header: 
  seq: 232
  stamp: 
    secs: 23
    nsecs: 300000000
  frame_id: "base_laser_link"
angle_min: -3.14159274101
angle_max: 3.14159274101
angle_increment: 0.0175019092858
time_increment: 0.0
scan_time: 0.0
range_min: 0.15000000596
range_max: 16.0
ranges: [4.949999809265137, 4.950758457183838, 4.953033924102783, 4.956830978393555, 4.962154865264893, 4.9690141677856445, 4.977418899536133, 4.987382411956787, 4.99891996383667, 5.012050151824951, 5.026793003082275, 5.043172836303711, 5.061214447021484, 5.0809478759765625, 5.102404594421387, 5.125619888305664, 5.150632381439209, 5.177484035491943, 5.2062201499938965, 5.2368903160095215, 5.269547462463379, 5.304249286651611, 5.341058254241943, 5.3365654945373535, 5.102711200714111, 4.912810802459717, 4.7339019775390625, 4.593390464782715, 4.590235233306885, 4.634210109710693, 4.680483341217041, 4.729153156280518, 4.780325412750244, 4.834114074707031, 4.890642166137695, 4.950041770935059, 5.012456893920898, 5.078041076660156, 5.146961688995361, 5.219399452209473, 5.29555082321167, 5.368960380554199, 5.4400553703308105, 5.522818565368652, 5.422333240509033, 5.34818172454834, 5.2618889808654785, 5.278470039367676, 5.381604194641113, 5.492518424987793, 5.609498023986816, 5.7329816818237305, 5.863455772399902, 6.001460552215576, 6.147599697113037, 6.2919135093688965, 6.455223560333252, 6.6527018547058105, 6.790340423583984, 6.696628093719482, 6.628393173217773, 6.563525199890137, 6.50188684463501, 6.443350791931152, 6.387798309326172, 6.335119247436523, 6.28521203994751, 6.237980365753174, 6.193336486816406, 6.15119743347168, 6.111487865447998, 6.074135780334473, 6.039076328277588, 6.006248474121094, 5.975595951080322, 5.9470672607421875, 5.920614719390869, 5.896193981170654, 5.8737664222717285, 5.853294372558594, 5.83474588394165, 5.818090915679932, 5.803303241729736, 5.790359973907471, 5.779240131378174, 5.769927501678467, 5.762406349182129, 5.756666660308838, 5.752697944641113, 5.750495433807373, 5.750054836273193, 5.751376152038574, 5.754461288452148, 5.75931453704834, 5.76594352722168, 5.774358749389648, 5.784573078155518, 5.796602249145508, 5.810465335845947, 5.826183319091797, 5.843781471252441, 5.863287925720215, 5.8847336769104, 5.908153057098389, 5.933584213256836, 5.961069107055664, 5.9906535148620605, 6.0223870277404785, 6.056323528289795, 6.0925211906433105, 6.131043434143066, 6.177452087402344, 5.96204137802124, 5.714371204376221, 5.486673831939697, 5.279099941253662, 5.104897499084473, 4.922585487365723, 4.772233486175537, 4.61216926574707, 4.485499858856201, 4.3451433181762695, 4.23685359954834, 4.101306915283203, 4.006958961486816, 3.9196252822875977, 3.813983917236328, 3.7137820720672607, 3.644096851348877, 3.55389666557312, 3.4942433834075928, 3.4127285480499268, 3.3620059490203857, 3.2881228923797607, 3.217494487762451, 3.1894009113311768, 3.135718584060669, 3.084742546081543, 3.0363128185272217, 2.990281820297241, 2.946514844894409, 2.9048876762390137, 2.8652853965759277, 2.8276031017303467, 2.791743040084839, 2.757615327835083, 2.7251365184783936, 2.6942296028137207, 2.664822816848755, 2.636850118637085, 2.6102497577667236, 2.5849647521972656, 2.560941696166992, 2.5381312370300293, 2.5164878368377686, 2.4959683418273926, 2.4765331745147705, 2.4581456184387207, 2.4407711029052734, 2.424377918243408, 2.4089362621307373, 2.3944191932678223, 2.380800724029541, 2.3680574893951416, 2.356167793273926, 2.345111846923828, 2.3348708152770996, 2.3254282474517822, 2.3167684078216553, 2.308877468109131, 2.3017427921295166, 2.2953529357910156, 2.2896978855133057, 2.284768581390381, 2.280557870864868, 2.2770586013793945, 2.2742655277252197, 2.272174596786499, 2.270782470703125, 2.2700870037078857, 2.2700870037078857, 2.270782470703125, 2.272174596786499, 2.2742655277252197, 2.2770586013793945, 2.280557870864868, 2.284768581390381, 2.2896978855133057, 2.2953529357910156, 2.3017427921295166, 2.308877468109131, 2.3167684078216553, 2.3254282474517822, 2.3348708152770996, 2.345111846923828, 2.356167793273926, 2.3680574893951416, 2.380800724029541, 2.3944191932678223, 2.4089362621307373, 2.424377918243408, 2.4407711029052734, 2.4581456184387207, 2.4765331745147705, 2.4959683418273926, 2.5164878368377686, 2.5381312370300293, 2.560941696166992, 2.5849647521972656, 2.6102497577667236, 2.636850118637085, 2.664822816848755, 2.6942296028137207, 2.7251365184783936, 2.757615327835083, 2.791743040084839, 2.8276031017303467, 2.8652853965759277, 2.9048876762390137, 2.946514844894409, 2.990281820297241, 3.0363128185272217, 3.084742546081543, 3.135718584060669, 3.2133498191833496, 3.2596569061279297, 3.177753448486328, 3.153611421585083, 3.157827377319336, 3.110372304916382, 3.0652475357055664, 3.0223257541656494, 2.981490135192871, 2.9426326751708984, 2.89700984954834, 2.8704605102539062, 2.8369686603546143, 2.805098533630371, 2.7747769355773926, 2.7459359169006348, 2.718512535095215, 2.6924479007720947, 2.6676878929138184, 2.644181728363037, 2.6218819618225098, 2.600745439529419, 2.580731153488159, 2.5618011951446533, 2.5439202785491943, 2.5058786869049072, 2.5111782550811768, 2.496258497238159, 2.4822707176208496, 2.469191074371338, 2.4569971561431885, 2.4456686973571777, 2.4351863861083984, 2.4255335330963135, 2.416694402694702, 2.40865421295166, 2.4014008045196533, 2.3949222564697266, 2.3892083168029785, 2.3842501640319824, 2.380040168762207, 2.3765716552734375, 2.3738391399383545, 2.3718388080596924, 2.3705673217773438, 2.370022773742676, 2.370204210281372, 2.371112108230591, 2.3727476596832275, 2.3751137256622314, 2.378213405609131, 2.382051944732666, 2.3866353034973145, 2.391970157623291, 2.3980653285980225, 2.4049298763275146, 2.4125752449035645, 2.421013116836548, 2.4302573204040527, 2.4403228759765625, 2.451225996017456, 2.462984800338745, 2.475618839263916, 2.489149808883667, 2.5036003589630127, 2.518995761871338, 2.53536319732666, 2.55273175239563, 2.5711328983306885, 2.5906004905700684, 2.611171007156372, 2.6328837871551514, 2.6557810306549072, 2.679908037185669, 2.7053139209747314, 2.732050895690918, 2.7601754665374756, 2.789748430252075, 2.8159258365631104, 2.8535070419311523, 2.8878393173217773, 2.9239141941070557, 2.961820602416992, 3.0016541481018066, 3.0435187816619873, 3.087526798248291, 3.1338002681732178, 3.18247127532959, 3.2336843013763428, 3.2875959873199463, 3.3443775177001953, 3.3887431621551514, 3.4583749771118164, 3.531449317932129, 3.5816540718078613, 3.6627347469329834, 3.7480156421661377, 3.837813377380371, 3.924402952194214, 3.998462438583374, 4.029911518096924, 3.9967970848083496, 3.9370315074920654, 3.899622917175293, 3.865061044692993, 3.825284004211426, 3.901890516281128, 4.000871658325195, 4.144159317016602, 4.286163330078125, 4.471218109130859, 4.654625415802002, 4.814864635467529, 5.038937568664551, 5.292420864105225, 5.264985084533691, 5.222201824188232, 5.202101707458496, 5.166965484619141, 5.150632381439209, 5.125619888305664, 5.102404594421387, 5.0809478759765625, 5.061214447021484, 5.043172836303711, 5.026793003082275, 5.012050151824951, 4.99891996383667, 4.987382411956787, 4.977418899536133, 4.9690141677856445, 4.962154865264893, 4.956830978393555, 4.953033924102783, 4.950758457183838, 4.949999809265137]
intensities: [0.0, 0.0, 0.0, 0.0, 0.0, 0.0, 0.0, 0.0, 0.0, 0.0, 0.0, 0.0, 0.0, 0.0, 0.0, 0.0, 0.0, 0.0, 0.0, 0.0, 0.0, 0.0, 0.0, 0.0, 0.0, 0.0, 0.0, 0.0, 0.0, 0.0, 0.0, 0.0, 0.0, 0.0, 0.0, 0.0, 0.0, 0.0, 0.0, 0.0, 0.0, 0.0, 0.0, 0.0, 0.0, 0.0, 0.0, 0.0, 0.0, 0.0, 0.0, 0.0, 0.0, 0.0, 0.0, 0.0, 0.0, 0.0, 0.0, 0.0, 0.0, 0.0, 0.0, 0.0, 0.0, 0.0, 0.0, 0.0, 0.0, 0.0, 0.0, 0.0, 0.0, 0.0, 0.0, 0.0, 0.0, 0.0, 0.0, 0.0, 0.0, 0.0, 0.0, 0.0, 0.0, 0.0, 0.0, 0.0, 0.0, 0.0, 0.0, 0.0, 0.0, 0.0, 0.0, 0.0, 0.0, 0.0, 0.0, 0.0, 0.0, 0.0, 0.0, 0.0, 0.0, 0.0, 0.0, 0.0, 0.0, 0.0, 0.0, 0.0, 0.0, 0.0, 0.0, 0.0, 0.0, 0.0, 0.0, 0.0, 0.0, 0.0, 0.0, 0.0, 0.0, 0.0, 0.0, 0.0, 0.0, 0.0, 0.0, 0.0, 0.0, 0.0, 0.0, 0.0, 0.0, 0.0, 0.0, 0.0, 0.0, 0.0, 0.0, 0.0, 0.0, 0.0, 0.0, 0.0, 0.0, 0.0, 0.0, 0.0, 0.0, 0.0, 0.0, 0.0, 0.0, 0.0, 0.0, 0.0, 0.0, 0.0, 0.0, 0.0, 0.0, 0.0, 0.0, 0.0, 0.0, 0.0, 0.0, 0.0, 0.0, 0.0, 0.0, 0.0, 0.0, 0.0, 0.0, 0.0, 0.0, 0.0, 0.0, 0.0, 0.0, 0.0, 0.0, 0.0, 0.0, 0.0, 0.0, 0.0, 0.0, 0.0, 0.0, 0.0, 0.0, 0.0, 0.0, 0.0, 0.0, 0.0, 0.0, 0.0, 0.0, 0.0, 0.0, 0.0, 0.0, 0.0, 0.0, 0.0, 0.0, 0.0, 0.0, 0.0, 0.0, 0.0, 0.0, 0.0, 0.0, 0.0, 0.0, 0.0, 0.0, 0.0, 0.0, 0.0, 0.0, 0.0, 0.0, 0.0, 0.0, 0.0, 0.0, 0.0, 0.0, 0.0, 0.0, 0.0, 0.0, 0.0, 0.0, 0.0, 0.0, 0.0, 0.0, 0.0, 0.0, 0.0, 0.0, 0.0, 0.0, 0.0, 0.0, 0.0, 0.0, 0.0, 0.0, 0.0, 0.0, 0.0, 0.0, 0.0, 0.0, 0.0, 0.0, 0.0, 0.0, 0.0, 0.0, 0.0, 0.0, 0.0, 0.0, 0.0, 0.0, 0.0, 0.0, 0.0, 0.0, 0.0, 0.0, 0.0, 0.0, 0.0, 0.0, 0.0, 0.0, 0.0, 0.0, 0.0, 0.0, 0.0, 0.0, 0.0, 0.0, 0.0, 0.0, 0.0, 0.0, 0.0, 0.0, 0.0, 0.0, 0.0, 0.0, 0.0, 0.0, 0.0, 0.0, 0.0, 0.0, 0.0, 0.0, 0.0, 0.0, 0.0, 0.0, 0.0, 0.0, 0.0, 0.0, 0.0, 0.0, 0.0, 0.0, 0.0, 0.0, 0.0, 0.0, 0.0, 0.0, 0.0, 0.0, 0.0, 0.0, 0.0, 0.0, 0.0, 0.0, 0.0, 0.0, 0.0, 0.0, 0.0, 0.0, 0.0, 0.0, 0.0, 0.0, 0.0, 0.0, 0.0, 0.0, 0.0, 0.0, 0.0, 0.0, 0.0]
---
header: 
  seq: 233
  stamp: 
    secs: 23
    nsecs: 400000000
  frame_id: "base_laser_link"
angle_min: -3.14159274101
angle_max: 3.14159274101
angle_increment: 0.0175019092858
time_increment: 0.0
scan_time: 0.0
range_min: 0.15000000596
range_max: 16.0
ranges: [4.949999809265137, 4.950758457183838, 4.953033924102783, 4.956830978393555, 4.962154865264893, 4.9690141677856445, 4.977418899536133, 4.987382411956787, 4.99891996383667, 5.012050151824951, 5.026793003082275, 5.043172836303711, 5.061214447021484, 5.0809478759765625, 5.102404594421387, 5.125619888305664, 5.150632381439209, 5.177484035491943, 5.2062201499938965, 5.2368903160095215, 5.269547462463379, 5.304249286651611, 5.341058254241943, 5.3365654945373535, 5.102711200714111, 4.912810802459717, 4.7339019775390625, 4.593390464782715, 4.590235233306885, 4.634210109710693, 4.680483341217041, 4.729153156280518, 4.780325412750244, 4.834114074707031, 4.890642166137695, 4.950041770935059, 5.012456893920898, 5.078041076660156, 5.146961688995361, 5.219399452209473, 5.29555082321167, 5.368960380554199, 5.4400553703308105, 5.522818565368652, 5.422333240509033, 5.34818172454834, 5.2618889808654785, 5.278470039367676, 5.381604194641113, 5.492518424987793, 5.609498023986816, 5.7329816818237305, 5.863455772399902, 6.001460552215576, 6.147599697113037, 6.2919135093688965, 6.455223560333252, 6.6527018547058105, 6.790340423583984, 6.696628093719482, 6.628393173217773, 6.563525199890137, 6.50188684463501, 6.443350791931152, 6.387798309326172, 6.335119247436523, 6.28521203994751, 6.237980365753174, 6.193336486816406, 6.15119743347168, 6.111487865447998, 6.074135780334473, 6.039076328277588, 6.006248474121094, 5.975595951080322, 5.9470672607421875, 5.920614719390869, 5.896193981170654, 5.8737664222717285, 5.853294372558594, 5.83474588394165, 5.818090915679932, 5.803303241729736, 5.790359973907471, 5.779240131378174, 5.769927501678467, 5.762406349182129, 5.756666660308838, 5.752697944641113, 5.750495433807373, 5.750054836273193, 5.751376152038574, 5.754461288452148, 5.75931453704834, 5.76594352722168, 5.774358749389648, 5.784573078155518, 5.796602249145508, 5.810465335845947, 5.826183319091797, 5.843781471252441, 5.863287925720215, 5.8847336769104, 5.908153057098389, 5.933584213256836, 5.961069107055664, 5.9906535148620605, 6.0223870277404785, 6.056323528289795, 6.0925211906433105, 6.131043434143066, 6.177452087402344, 5.96204137802124, 5.714371204376221, 5.486673831939697, 5.279099941253662, 5.104897499084473, 4.922585487365723, 4.772233486175537, 4.61216926574707, 4.485499858856201, 4.3451433181762695, 4.23685359954834, 4.101306915283203, 4.006958961486816, 3.9196252822875977, 3.813983917236328, 3.7137820720672607, 3.644096851348877, 3.55389666557312, 3.4942433834075928, 3.4127285480499268, 3.3620059490203857, 3.2881228923797607, 3.217494487762451, 3.1894009113311768, 3.135718584060669, 3.084742546081543, 3.0363128185272217, 2.990281820297241, 2.946514844894409, 2.9048876762390137, 2.8652853965759277, 2.8276031017303467, 2.791743040084839, 2.757615327835083, 2.7251365184783936, 2.6942296028137207, 2.664822816848755, 2.636850118637085, 2.6102497577667236, 2.5849647521972656, 2.560941696166992, 2.5381312370300293, 2.5164878368377686, 2.4959683418273926, 2.4765331745147705, 2.4581456184387207, 2.4407711029052734, 2.424377918243408, 2.4089362621307373, 2.3944191932678223, 2.380800724029541, 2.3680574893951416, 2.356167793273926, 2.345111846923828, 2.3348708152770996, 2.3254282474517822, 2.3167684078216553, 2.308877468109131, 2.3017427921295166, 2.2953529357910156, 2.2896978855133057, 2.284768581390381, 2.280557870864868, 2.2770586013793945, 2.2742655277252197, 2.272174596786499, 2.270782470703125, 2.2700870037078857, 2.2700870037078857, 2.270782470703125, 2.272174596786499, 2.2742655277252197, 2.2770586013793945, 2.280557870864868, 2.284768581390381, 2.2896978855133057, 2.2953529357910156, 2.3017427921295166, 2.308877468109131, 2.3167684078216553, 2.3254282474517822, 2.3348708152770996, 2.345111846923828, 2.356167793273926, 2.3680574893951416, 2.380800724029541, 2.3944191932678223, 2.4089362621307373, 2.424377918243408, 2.4407711029052734, 2.4581456184387207, 2.4765331745147705, 2.4959683418273926, 2.5164878368377686, 2.5381312370300293, 2.560941696166992, 2.5849647521972656, 2.6102497577667236, 2.636850118637085, 2.664822816848755, 2.6942296028137207, 2.7251365184783936, 2.757615327835083, 2.791743040084839, 2.8276031017303467, 2.8652853965759277, 2.9048876762390137, 2.946514844894409, 2.990281820297241, 3.0363128185272217, 3.084742546081543, 3.135718584060669, 3.2133498191833496, 3.2596569061279297, 3.177753448486328, 3.153611421585083, 3.157827377319336, 3.110372304916382, 3.0652475357055664, 3.0223257541656494, 2.981490135192871, 2.9426326751708984, 2.89700984954834, 2.8704605102539062, 2.8369686603546143, 2.805098533630371, 2.7747769355773926, 2.7459359169006348, 2.718512535095215, 2.6924479007720947, 2.6676878929138184, 2.644181728363037, 2.6218819618225098, 2.600745439529419, 2.580731153488159, 2.5618011951446533, 2.5439202785491943, 2.5058786869049072, 2.5111782550811768, 2.496258497238159, 2.4822707176208496, 2.469191074371338, 2.4569971561431885, 2.4456686973571777, 2.4351863861083984, 2.4255335330963135, 2.416694402694702, 2.40865421295166, 2.4014008045196533, 2.3949222564697266, 2.3892083168029785, 2.3842501640319824, 2.380040168762207, 2.3765716552734375, 2.3738391399383545, 2.3718388080596924, 2.3705673217773438, 2.370022773742676, 2.370204210281372, 2.371112108230591, 2.3727476596832275, 2.3751137256622314, 2.378213405609131, 2.382051944732666, 2.3866353034973145, 2.391970157623291, 2.3980653285980225, 2.4049298763275146, 2.4125752449035645, 2.421013116836548, 2.4302573204040527, 2.4403228759765625, 2.451225996017456, 2.462984800338745, 2.475618839263916, 2.489149808883667, 2.5036003589630127, 2.518995761871338, 2.53536319732666, 2.55273175239563, 2.5711328983306885, 2.5906004905700684, 2.611171007156372, 2.6328837871551514, 2.6557810306549072, 2.679908037185669, 2.7053139209747314, 2.732050895690918, 2.7601754665374756, 2.789748430252075, 2.8159258365631104, 2.8535070419311523, 2.8878393173217773, 2.9239141941070557, 2.961820602416992, 3.0016541481018066, 3.0435187816619873, 3.087526798248291, 3.1338002681732178, 3.18247127532959, 3.2336843013763428, 3.2875959873199463, 3.3443775177001953, 3.3887431621551514, 3.4583749771118164, 3.531449317932129, 3.5816540718078613, 3.6627347469329834, 3.7480156421661377, 3.837813377380371, 3.924402952194214, 3.998462438583374, 4.029911518096924, 3.9967970848083496, 3.9370315074920654, 3.899622917175293, 3.865061044692993, 3.825284004211426, 3.901890516281128, 4.000871658325195, 4.144159317016602, 4.286163330078125, 4.471218109130859, 4.654625415802002, 4.814864635467529, 5.038937568664551, 5.292420864105225, 5.264985084533691, 5.222201824188232, 5.202101707458496, 5.166965484619141, 5.150632381439209, 5.125619888305664, 5.102404594421387, 5.0809478759765625, 5.061214447021484, 5.043172836303711, 5.026793003082275, 5.012050151824951, 4.99891996383667, 4.987382411956787, 4.977418899536133, 4.9690141677856445, 4.962154865264893, 4.956830978393555, 4.953033924102783, 4.950758457183838, 4.949999809265137]
intensities: [0.0, 0.0, 0.0, 0.0, 0.0, 0.0, 0.0, 0.0, 0.0, 0.0, 0.0, 0.0, 0.0, 0.0, 0.0, 0.0, 0.0, 0.0, 0.0, 0.0, 0.0, 0.0, 0.0, 0.0, 0.0, 0.0, 0.0, 0.0, 0.0, 0.0, 0.0, 0.0, 0.0, 0.0, 0.0, 0.0, 0.0, 0.0, 0.0, 0.0, 0.0, 0.0, 0.0, 0.0, 0.0, 0.0, 0.0, 0.0, 0.0, 0.0, 0.0, 0.0, 0.0, 0.0, 0.0, 0.0, 0.0, 0.0, 0.0, 0.0, 0.0, 0.0, 0.0, 0.0, 0.0, 0.0, 0.0, 0.0, 0.0, 0.0, 0.0, 0.0, 0.0, 0.0, 0.0, 0.0, 0.0, 0.0, 0.0, 0.0, 0.0, 0.0, 0.0, 0.0, 0.0, 0.0, 0.0, 0.0, 0.0, 0.0, 0.0, 0.0, 0.0, 0.0, 0.0, 0.0, 0.0, 0.0, 0.0, 0.0, 0.0, 0.0, 0.0, 0.0, 0.0, 0.0, 0.0, 0.0, 0.0, 0.0, 0.0, 0.0, 0.0, 0.0, 0.0, 0.0, 0.0, 0.0, 0.0, 0.0, 0.0, 0.0, 0.0, 0.0, 0.0, 0.0, 0.0, 0.0, 0.0, 0.0, 0.0, 0.0, 0.0, 0.0, 0.0, 0.0, 0.0, 0.0, 0.0, 0.0, 0.0, 0.0, 0.0, 0.0, 0.0, 0.0, 0.0, 0.0, 0.0, 0.0, 0.0, 0.0, 0.0, 0.0, 0.0, 0.0, 0.0, 0.0, 0.0, 0.0, 0.0, 0.0, 0.0, 0.0, 0.0, 0.0, 0.0, 0.0, 0.0, 0.0, 0.0, 0.0, 0.0, 0.0, 0.0, 0.0, 0.0, 0.0, 0.0, 0.0, 0.0, 0.0, 0.0, 0.0, 0.0, 0.0, 0.0, 0.0, 0.0, 0.0, 0.0, 0.0, 0.0, 0.0, 0.0, 0.0, 0.0, 0.0, 0.0, 0.0, 0.0, 0.0, 0.0, 0.0, 0.0, 0.0, 0.0, 0.0, 0.0, 0.0, 0.0, 0.0, 0.0, 0.0, 0.0, 0.0, 0.0, 0.0, 0.0, 0.0, 0.0, 0.0, 0.0, 0.0, 0.0, 0.0, 0.0, 0.0, 0.0, 0.0, 0.0, 0.0, 0.0, 0.0, 0.0, 0.0, 0.0, 0.0, 0.0, 0.0, 0.0, 0.0, 0.0, 0.0, 0.0, 0.0, 0.0, 0.0, 0.0, 0.0, 0.0, 0.0, 0.0, 0.0, 0.0, 0.0, 0.0, 0.0, 0.0, 0.0, 0.0, 0.0, 0.0, 0.0, 0.0, 0.0, 0.0, 0.0, 0.0, 0.0, 0.0, 0.0, 0.0, 0.0, 0.0, 0.0, 0.0, 0.0, 0.0, 0.0, 0.0, 0.0, 0.0, 0.0, 0.0, 0.0, 0.0, 0.0, 0.0, 0.0, 0.0, 0.0, 0.0, 0.0, 0.0, 0.0, 0.0, 0.0, 0.0, 0.0, 0.0, 0.0, 0.0, 0.0, 0.0, 0.0, 0.0, 0.0, 0.0, 0.0, 0.0, 0.0, 0.0, 0.0, 0.0, 0.0, 0.0, 0.0, 0.0, 0.0, 0.0, 0.0, 0.0, 0.0, 0.0, 0.0, 0.0, 0.0, 0.0, 0.0, 0.0, 0.0, 0.0, 0.0, 0.0, 0.0, 0.0, 0.0, 0.0, 0.0, 0.0, 0.0, 0.0, 0.0, 0.0, 0.0, 0.0, 0.0, 0.0, 0.0, 0.0, 0.0, 0.0, 0.0, 0.0, 0.0, 0.0, 0.0, 0.0, 0.0]
---
header: 
  seq: 234
  stamp: 
    secs: 23
    nsecs: 500000000
  frame_id: "base_laser_link"
angle_min: -3.14159274101
angle_max: 3.14159274101
angle_increment: 0.0175019092858
time_increment: 0.0
scan_time: 0.0
range_min: 0.15000000596
range_max: 16.0
ranges: [4.949999809265137, 4.950758457183838, 4.953033924102783, 4.956830978393555, 4.962154865264893, 4.9690141677856445, 4.977418899536133, 4.987382411956787, 4.99891996383667, 5.012050151824951, 5.026793003082275, 5.043172836303711, 5.061214447021484, 5.0809478759765625, 5.102404594421387, 5.125619888305664, 5.150632381439209, 5.177484035491943, 5.2062201499938965, 5.2368903160095215, 5.269547462463379, 5.304249286651611, 5.341058254241943, 5.3365654945373535, 5.102711200714111, 4.912810802459717, 4.7339019775390625, 4.593390464782715, 4.590235233306885, 4.634210109710693, 4.680483341217041, 4.729153156280518, 4.780325412750244, 4.834114074707031, 4.890642166137695, 4.950041770935059, 5.012456893920898, 5.078041076660156, 5.146961688995361, 5.219399452209473, 5.29555082321167, 5.368960380554199, 5.4400553703308105, 5.522818565368652, 5.422333240509033, 5.34818172454834, 5.2618889808654785, 5.278470039367676, 5.381604194641113, 5.492518424987793, 5.609498023986816, 5.7329816818237305, 5.863455772399902, 6.001460552215576, 6.147599697113037, 6.2919135093688965, 6.455223560333252, 6.6527018547058105, 6.790340423583984, 6.696628093719482, 6.628393173217773, 6.563525199890137, 6.50188684463501, 6.443350791931152, 6.387798309326172, 6.335119247436523, 6.28521203994751, 6.237980365753174, 6.193336486816406, 6.15119743347168, 6.111487865447998, 6.074135780334473, 6.039076328277588, 6.006248474121094, 5.975595951080322, 5.9470672607421875, 5.920614719390869, 5.896193981170654, 5.8737664222717285, 5.853294372558594, 5.83474588394165, 5.818090915679932, 5.803303241729736, 5.790359973907471, 5.779240131378174, 5.769927501678467, 5.762406349182129, 5.756666660308838, 5.752697944641113, 5.750495433807373, 5.750054836273193, 5.751376152038574, 5.754461288452148, 5.75931453704834, 5.76594352722168, 5.774358749389648, 5.784573078155518, 5.796602249145508, 5.810465335845947, 5.826183319091797, 5.843781471252441, 5.863287925720215, 5.8847336769104, 5.908153057098389, 5.933584213256836, 5.961069107055664, 5.9906535148620605, 6.0223870277404785, 6.056323528289795, 6.0925211906433105, 6.131043434143066, 6.177452087402344, 5.96204137802124, 5.714371204376221, 5.486673831939697, 5.279099941253662, 5.104897499084473, 4.922585487365723, 4.772233486175537, 4.61216926574707, 4.485499858856201, 4.3451433181762695, 4.23685359954834, 4.101306915283203, 4.006958961486816, 3.9196252822875977, 3.813983917236328, 3.7137820720672607, 3.644096851348877, 3.55389666557312, 3.4942433834075928, 3.4127285480499268, 3.3620059490203857, 3.2881228923797607, 3.217494487762451, 3.1894009113311768, 3.135718584060669, 3.084742546081543, 3.0363128185272217, 2.990281820297241, 2.946514844894409, 2.9048876762390137, 2.8652853965759277, 2.8276031017303467, 2.791743040084839, 2.757615327835083, 2.7251365184783936, 2.6942296028137207, 2.664822816848755, 2.636850118637085, 2.6102497577667236, 2.5849647521972656, 2.560941696166992, 2.5381312370300293, 2.5164878368377686, 2.4959683418273926, 2.4765331745147705, 2.4581456184387207, 2.4407711029052734, 2.424377918243408, 2.4089362621307373, 2.3944191932678223, 2.380800724029541, 2.3680574893951416, 2.356167793273926, 2.345111846923828, 2.3348708152770996, 2.3254282474517822, 2.3167684078216553, 2.308877468109131, 2.3017427921295166, 2.2953529357910156, 2.2896978855133057, 2.284768581390381, 2.280557870864868, 2.2770586013793945, 2.2742655277252197, 2.272174596786499, 2.270782470703125, 2.2700870037078857, 2.2700870037078857, 2.270782470703125, 2.272174596786499, 2.2742655277252197, 2.2770586013793945, 2.280557870864868, 2.284768581390381, 2.2896978855133057, 2.2953529357910156, 2.3017427921295166, 2.308877468109131, 2.3167684078216553, 2.3254282474517822, 2.3348708152770996, 2.345111846923828, 2.356167793273926, 2.3680574893951416, 2.380800724029541, 2.3944191932678223, 2.4089362621307373, 2.424377918243408, 2.4407711029052734, 2.4581456184387207, 2.4765331745147705, 2.4959683418273926, 2.5164878368377686, 2.5381312370300293, 2.560941696166992, 2.5849647521972656, 2.6102497577667236, 2.636850118637085, 2.664822816848755, 2.6942296028137207, 2.7251365184783936, 2.757615327835083, 2.791743040084839, 2.8276031017303467, 2.8652853965759277, 2.9048876762390137, 2.946514844894409, 2.990281820297241, 3.0363128185272217, 3.084742546081543, 3.135718584060669, 3.2133498191833496, 3.2596569061279297, 3.177753448486328, 3.153611421585083, 3.157827377319336, 3.110372304916382, 3.0652475357055664, 3.0223257541656494, 2.981490135192871, 2.9426326751708984, 2.89700984954834, 2.8704605102539062, 2.8369686603546143, 2.805098533630371, 2.7747769355773926, 2.7459359169006348, 2.718512535095215, 2.6924479007720947, 2.6676878929138184, 2.644181728363037, 2.6218819618225098, 2.600745439529419, 2.580731153488159, 2.5618011951446533, 2.5439202785491943, 2.5058786869049072, 2.5111782550811768, 2.496258497238159, 2.4822707176208496, 2.469191074371338, 2.4569971561431885, 2.4456686973571777, 2.4351863861083984, 2.4255335330963135, 2.416694402694702, 2.40865421295166, 2.4014008045196533, 2.3949222564697266, 2.3892083168029785, 2.3842501640319824, 2.380040168762207, 2.3765716552734375, 2.3738391399383545, 2.3718388080596924, 2.3705673217773438, 2.370022773742676, 2.370204210281372, 2.371112108230591, 2.3727476596832275, 2.3751137256622314, 2.378213405609131, 2.382051944732666, 2.3866353034973145, 2.391970157623291, 2.3980653285980225, 2.4049298763275146, 2.4125752449035645, 2.421013116836548, 2.4302573204040527, 2.4403228759765625, 2.451225996017456, 2.462984800338745, 2.475618839263916, 2.489149808883667, 2.5036003589630127, 2.518995761871338, 2.53536319732666, 2.55273175239563, 2.5711328983306885, 2.5906004905700684, 2.611171007156372, 2.6328837871551514, 2.6557810306549072, 2.679908037185669, 2.7053139209747314, 2.732050895690918, 2.7601754665374756, 2.789748430252075, 2.8159258365631104, 2.8535070419311523, 2.8878393173217773, 2.9239141941070557, 2.961820602416992, 3.0016541481018066, 3.0435187816619873, 3.087526798248291, 3.1338002681732178, 3.18247127532959, 3.2336843013763428, 3.2875959873199463, 3.3443775177001953, 3.3887431621551514, 3.4583749771118164, 3.531449317932129, 3.5816540718078613, 3.6627347469329834, 3.7480156421661377, 3.837813377380371, 3.924402952194214, 3.998462438583374, 4.029911518096924, 3.9967970848083496, 3.9370315074920654, 3.899622917175293, 3.865061044692993, 3.825284004211426, 3.901890516281128, 4.000871658325195, 4.144159317016602, 4.286163330078125, 4.471218109130859, 4.654625415802002, 4.814864635467529, 5.038937568664551, 5.292420864105225, 5.264985084533691, 5.222201824188232, 5.202101707458496, 5.166965484619141, 5.150632381439209, 5.125619888305664, 5.102404594421387, 5.0809478759765625, 5.061214447021484, 5.043172836303711, 5.026793003082275, 5.012050151824951, 4.99891996383667, 4.987382411956787, 4.977418899536133, 4.9690141677856445, 4.962154865264893, 4.956830978393555, 4.953033924102783, 4.950758457183838, 4.949999809265137]
intensities: [0.0, 0.0, 0.0, 0.0, 0.0, 0.0, 0.0, 0.0, 0.0, 0.0, 0.0, 0.0, 0.0, 0.0, 0.0, 0.0, 0.0, 0.0, 0.0, 0.0, 0.0, 0.0, 0.0, 0.0, 0.0, 0.0, 0.0, 0.0, 0.0, 0.0, 0.0, 0.0, 0.0, 0.0, 0.0, 0.0, 0.0, 0.0, 0.0, 0.0, 0.0, 0.0, 0.0, 0.0, 0.0, 0.0, 0.0, 0.0, 0.0, 0.0, 0.0, 0.0, 0.0, 0.0, 0.0, 0.0, 0.0, 0.0, 0.0, 0.0, 0.0, 0.0, 0.0, 0.0, 0.0, 0.0, 0.0, 0.0, 0.0, 0.0, 0.0, 0.0, 0.0, 0.0, 0.0, 0.0, 0.0, 0.0, 0.0, 0.0, 0.0, 0.0, 0.0, 0.0, 0.0, 0.0, 0.0, 0.0, 0.0, 0.0, 0.0, 0.0, 0.0, 0.0, 0.0, 0.0, 0.0, 0.0, 0.0, 0.0, 0.0, 0.0, 0.0, 0.0, 0.0, 0.0, 0.0, 0.0, 0.0, 0.0, 0.0, 0.0, 0.0, 0.0, 0.0, 0.0, 0.0, 0.0, 0.0, 0.0, 0.0, 0.0, 0.0, 0.0, 0.0, 0.0, 0.0, 0.0, 0.0, 0.0, 0.0, 0.0, 0.0, 0.0, 0.0, 0.0, 0.0, 0.0, 0.0, 0.0, 0.0, 0.0, 0.0, 0.0, 0.0, 0.0, 0.0, 0.0, 0.0, 0.0, 0.0, 0.0, 0.0, 0.0, 0.0, 0.0, 0.0, 0.0, 0.0, 0.0, 0.0, 0.0, 0.0, 0.0, 0.0, 0.0, 0.0, 0.0, 0.0, 0.0, 0.0, 0.0, 0.0, 0.0, 0.0, 0.0, 0.0, 0.0, 0.0, 0.0, 0.0, 0.0, 0.0, 0.0, 0.0, 0.0, 0.0, 0.0, 0.0, 0.0, 0.0, 0.0, 0.0, 0.0, 0.0, 0.0, 0.0, 0.0, 0.0, 0.0, 0.0, 0.0, 0.0, 0.0, 0.0, 0.0, 0.0, 0.0, 0.0, 0.0, 0.0, 0.0, 0.0, 0.0, 0.0, 0.0, 0.0, 0.0, 0.0, 0.0, 0.0, 0.0, 0.0, 0.0, 0.0, 0.0, 0.0, 0.0, 0.0, 0.0, 0.0, 0.0, 0.0, 0.0, 0.0, 0.0, 0.0, 0.0, 0.0, 0.0, 0.0, 0.0, 0.0, 0.0, 0.0, 0.0, 0.0, 0.0, 0.0, 0.0, 0.0, 0.0, 0.0, 0.0, 0.0, 0.0, 0.0, 0.0, 0.0, 0.0, 0.0, 0.0, 0.0, 0.0, 0.0, 0.0, 0.0, 0.0, 0.0, 0.0, 0.0, 0.0, 0.0, 0.0, 0.0, 0.0, 0.0, 0.0, 0.0, 0.0, 0.0, 0.0, 0.0, 0.0, 0.0, 0.0, 0.0, 0.0, 0.0, 0.0, 0.0, 0.0, 0.0, 0.0, 0.0, 0.0, 0.0, 0.0, 0.0, 0.0, 0.0, 0.0, 0.0, 0.0, 0.0, 0.0, 0.0, 0.0, 0.0, 0.0, 0.0, 0.0, 0.0, 0.0, 0.0, 0.0, 0.0, 0.0, 0.0, 0.0, 0.0, 0.0, 0.0, 0.0, 0.0, 0.0, 0.0, 0.0, 0.0, 0.0, 0.0, 0.0, 0.0, 0.0, 0.0, 0.0, 0.0, 0.0, 0.0, 0.0, 0.0, 0.0, 0.0, 0.0, 0.0, 0.0, 0.0, 0.0, 0.0, 0.0, 0.0, 0.0, 0.0, 0.0, 0.0, 0.0, 0.0, 0.0, 0.0, 0.0]
---
header: 
  seq: 235
  stamp: 
    secs: 23
    nsecs: 600000000
  frame_id: "base_laser_link"
angle_min: -3.14159274101
angle_max: 3.14159274101
angle_increment: 0.0175019092858
time_increment: 0.0
scan_time: 0.0
range_min: 0.15000000596
range_max: 16.0
ranges: [4.949999809265137, 4.950758457183838, 4.953033924102783, 4.956830978393555, 4.962154865264893, 4.9690141677856445, 4.977418899536133, 4.987382411956787, 4.99891996383667, 5.012050151824951, 5.026793003082275, 5.043172836303711, 5.061214447021484, 5.0809478759765625, 5.102404594421387, 5.125619888305664, 5.150632381439209, 5.177484035491943, 5.2062201499938965, 5.2368903160095215, 5.269547462463379, 5.304249286651611, 5.341058254241943, 5.3365654945373535, 5.102711200714111, 4.912810802459717, 4.7339019775390625, 4.593390464782715, 4.590235233306885, 4.634210109710693, 4.680483341217041, 4.729153156280518, 4.780325412750244, 4.834114074707031, 4.890642166137695, 4.950041770935059, 5.012456893920898, 5.078041076660156, 5.146961688995361, 5.219399452209473, 5.29555082321167, 5.368960380554199, 5.4400553703308105, 5.522818565368652, 5.422333240509033, 5.34818172454834, 5.2618889808654785, 5.278470039367676, 5.381604194641113, 5.492518424987793, 5.609498023986816, 5.7329816818237305, 5.863455772399902, 6.001460552215576, 6.147599697113037, 6.2919135093688965, 6.455223560333252, 6.6527018547058105, 6.790340423583984, 6.696628093719482, 6.628393173217773, 6.563525199890137, 6.50188684463501, 6.443350791931152, 6.387798309326172, 6.335119247436523, 6.28521203994751, 6.237980365753174, 6.193336486816406, 6.15119743347168, 6.111487865447998, 6.074135780334473, 6.039076328277588, 6.006248474121094, 5.975595951080322, 5.9470672607421875, 5.920614719390869, 5.896193981170654, 5.8737664222717285, 5.853294372558594, 5.83474588394165, 5.818090915679932, 5.803303241729736, 5.790359973907471, 5.779240131378174, 5.769927501678467, 5.762406349182129, 5.756666660308838, 5.752697944641113, 5.750495433807373, 5.750054836273193, 5.751376152038574, 5.754461288452148, 5.75931453704834, 5.76594352722168, 5.774358749389648, 5.784573078155518, 5.796602249145508, 5.810465335845947, 5.826183319091797, 5.843781471252441, 5.863287925720215, 5.8847336769104, 5.908153057098389, 5.933584213256836, 5.961069107055664, 5.9906535148620605, 6.0223870277404785, 6.056323528289795, 6.0925211906433105, 6.131043434143066, 6.177452087402344, 5.96204137802124, 5.714371204376221, 5.486673831939697, 5.279099941253662, 5.104897499084473, 4.922585487365723, 4.772233486175537, 4.61216926574707, 4.485499858856201, 4.3451433181762695, 4.23685359954834, 4.101306915283203, 4.006958961486816, 3.9196252822875977, 3.813983917236328, 3.7137820720672607, 3.644096851348877, 3.55389666557312, 3.4942433834075928, 3.4127285480499268, 3.3620059490203857, 3.2881228923797607, 3.217494487762451, 3.1894009113311768, 3.135718584060669, 3.084742546081543, 3.0363128185272217, 2.990281820297241, 2.946514844894409, 2.9048876762390137, 2.8652853965759277, 2.8276031017303467, 2.791743040084839, 2.757615327835083, 2.7251365184783936, 2.6942296028137207, 2.664822816848755, 2.636850118637085, 2.6102497577667236, 2.5849647521972656, 2.560941696166992, 2.5381312370300293, 2.5164878368377686, 2.4959683418273926, 2.4765331745147705, 2.4581456184387207, 2.4407711029052734, 2.424377918243408, 2.4089362621307373, 2.3944191932678223, 2.380800724029541, 2.3680574893951416, 2.356167793273926, 2.345111846923828, 2.3348708152770996, 2.3254282474517822, 2.3167684078216553, 2.308877468109131, 2.3017427921295166, 2.2953529357910156, 2.2896978855133057, 2.284768581390381, 2.280557870864868, 2.2770586013793945, 2.2742655277252197, 2.272174596786499, 2.270782470703125, 2.2700870037078857, 2.2700870037078857, 2.270782470703125, 2.272174596786499, 2.2742655277252197, 2.2770586013793945, 2.280557870864868, 2.284768581390381, 2.2896978855133057, 2.2953529357910156, 2.3017427921295166, 2.308877468109131, 2.3167684078216553, 2.3254282474517822, 2.3348708152770996, 2.345111846923828, 2.356167793273926, 2.3680574893951416, 2.380800724029541, 2.3944191932678223, 2.4089362621307373, 2.424377918243408, 2.4407711029052734, 2.4581456184387207, 2.4765331745147705, 2.4959683418273926, 2.5164878368377686, 2.5381312370300293, 2.560941696166992, 2.5849647521972656, 2.6102497577667236, 2.636850118637085, 2.664822816848755, 2.6942296028137207, 2.7251365184783936, 2.757615327835083, 2.791743040084839, 2.8276031017303467, 2.8652853965759277, 2.9048876762390137, 2.946514844894409, 2.990281820297241, 3.0363128185272217, 3.084742546081543, 3.135718584060669, 3.2133498191833496, 3.2596569061279297, 3.177753448486328, 3.153611421585083, 3.157827377319336, 3.110372304916382, 3.0652475357055664, 3.0223257541656494, 2.981490135192871, 2.9426326751708984, 2.89700984954834, 2.8704605102539062, 2.8369686603546143, 2.805098533630371, 2.7747769355773926, 2.7459359169006348, 2.718512535095215, 2.6924479007720947, 2.6676878929138184, 2.644181728363037, 2.6218819618225098, 2.600745439529419, 2.580731153488159, 2.5618011951446533, 2.5439202785491943, 2.5058786869049072, 2.5111782550811768, 2.496258497238159, 2.4822707176208496, 2.469191074371338, 2.4569971561431885, 2.4456686973571777, 2.4351863861083984, 2.4255335330963135, 2.416694402694702, 2.40865421295166, 2.4014008045196533, 2.3949222564697266, 2.3892083168029785, 2.3842501640319824, 2.380040168762207, 2.3765716552734375, 2.3738391399383545, 2.3718388080596924, 2.3705673217773438, 2.370022773742676, 2.370204210281372, 2.371112108230591, 2.3727476596832275, 2.3751137256622314, 2.378213405609131, 2.382051944732666, 2.3866353034973145, 2.391970157623291, 2.3980653285980225, 2.4049298763275146, 2.4125752449035645, 2.421013116836548, 2.4302573204040527, 2.4403228759765625, 2.451225996017456, 2.462984800338745, 2.475618839263916, 2.489149808883667, 2.5036003589630127, 2.518995761871338, 2.53536319732666, 2.55273175239563, 2.5711328983306885, 2.5906004905700684, 2.611171007156372, 2.6328837871551514, 2.6557810306549072, 2.679908037185669, 2.7053139209747314, 2.732050895690918, 2.7601754665374756, 2.789748430252075, 2.8159258365631104, 2.8535070419311523, 2.8878393173217773, 2.9239141941070557, 2.961820602416992, 3.0016541481018066, 3.0435187816619873, 3.087526798248291, 3.1338002681732178, 3.18247127532959, 3.2336843013763428, 3.2875959873199463, 3.3443775177001953, 3.3887431621551514, 3.4583749771118164, 3.531449317932129, 3.5816540718078613, 3.6627347469329834, 3.7480156421661377, 3.837813377380371, 3.924402952194214, 3.998462438583374, 4.029911518096924, 3.9967970848083496, 3.9370315074920654, 3.899622917175293, 3.865061044692993, 3.825284004211426, 3.901890516281128, 4.000871658325195, 4.144159317016602, 4.286163330078125, 4.471218109130859, 4.654625415802002, 4.814864635467529, 5.038937568664551, 5.292420864105225, 5.264985084533691, 5.222201824188232, 5.202101707458496, 5.166965484619141, 5.150632381439209, 5.125619888305664, 5.102404594421387, 5.0809478759765625, 5.061214447021484, 5.043172836303711, 5.026793003082275, 5.012050151824951, 4.99891996383667, 4.987382411956787, 4.977418899536133, 4.9690141677856445, 4.962154865264893, 4.956830978393555, 4.953033924102783, 4.950758457183838, 4.949999809265137]
intensities: [0.0, 0.0, 0.0, 0.0, 0.0, 0.0, 0.0, 0.0, 0.0, 0.0, 0.0, 0.0, 0.0, 0.0, 0.0, 0.0, 0.0, 0.0, 0.0, 0.0, 0.0, 0.0, 0.0, 0.0, 0.0, 0.0, 0.0, 0.0, 0.0, 0.0, 0.0, 0.0, 0.0, 0.0, 0.0, 0.0, 0.0, 0.0, 0.0, 0.0, 0.0, 0.0, 0.0, 0.0, 0.0, 0.0, 0.0, 0.0, 0.0, 0.0, 0.0, 0.0, 0.0, 0.0, 0.0, 0.0, 0.0, 0.0, 0.0, 0.0, 0.0, 0.0, 0.0, 0.0, 0.0, 0.0, 0.0, 0.0, 0.0, 0.0, 0.0, 0.0, 0.0, 0.0, 0.0, 0.0, 0.0, 0.0, 0.0, 0.0, 0.0, 0.0, 0.0, 0.0, 0.0, 0.0, 0.0, 0.0, 0.0, 0.0, 0.0, 0.0, 0.0, 0.0, 0.0, 0.0, 0.0, 0.0, 0.0, 0.0, 0.0, 0.0, 0.0, 0.0, 0.0, 0.0, 0.0, 0.0, 0.0, 0.0, 0.0, 0.0, 0.0, 0.0, 0.0, 0.0, 0.0, 0.0, 0.0, 0.0, 0.0, 0.0, 0.0, 0.0, 0.0, 0.0, 0.0, 0.0, 0.0, 0.0, 0.0, 0.0, 0.0, 0.0, 0.0, 0.0, 0.0, 0.0, 0.0, 0.0, 0.0, 0.0, 0.0, 0.0, 0.0, 0.0, 0.0, 0.0, 0.0, 0.0, 0.0, 0.0, 0.0, 0.0, 0.0, 0.0, 0.0, 0.0, 0.0, 0.0, 0.0, 0.0, 0.0, 0.0, 0.0, 0.0, 0.0, 0.0, 0.0, 0.0, 0.0, 0.0, 0.0, 0.0, 0.0, 0.0, 0.0, 0.0, 0.0, 0.0, 0.0, 0.0, 0.0, 0.0, 0.0, 0.0, 0.0, 0.0, 0.0, 0.0, 0.0, 0.0, 0.0, 0.0, 0.0, 0.0, 0.0, 0.0, 0.0, 0.0, 0.0, 0.0, 0.0, 0.0, 0.0, 0.0, 0.0, 0.0, 0.0, 0.0, 0.0, 0.0, 0.0, 0.0, 0.0, 0.0, 0.0, 0.0, 0.0, 0.0, 0.0, 0.0, 0.0, 0.0, 0.0, 0.0, 0.0, 0.0, 0.0, 0.0, 0.0, 0.0, 0.0, 0.0, 0.0, 0.0, 0.0, 0.0, 0.0, 0.0, 0.0, 0.0, 0.0, 0.0, 0.0, 0.0, 0.0, 0.0, 0.0, 0.0, 0.0, 0.0, 0.0, 0.0, 0.0, 0.0, 0.0, 0.0, 0.0, 0.0, 0.0, 0.0, 0.0, 0.0, 0.0, 0.0, 0.0, 0.0, 0.0, 0.0, 0.0, 0.0, 0.0, 0.0, 0.0, 0.0, 0.0, 0.0, 0.0, 0.0, 0.0, 0.0, 0.0, 0.0, 0.0, 0.0, 0.0, 0.0, 0.0, 0.0, 0.0, 0.0, 0.0, 0.0, 0.0, 0.0, 0.0, 0.0, 0.0, 0.0, 0.0, 0.0, 0.0, 0.0, 0.0, 0.0, 0.0, 0.0, 0.0, 0.0, 0.0, 0.0, 0.0, 0.0, 0.0, 0.0, 0.0, 0.0, 0.0, 0.0, 0.0, 0.0, 0.0, 0.0, 0.0, 0.0, 0.0, 0.0, 0.0, 0.0, 0.0, 0.0, 0.0, 0.0, 0.0, 0.0, 0.0, 0.0, 0.0, 0.0, 0.0, 0.0, 0.0, 0.0, 0.0, 0.0, 0.0, 0.0, 0.0, 0.0, 0.0, 0.0, 0.0, 0.0, 0.0, 0.0, 0.0, 0.0, 0.0, 0.0]
---
header: 
  seq: 236
  stamp: 
    secs: 23
    nsecs: 700000000
  frame_id: "base_laser_link"
angle_min: -3.14159274101
angle_max: 3.14159274101
angle_increment: 0.0175019092858
time_increment: 0.0
scan_time: 0.0
range_min: 0.15000000596
range_max: 16.0
ranges: [4.949999809265137, 4.950758457183838, 4.953033924102783, 4.956830978393555, 4.962154865264893, 4.9690141677856445, 4.977418899536133, 4.987382411956787, 4.99891996383667, 5.012050151824951, 5.026793003082275, 5.043172836303711, 5.061214447021484, 5.0809478759765625, 5.102404594421387, 5.125619888305664, 5.150632381439209, 5.177484035491943, 5.2062201499938965, 5.2368903160095215, 5.269547462463379, 5.304249286651611, 5.341058254241943, 5.3365654945373535, 5.102711200714111, 4.912810802459717, 4.7339019775390625, 4.593390464782715, 4.590235233306885, 4.634210109710693, 4.680483341217041, 4.729153156280518, 4.780325412750244, 4.834114074707031, 4.890642166137695, 4.950041770935059, 5.012456893920898, 5.078041076660156, 5.146961688995361, 5.219399452209473, 5.29555082321167, 5.368960380554199, 5.4400553703308105, 5.522818565368652, 5.422333240509033, 5.34818172454834, 5.2618889808654785, 5.278470039367676, 5.381604194641113, 5.492518424987793, 5.609498023986816, 5.7329816818237305, 5.863455772399902, 6.001460552215576, 6.147599697113037, 6.2919135093688965, 6.455223560333252, 6.6527018547058105, 6.790340423583984, 6.696628093719482, 6.628393173217773, 6.563525199890137, 6.50188684463501, 6.443350791931152, 6.387798309326172, 6.335119247436523, 6.28521203994751, 6.237980365753174, 6.193336486816406, 6.15119743347168, 6.111487865447998, 6.074135780334473, 6.039076328277588, 6.006248474121094, 5.975595951080322, 5.9470672607421875, 5.920614719390869, 5.896193981170654, 5.8737664222717285, 5.853294372558594, 5.83474588394165, 5.818090915679932, 5.803303241729736, 5.790359973907471, 5.779240131378174, 5.769927501678467, 5.762406349182129, 5.756666660308838, 5.752697944641113, 5.750495433807373, 5.750054836273193, 5.751376152038574, 5.754461288452148, 5.75931453704834, 5.76594352722168, 5.774358749389648, 5.784573078155518, 5.796602249145508, 5.810465335845947, 5.826183319091797, 5.843781471252441, 5.863287925720215, 5.8847336769104, 5.908153057098389, 5.933584213256836, 5.961069107055664, 5.9906535148620605, 6.0223870277404785, 6.056323528289795, 6.0925211906433105, 6.131043434143066, 6.177452087402344, 5.96204137802124, 5.714371204376221, 5.486673831939697, 5.279099941253662, 5.104897499084473, 4.922585487365723, 4.772233486175537, 4.61216926574707, 4.485499858856201, 4.3451433181762695, 4.23685359954834, 4.101306915283203, 4.006958961486816, 3.9196252822875977, 3.813983917236328, 3.7137820720672607, 3.644096851348877, 3.55389666557312, 3.4942433834075928, 3.4127285480499268, 3.3620059490203857, 3.2881228923797607, 3.217494487762451, 3.1894009113311768, 3.135718584060669, 3.084742546081543, 3.0363128185272217, 2.990281820297241, 2.946514844894409, 2.9048876762390137, 2.8652853965759277, 2.8276031017303467, 2.791743040084839, 2.757615327835083, 2.7251365184783936, 2.6942296028137207, 2.664822816848755, 2.636850118637085, 2.6102497577667236, 2.5849647521972656, 2.560941696166992, 2.5381312370300293, 2.5164878368377686, 2.4959683418273926, 2.4765331745147705, 2.4581456184387207, 2.4407711029052734, 2.424377918243408, 2.4089362621307373, 2.3944191932678223, 2.380800724029541, 2.3680574893951416, 2.356167793273926, 2.345111846923828, 2.3348708152770996, 2.3254282474517822, 2.3167684078216553, 2.308877468109131, 2.3017427921295166, 2.2953529357910156, 2.2896978855133057, 2.284768581390381, 2.280557870864868, 2.2770586013793945, 2.2742655277252197, 2.272174596786499, 2.270782470703125, 2.2700870037078857, 2.2700870037078857, 2.270782470703125, 2.272174596786499, 2.2742655277252197, 2.2770586013793945, 2.280557870864868, 2.284768581390381, 2.2896978855133057, 2.2953529357910156, 2.3017427921295166, 2.308877468109131, 2.3167684078216553, 2.3254282474517822, 2.3348708152770996, 2.345111846923828, 2.356167793273926, 2.3680574893951416, 2.380800724029541, 2.3944191932678223, 2.4089362621307373, 2.424377918243408, 2.4407711029052734, 2.4581456184387207, 2.4765331745147705, 2.4959683418273926, 2.5164878368377686, 2.5381312370300293, 2.560941696166992, 2.5849647521972656, 2.6102497577667236, 2.636850118637085, 2.664822816848755, 2.6942296028137207, 2.7251365184783936, 2.757615327835083, 2.791743040084839, 2.8276031017303467, 2.8652853965759277, 2.9048876762390137, 2.946514844894409, 2.990281820297241, 3.0363128185272217, 3.084742546081543, 3.135718584060669, 3.2133498191833496, 3.2596569061279297, 3.177753448486328, 3.153611421585083, 3.157827377319336, 3.110372304916382, 3.0652475357055664, 3.0223257541656494, 2.981490135192871, 2.9426326751708984, 2.89700984954834, 2.8704605102539062, 2.8369686603546143, 2.805098533630371, 2.7747769355773926, 2.7459359169006348, 2.718512535095215, 2.6924479007720947, 2.6676878929138184, 2.644181728363037, 2.6218819618225098, 2.600745439529419, 2.580731153488159, 2.5618011951446533, 2.5439202785491943, 2.5058786869049072, 2.5111782550811768, 2.496258497238159, 2.4822707176208496, 2.469191074371338, 2.4569971561431885, 2.4456686973571777, 2.4351863861083984, 2.4255335330963135, 2.416694402694702, 2.40865421295166, 2.4014008045196533, 2.3949222564697266, 2.3892083168029785, 2.3842501640319824, 2.380040168762207, 2.3765716552734375, 2.3738391399383545, 2.3718388080596924, 2.3705673217773438, 2.370022773742676, 2.370204210281372, 2.371112108230591, 2.3727476596832275, 2.3751137256622314, 2.378213405609131, 2.382051944732666, 2.3866353034973145, 2.391970157623291, 2.3980653285980225, 2.4049298763275146, 2.4125752449035645, 2.421013116836548, 2.4302573204040527, 2.4403228759765625, 2.451225996017456, 2.462984800338745, 2.475618839263916, 2.489149808883667, 2.5036003589630127, 2.518995761871338, 2.53536319732666, 2.55273175239563, 2.5711328983306885, 2.5906004905700684, 2.611171007156372, 2.6328837871551514, 2.6557810306549072, 2.679908037185669, 2.7053139209747314, 2.732050895690918, 2.7601754665374756, 2.789748430252075, 2.8159258365631104, 2.8535070419311523, 2.8878393173217773, 2.9239141941070557, 2.961820602416992, 3.0016541481018066, 3.0435187816619873, 3.087526798248291, 3.1338002681732178, 3.18247127532959, 3.2336843013763428, 3.2875959873199463, 3.3443775177001953, 3.3887431621551514, 3.4583749771118164, 3.531449317932129, 3.5816540718078613, 3.6627347469329834, 3.7480156421661377, 3.837813377380371, 3.924402952194214, 3.998462438583374, 4.029911518096924, 3.9967970848083496, 3.9370315074920654, 3.899622917175293, 3.865061044692993, 3.825284004211426, 3.901890516281128, 4.000871658325195, 4.144159317016602, 4.286163330078125, 4.471218109130859, 4.654625415802002, 4.814864635467529, 5.038937568664551, 5.292420864105225, 5.264985084533691, 5.222201824188232, 5.202101707458496, 5.166965484619141, 5.150632381439209, 5.125619888305664, 5.102404594421387, 5.0809478759765625, 5.061214447021484, 5.043172836303711, 5.026793003082275, 5.012050151824951, 4.99891996383667, 4.987382411956787, 4.977418899536133, 4.9690141677856445, 4.962154865264893, 4.956830978393555, 4.953033924102783, 4.950758457183838, 4.949999809265137]
intensities: [0.0, 0.0, 0.0, 0.0, 0.0, 0.0, 0.0, 0.0, 0.0, 0.0, 0.0, 0.0, 0.0, 0.0, 0.0, 0.0, 0.0, 0.0, 0.0, 0.0, 0.0, 0.0, 0.0, 0.0, 0.0, 0.0, 0.0, 0.0, 0.0, 0.0, 0.0, 0.0, 0.0, 0.0, 0.0, 0.0, 0.0, 0.0, 0.0, 0.0, 0.0, 0.0, 0.0, 0.0, 0.0, 0.0, 0.0, 0.0, 0.0, 0.0, 0.0, 0.0, 0.0, 0.0, 0.0, 0.0, 0.0, 0.0, 0.0, 0.0, 0.0, 0.0, 0.0, 0.0, 0.0, 0.0, 0.0, 0.0, 0.0, 0.0, 0.0, 0.0, 0.0, 0.0, 0.0, 0.0, 0.0, 0.0, 0.0, 0.0, 0.0, 0.0, 0.0, 0.0, 0.0, 0.0, 0.0, 0.0, 0.0, 0.0, 0.0, 0.0, 0.0, 0.0, 0.0, 0.0, 0.0, 0.0, 0.0, 0.0, 0.0, 0.0, 0.0, 0.0, 0.0, 0.0, 0.0, 0.0, 0.0, 0.0, 0.0, 0.0, 0.0, 0.0, 0.0, 0.0, 0.0, 0.0, 0.0, 0.0, 0.0, 0.0, 0.0, 0.0, 0.0, 0.0, 0.0, 0.0, 0.0, 0.0, 0.0, 0.0, 0.0, 0.0, 0.0, 0.0, 0.0, 0.0, 0.0, 0.0, 0.0, 0.0, 0.0, 0.0, 0.0, 0.0, 0.0, 0.0, 0.0, 0.0, 0.0, 0.0, 0.0, 0.0, 0.0, 0.0, 0.0, 0.0, 0.0, 0.0, 0.0, 0.0, 0.0, 0.0, 0.0, 0.0, 0.0, 0.0, 0.0, 0.0, 0.0, 0.0, 0.0, 0.0, 0.0, 0.0, 0.0, 0.0, 0.0, 0.0, 0.0, 0.0, 0.0, 0.0, 0.0, 0.0, 0.0, 0.0, 0.0, 0.0, 0.0, 0.0, 0.0, 0.0, 0.0, 0.0, 0.0, 0.0, 0.0, 0.0, 0.0, 0.0, 0.0, 0.0, 0.0, 0.0, 0.0, 0.0, 0.0, 0.0, 0.0, 0.0, 0.0, 0.0, 0.0, 0.0, 0.0, 0.0, 0.0, 0.0, 0.0, 0.0, 0.0, 0.0, 0.0, 0.0, 0.0, 0.0, 0.0, 0.0, 0.0, 0.0, 0.0, 0.0, 0.0, 0.0, 0.0, 0.0, 0.0, 0.0, 0.0, 0.0, 0.0, 0.0, 0.0, 0.0, 0.0, 0.0, 0.0, 0.0, 0.0, 0.0, 0.0, 0.0, 0.0, 0.0, 0.0, 0.0, 0.0, 0.0, 0.0, 0.0, 0.0, 0.0, 0.0, 0.0, 0.0, 0.0, 0.0, 0.0, 0.0, 0.0, 0.0, 0.0, 0.0, 0.0, 0.0, 0.0, 0.0, 0.0, 0.0, 0.0, 0.0, 0.0, 0.0, 0.0, 0.0, 0.0, 0.0, 0.0, 0.0, 0.0, 0.0, 0.0, 0.0, 0.0, 0.0, 0.0, 0.0, 0.0, 0.0, 0.0, 0.0, 0.0, 0.0, 0.0, 0.0, 0.0, 0.0, 0.0, 0.0, 0.0, 0.0, 0.0, 0.0, 0.0, 0.0, 0.0, 0.0, 0.0, 0.0, 0.0, 0.0, 0.0, 0.0, 0.0, 0.0, 0.0, 0.0, 0.0, 0.0, 0.0, 0.0, 0.0, 0.0, 0.0, 0.0, 0.0, 0.0, 0.0, 0.0, 0.0, 0.0, 0.0, 0.0, 0.0, 0.0, 0.0, 0.0, 0.0, 0.0, 0.0, 0.0, 0.0, 0.0, 0.0, 0.0, 0.0, 0.0, 0.0]
---
header: 
  seq: 237
  stamp: 
    secs: 23
    nsecs: 800000000
  frame_id: "base_laser_link"
angle_min: -3.14159274101
angle_max: 3.14159274101
angle_increment: 0.0175019092858
time_increment: 0.0
scan_time: 0.0
range_min: 0.15000000596
range_max: 16.0
ranges: [4.949999809265137, 4.950758457183838, 4.953033924102783, 4.956830978393555, 4.962154865264893, 4.9690141677856445, 4.977418899536133, 4.987382411956787, 4.99891996383667, 5.012050151824951, 5.026793003082275, 5.043172836303711, 5.061214447021484, 5.0809478759765625, 5.102404594421387, 5.125619888305664, 5.150632381439209, 5.177484035491943, 5.2062201499938965, 5.2368903160095215, 5.269547462463379, 5.304249286651611, 5.341058254241943, 5.3365654945373535, 5.102711200714111, 4.912810802459717, 4.7339019775390625, 4.593390464782715, 4.590235233306885, 4.634210109710693, 4.680483341217041, 4.729153156280518, 4.780325412750244, 4.834114074707031, 4.890642166137695, 4.950041770935059, 5.012456893920898, 5.078041076660156, 5.146961688995361, 5.219399452209473, 5.29555082321167, 5.368960380554199, 5.4400553703308105, 5.522818565368652, 5.422333240509033, 5.34818172454834, 5.2618889808654785, 5.278470039367676, 5.381604194641113, 5.492518424987793, 5.609498023986816, 5.7329816818237305, 5.863455772399902, 6.001460552215576, 6.147599697113037, 6.2919135093688965, 6.455223560333252, 6.6527018547058105, 6.790340423583984, 6.696628093719482, 6.628393173217773, 6.563525199890137, 6.50188684463501, 6.443350791931152, 6.387798309326172, 6.335119247436523, 6.28521203994751, 6.237980365753174, 6.193336486816406, 6.15119743347168, 6.111487865447998, 6.074135780334473, 6.039076328277588, 6.006248474121094, 5.975595951080322, 5.9470672607421875, 5.920614719390869, 5.896193981170654, 5.8737664222717285, 5.853294372558594, 5.83474588394165, 5.818090915679932, 5.803303241729736, 5.790359973907471, 5.779240131378174, 5.769927501678467, 5.762406349182129, 5.756666660308838, 5.752697944641113, 5.750495433807373, 5.750054836273193, 5.751376152038574, 5.754461288452148, 5.75931453704834, 5.76594352722168, 5.774358749389648, 5.784573078155518, 5.796602249145508, 5.810465335845947, 5.826183319091797, 5.843781471252441, 5.863287925720215, 5.8847336769104, 5.908153057098389, 5.933584213256836, 5.961069107055664, 5.9906535148620605, 6.0223870277404785, 6.056323528289795, 6.0925211906433105, 6.131043434143066, 6.177452087402344, 5.96204137802124, 5.714371204376221, 5.486673831939697, 5.279099941253662, 5.104897499084473, 4.922585487365723, 4.772233486175537, 4.61216926574707, 4.485499858856201, 4.3451433181762695, 4.23685359954834, 4.101306915283203, 4.006958961486816, 3.9196252822875977, 3.813983917236328, 3.7137820720672607, 3.644096851348877, 3.55389666557312, 3.4942433834075928, 3.4127285480499268, 3.3620059490203857, 3.2881228923797607, 3.217494487762451, 3.1894009113311768, 3.135718584060669, 3.084742546081543, 3.0363128185272217, 2.990281820297241, 2.946514844894409, 2.9048876762390137, 2.8652853965759277, 2.8276031017303467, 2.791743040084839, 2.757615327835083, 2.7251365184783936, 2.6942296028137207, 2.664822816848755, 2.636850118637085, 2.6102497577667236, 2.5849647521972656, 2.560941696166992, 2.5381312370300293, 2.5164878368377686, 2.4959683418273926, 2.4765331745147705, 2.4581456184387207, 2.4407711029052734, 2.424377918243408, 2.4089362621307373, 2.3944191932678223, 2.380800724029541, 2.3680574893951416, 2.356167793273926, 2.345111846923828, 2.3348708152770996, 2.3254282474517822, 2.3167684078216553, 2.308877468109131, 2.3017427921295166, 2.2953529357910156, 2.2896978855133057, 2.284768581390381, 2.280557870864868, 2.2770586013793945, 2.2742655277252197, 2.272174596786499, 2.270782470703125, 2.2700870037078857, 2.2700870037078857, 2.270782470703125, 2.272174596786499, 2.2742655277252197, 2.2770586013793945, 2.280557870864868, 2.284768581390381, 2.2896978855133057, 2.2953529357910156, 2.3017427921295166, 2.308877468109131, 2.3167684078216553, 2.3254282474517822, 2.3348708152770996, 2.345111846923828, 2.356167793273926, 2.3680574893951416, 2.380800724029541, 2.3944191932678223, 2.4089362621307373, 2.424377918243408, 2.4407711029052734, 2.4581456184387207, 2.4765331745147705, 2.4959683418273926, 2.5164878368377686, 2.5381312370300293, 2.560941696166992, 2.5849647521972656, 2.6102497577667236, 2.636850118637085, 2.664822816848755, 2.6942296028137207, 2.7251365184783936, 2.757615327835083, 2.791743040084839, 2.8276031017303467, 2.8652853965759277, 2.9048876762390137, 2.946514844894409, 2.990281820297241, 3.0363128185272217, 3.084742546081543, 3.135718584060669, 3.2133498191833496, 3.2596569061279297, 3.177753448486328, 3.153611421585083, 3.157827377319336, 3.110372304916382, 3.0652475357055664, 3.0223257541656494, 2.981490135192871, 2.9426326751708984, 2.89700984954834, 2.8704605102539062, 2.8369686603546143, 2.805098533630371, 2.7747769355773926, 2.7459359169006348, 2.718512535095215, 2.6924479007720947, 2.6676878929138184, 2.644181728363037, 2.6218819618225098, 2.600745439529419, 2.580731153488159, 2.5618011951446533, 2.5439202785491943, 2.5058786869049072, 2.5111782550811768, 2.496258497238159, 2.4822707176208496, 2.469191074371338, 2.4569971561431885, 2.4456686973571777, 2.4351863861083984, 2.4255335330963135, 2.416694402694702, 2.40865421295166, 2.4014008045196533, 2.3949222564697266, 2.3892083168029785, 2.3842501640319824, 2.380040168762207, 2.3765716552734375, 2.3738391399383545, 2.3718388080596924, 2.3705673217773438, 2.370022773742676, 2.370204210281372, 2.371112108230591, 2.3727476596832275, 2.3751137256622314, 2.378213405609131, 2.382051944732666, 2.3866353034973145, 2.391970157623291, 2.3980653285980225, 2.4049298763275146, 2.4125752449035645, 2.421013116836548, 2.4302573204040527, 2.4403228759765625, 2.451225996017456, 2.462984800338745, 2.475618839263916, 2.489149808883667, 2.5036003589630127, 2.518995761871338, 2.53536319732666, 2.55273175239563, 2.5711328983306885, 2.5906004905700684, 2.611171007156372, 2.6328837871551514, 2.6557810306549072, 2.679908037185669, 2.7053139209747314, 2.732050895690918, 2.7601754665374756, 2.789748430252075, 2.8159258365631104, 2.8535070419311523, 2.8878393173217773, 2.9239141941070557, 2.961820602416992, 3.0016541481018066, 3.0435187816619873, 3.087526798248291, 3.1338002681732178, 3.18247127532959, 3.2336843013763428, 3.2875959873199463, 3.3443775177001953, 3.3887431621551514, 3.4583749771118164, 3.531449317932129, 3.5816540718078613, 3.6627347469329834, 3.7480156421661377, 3.837813377380371, 3.924402952194214, 3.998462438583374, 4.029911518096924, 3.9967970848083496, 3.9370315074920654, 3.899622917175293, 3.865061044692993, 3.825284004211426, 3.901890516281128, 4.000871658325195, 4.144159317016602, 4.286163330078125, 4.471218109130859, 4.654625415802002, 4.814864635467529, 5.038937568664551, 5.292420864105225, 5.264985084533691, 5.222201824188232, 5.202101707458496, 5.166965484619141, 5.150632381439209, 5.125619888305664, 5.102404594421387, 5.0809478759765625, 5.061214447021484, 5.043172836303711, 5.026793003082275, 5.012050151824951, 4.99891996383667, 4.987382411956787, 4.977418899536133, 4.9690141677856445, 4.962154865264893, 4.956830978393555, 4.953033924102783, 4.950758457183838, 4.949999809265137]
intensities: [0.0, 0.0, 0.0, 0.0, 0.0, 0.0, 0.0, 0.0, 0.0, 0.0, 0.0, 0.0, 0.0, 0.0, 0.0, 0.0, 0.0, 0.0, 0.0, 0.0, 0.0, 0.0, 0.0, 0.0, 0.0, 0.0, 0.0, 0.0, 0.0, 0.0, 0.0, 0.0, 0.0, 0.0, 0.0, 0.0, 0.0, 0.0, 0.0, 0.0, 0.0, 0.0, 0.0, 0.0, 0.0, 0.0, 0.0, 0.0, 0.0, 0.0, 0.0, 0.0, 0.0, 0.0, 0.0, 0.0, 0.0, 0.0, 0.0, 0.0, 0.0, 0.0, 0.0, 0.0, 0.0, 0.0, 0.0, 0.0, 0.0, 0.0, 0.0, 0.0, 0.0, 0.0, 0.0, 0.0, 0.0, 0.0, 0.0, 0.0, 0.0, 0.0, 0.0, 0.0, 0.0, 0.0, 0.0, 0.0, 0.0, 0.0, 0.0, 0.0, 0.0, 0.0, 0.0, 0.0, 0.0, 0.0, 0.0, 0.0, 0.0, 0.0, 0.0, 0.0, 0.0, 0.0, 0.0, 0.0, 0.0, 0.0, 0.0, 0.0, 0.0, 0.0, 0.0, 0.0, 0.0, 0.0, 0.0, 0.0, 0.0, 0.0, 0.0, 0.0, 0.0, 0.0, 0.0, 0.0, 0.0, 0.0, 0.0, 0.0, 0.0, 0.0, 0.0, 0.0, 0.0, 0.0, 0.0, 0.0, 0.0, 0.0, 0.0, 0.0, 0.0, 0.0, 0.0, 0.0, 0.0, 0.0, 0.0, 0.0, 0.0, 0.0, 0.0, 0.0, 0.0, 0.0, 0.0, 0.0, 0.0, 0.0, 0.0, 0.0, 0.0, 0.0, 0.0, 0.0, 0.0, 0.0, 0.0, 0.0, 0.0, 0.0, 0.0, 0.0, 0.0, 0.0, 0.0, 0.0, 0.0, 0.0, 0.0, 0.0, 0.0, 0.0, 0.0, 0.0, 0.0, 0.0, 0.0, 0.0, 0.0, 0.0, 0.0, 0.0, 0.0, 0.0, 0.0, 0.0, 0.0, 0.0, 0.0, 0.0, 0.0, 0.0, 0.0, 0.0, 0.0, 0.0, 0.0, 0.0, 0.0, 0.0, 0.0, 0.0, 0.0, 0.0, 0.0, 0.0, 0.0, 0.0, 0.0, 0.0, 0.0, 0.0, 0.0, 0.0, 0.0, 0.0, 0.0, 0.0, 0.0, 0.0, 0.0, 0.0, 0.0, 0.0, 0.0, 0.0, 0.0, 0.0, 0.0, 0.0, 0.0, 0.0, 0.0, 0.0, 0.0, 0.0, 0.0, 0.0, 0.0, 0.0, 0.0, 0.0, 0.0, 0.0, 0.0, 0.0, 0.0, 0.0, 0.0, 0.0, 0.0, 0.0, 0.0, 0.0, 0.0, 0.0, 0.0, 0.0, 0.0, 0.0, 0.0, 0.0, 0.0, 0.0, 0.0, 0.0, 0.0, 0.0, 0.0, 0.0, 0.0, 0.0, 0.0, 0.0, 0.0, 0.0, 0.0, 0.0, 0.0, 0.0, 0.0, 0.0, 0.0, 0.0, 0.0, 0.0, 0.0, 0.0, 0.0, 0.0, 0.0, 0.0, 0.0, 0.0, 0.0, 0.0, 0.0, 0.0, 0.0, 0.0, 0.0, 0.0, 0.0, 0.0, 0.0, 0.0, 0.0, 0.0, 0.0, 0.0, 0.0, 0.0, 0.0, 0.0, 0.0, 0.0, 0.0, 0.0, 0.0, 0.0, 0.0, 0.0, 0.0, 0.0, 0.0, 0.0, 0.0, 0.0, 0.0, 0.0, 0.0, 0.0, 0.0, 0.0, 0.0, 0.0, 0.0, 0.0, 0.0, 0.0, 0.0, 0.0, 0.0, 0.0, 0.0, 0.0]
---
header: 
  seq: 238
  stamp: 
    secs: 23
    nsecs: 900000000
  frame_id: "base_laser_link"
angle_min: -3.14159274101
angle_max: 3.14159274101
angle_increment: 0.0175019092858
time_increment: 0.0
scan_time: 0.0
range_min: 0.15000000596
range_max: 16.0
ranges: [4.949999809265137, 4.950758457183838, 4.953033924102783, 4.956830978393555, 4.962154865264893, 4.9690141677856445, 4.977418899536133, 4.987382411956787, 4.99891996383667, 5.012050151824951, 5.026793003082275, 5.043172836303711, 5.061214447021484, 5.0809478759765625, 5.102404594421387, 5.125619888305664, 5.150632381439209, 5.177484035491943, 5.2062201499938965, 5.2368903160095215, 5.269547462463379, 5.304249286651611, 5.341058254241943, 5.3365654945373535, 5.102711200714111, 4.912810802459717, 4.7339019775390625, 4.593390464782715, 4.590235233306885, 4.634210109710693, 4.680483341217041, 4.729153156280518, 4.780325412750244, 4.834114074707031, 4.890642166137695, 4.950041770935059, 5.012456893920898, 5.078041076660156, 5.146961688995361, 5.219399452209473, 5.29555082321167, 5.368960380554199, 5.4400553703308105, 5.522818565368652, 5.422333240509033, 5.34818172454834, 5.2618889808654785, 5.278470039367676, 5.381604194641113, 5.492518424987793, 5.609498023986816, 5.7329816818237305, 5.863455772399902, 6.001460552215576, 6.147599697113037, 6.2919135093688965, 6.455223560333252, 6.6527018547058105, 6.790340423583984, 6.696628093719482, 6.628393173217773, 6.563525199890137, 6.50188684463501, 6.443350791931152, 6.387798309326172, 6.335119247436523, 6.28521203994751, 6.237980365753174, 6.193336486816406, 6.15119743347168, 6.111487865447998, 6.074135780334473, 6.039076328277588, 6.006248474121094, 5.975595951080322, 5.9470672607421875, 5.920614719390869, 5.896193981170654, 5.8737664222717285, 5.853294372558594, 5.83474588394165, 5.818090915679932, 5.803303241729736, 5.790359973907471, 5.779240131378174, 5.769927501678467, 5.762406349182129, 5.756666660308838, 5.752697944641113, 5.750495433807373, 5.750054836273193, 5.751376152038574, 5.754461288452148, 5.75931453704834, 5.76594352722168, 5.774358749389648, 5.784573078155518, 5.796602249145508, 5.810465335845947, 5.826183319091797, 5.843781471252441, 5.863287925720215, 5.8847336769104, 5.908153057098389, 5.933584213256836, 5.961069107055664, 5.9906535148620605, 6.0223870277404785, 6.056323528289795, 6.0925211906433105, 6.131043434143066, 6.177452087402344, 5.96204137802124, 5.714371204376221, 5.486673831939697, 5.279099941253662, 5.104897499084473, 4.922585487365723, 4.772233486175537, 4.61216926574707, 4.485499858856201, 4.3451433181762695, 4.23685359954834, 4.101306915283203, 4.006958961486816, 3.9196252822875977, 3.813983917236328, 3.7137820720672607, 3.644096851348877, 3.55389666557312, 3.4942433834075928, 3.4127285480499268, 3.3620059490203857, 3.2881228923797607, 3.217494487762451, 3.1894009113311768, 3.135718584060669, 3.084742546081543, 3.0363128185272217, 2.990281820297241, 2.946514844894409, 2.9048876762390137, 2.8652853965759277, 2.8276031017303467, 2.791743040084839, 2.757615327835083, 2.7251365184783936, 2.6942296028137207, 2.664822816848755, 2.636850118637085, 2.6102497577667236, 2.5849647521972656, 2.560941696166992, 2.5381312370300293, 2.5164878368377686, 2.4959683418273926, 2.4765331745147705, 2.4581456184387207, 2.4407711029052734, 2.424377918243408, 2.4089362621307373, 2.3944191932678223, 2.380800724029541, 2.3680574893951416, 2.356167793273926, 2.345111846923828, 2.3348708152770996, 2.3254282474517822, 2.3167684078216553, 2.308877468109131, 2.3017427921295166, 2.2953529357910156, 2.2896978855133057, 2.284768581390381, 2.280557870864868, 2.2770586013793945, 2.2742655277252197, 2.272174596786499, 2.270782470703125, 2.2700870037078857, 2.2700870037078857, 2.270782470703125, 2.272174596786499, 2.2742655277252197, 2.2770586013793945, 2.280557870864868, 2.284768581390381, 2.2896978855133057, 2.2953529357910156, 2.3017427921295166, 2.308877468109131, 2.3167684078216553, 2.3254282474517822, 2.3348708152770996, 2.345111846923828, 2.356167793273926, 2.3680574893951416, 2.380800724029541, 2.3944191932678223, 2.4089362621307373, 2.424377918243408, 2.4407711029052734, 2.4581456184387207, 2.4765331745147705, 2.4959683418273926, 2.5164878368377686, 2.5381312370300293, 2.560941696166992, 2.5849647521972656, 2.6102497577667236, 2.636850118637085, 2.664822816848755, 2.6942296028137207, 2.7251365184783936, 2.757615327835083, 2.791743040084839, 2.8276031017303467, 2.8652853965759277, 2.9048876762390137, 2.946514844894409, 2.990281820297241, 3.0363128185272217, 3.084742546081543, 3.135718584060669, 3.2133498191833496, 3.2596569061279297, 3.177753448486328, 3.153611421585083, 3.157827377319336, 3.110372304916382, 3.0652475357055664, 3.0223257541656494, 2.981490135192871, 2.9426326751708984, 2.89700984954834, 2.8704605102539062, 2.8369686603546143, 2.805098533630371, 2.7747769355773926, 2.7459359169006348, 2.718512535095215, 2.6924479007720947, 2.6676878929138184, 2.644181728363037, 2.6218819618225098, 2.600745439529419, 2.580731153488159, 2.5618011951446533, 2.5439202785491943, 2.5058786869049072, 2.5111782550811768, 2.496258497238159, 2.4822707176208496, 2.469191074371338, 2.4569971561431885, 2.4456686973571777, 2.4351863861083984, 2.4255335330963135, 2.416694402694702, 2.40865421295166, 2.4014008045196533, 2.3949222564697266, 2.3892083168029785, 2.3842501640319824, 2.380040168762207, 2.3765716552734375, 2.3738391399383545, 2.3718388080596924, 2.3705673217773438, 2.370022773742676, 2.370204210281372, 2.371112108230591, 2.3727476596832275, 2.3751137256622314, 2.378213405609131, 2.382051944732666, 2.3866353034973145, 2.391970157623291, 2.3980653285980225, 2.4049298763275146, 2.4125752449035645, 2.421013116836548, 2.4302573204040527, 2.4403228759765625, 2.451225996017456, 2.462984800338745, 2.475618839263916, 2.489149808883667, 2.5036003589630127, 2.518995761871338, 2.53536319732666, 2.55273175239563, 2.5711328983306885, 2.5906004905700684, 2.611171007156372, 2.6328837871551514, 2.6557810306549072, 2.679908037185669, 2.7053139209747314, 2.732050895690918, 2.7601754665374756, 2.789748430252075, 2.8159258365631104, 2.8535070419311523, 2.8878393173217773, 2.9239141941070557, 2.961820602416992, 3.0016541481018066, 3.0435187816619873, 3.087526798248291, 3.1338002681732178, 3.18247127532959, 3.2336843013763428, 3.2875959873199463, 3.3443775177001953, 3.3887431621551514, 3.4583749771118164, 3.531449317932129, 3.5816540718078613, 3.6627347469329834, 3.7480156421661377, 3.837813377380371, 3.924402952194214, 3.998462438583374, 4.029911518096924, 3.9967970848083496, 3.9370315074920654, 3.899622917175293, 3.865061044692993, 3.825284004211426, 3.901890516281128, 4.000871658325195, 4.144159317016602, 4.286163330078125, 4.471218109130859, 4.654625415802002, 4.814864635467529, 5.038937568664551, 5.292420864105225, 5.264985084533691, 5.222201824188232, 5.202101707458496, 5.166965484619141, 5.150632381439209, 5.125619888305664, 5.102404594421387, 5.0809478759765625, 5.061214447021484, 5.043172836303711, 5.026793003082275, 5.012050151824951, 4.99891996383667, 4.987382411956787, 4.977418899536133, 4.9690141677856445, 4.962154865264893, 4.956830978393555, 4.953033924102783, 4.950758457183838, 4.949999809265137]
intensities: [0.0, 0.0, 0.0, 0.0, 0.0, 0.0, 0.0, 0.0, 0.0, 0.0, 0.0, 0.0, 0.0, 0.0, 0.0, 0.0, 0.0, 0.0, 0.0, 0.0, 0.0, 0.0, 0.0, 0.0, 0.0, 0.0, 0.0, 0.0, 0.0, 0.0, 0.0, 0.0, 0.0, 0.0, 0.0, 0.0, 0.0, 0.0, 0.0, 0.0, 0.0, 0.0, 0.0, 0.0, 0.0, 0.0, 0.0, 0.0, 0.0, 0.0, 0.0, 0.0, 0.0, 0.0, 0.0, 0.0, 0.0, 0.0, 0.0, 0.0, 0.0, 0.0, 0.0, 0.0, 0.0, 0.0, 0.0, 0.0, 0.0, 0.0, 0.0, 0.0, 0.0, 0.0, 0.0, 0.0, 0.0, 0.0, 0.0, 0.0, 0.0, 0.0, 0.0, 0.0, 0.0, 0.0, 0.0, 0.0, 0.0, 0.0, 0.0, 0.0, 0.0, 0.0, 0.0, 0.0, 0.0, 0.0, 0.0, 0.0, 0.0, 0.0, 0.0, 0.0, 0.0, 0.0, 0.0, 0.0, 0.0, 0.0, 0.0, 0.0, 0.0, 0.0, 0.0, 0.0, 0.0, 0.0, 0.0, 0.0, 0.0, 0.0, 0.0, 0.0, 0.0, 0.0, 0.0, 0.0, 0.0, 0.0, 0.0, 0.0, 0.0, 0.0, 0.0, 0.0, 0.0, 0.0, 0.0, 0.0, 0.0, 0.0, 0.0, 0.0, 0.0, 0.0, 0.0, 0.0, 0.0, 0.0, 0.0, 0.0, 0.0, 0.0, 0.0, 0.0, 0.0, 0.0, 0.0, 0.0, 0.0, 0.0, 0.0, 0.0, 0.0, 0.0, 0.0, 0.0, 0.0, 0.0, 0.0, 0.0, 0.0, 0.0, 0.0, 0.0, 0.0, 0.0, 0.0, 0.0, 0.0, 0.0, 0.0, 0.0, 0.0, 0.0, 0.0, 0.0, 0.0, 0.0, 0.0, 0.0, 0.0, 0.0, 0.0, 0.0, 0.0, 0.0, 0.0, 0.0, 0.0, 0.0, 0.0, 0.0, 0.0, 0.0, 0.0, 0.0, 0.0, 0.0, 0.0, 0.0, 0.0, 0.0, 0.0, 0.0, 0.0, 0.0, 0.0, 0.0, 0.0, 0.0, 0.0, 0.0, 0.0, 0.0, 0.0, 0.0, 0.0, 0.0, 0.0, 0.0, 0.0, 0.0, 0.0, 0.0, 0.0, 0.0, 0.0, 0.0, 0.0, 0.0, 0.0, 0.0, 0.0, 0.0, 0.0, 0.0, 0.0, 0.0, 0.0, 0.0, 0.0, 0.0, 0.0, 0.0, 0.0, 0.0, 0.0, 0.0, 0.0, 0.0, 0.0, 0.0, 0.0, 0.0, 0.0, 0.0, 0.0, 0.0, 0.0, 0.0, 0.0, 0.0, 0.0, 0.0, 0.0, 0.0, 0.0, 0.0, 0.0, 0.0, 0.0, 0.0, 0.0, 0.0, 0.0, 0.0, 0.0, 0.0, 0.0, 0.0, 0.0, 0.0, 0.0, 0.0, 0.0, 0.0, 0.0, 0.0, 0.0, 0.0, 0.0, 0.0, 0.0, 0.0, 0.0, 0.0, 0.0, 0.0, 0.0, 0.0, 0.0, 0.0, 0.0, 0.0, 0.0, 0.0, 0.0, 0.0, 0.0, 0.0, 0.0, 0.0, 0.0, 0.0, 0.0, 0.0, 0.0, 0.0, 0.0, 0.0, 0.0, 0.0, 0.0, 0.0, 0.0, 0.0, 0.0, 0.0, 0.0, 0.0, 0.0, 0.0, 0.0, 0.0, 0.0, 0.0, 0.0, 0.0, 0.0, 0.0, 0.0, 0.0, 0.0, 0.0, 0.0, 0.0, 0.0, 0.0]
---
header: 
  seq: 239
  stamp: 
    secs: 24
    nsecs:         0
  frame_id: "base_laser_link"
angle_min: -3.14159274101
angle_max: 3.14159274101
angle_increment: 0.0175019092858
time_increment: 0.0
scan_time: 0.0
range_min: 0.15000000596
range_max: 16.0
ranges: [4.949999809265137, 4.950758457183838, 4.953033924102783, 4.956830978393555, 4.962154865264893, 4.9690141677856445, 4.977418899536133, 4.987382411956787, 4.99891996383667, 5.012050151824951, 5.026793003082275, 5.043172836303711, 5.061214447021484, 5.0809478759765625, 5.102404594421387, 5.125619888305664, 5.150632381439209, 5.177484035491943, 5.2062201499938965, 5.2368903160095215, 5.269547462463379, 5.304249286651611, 5.341058254241943, 5.3365654945373535, 5.102711200714111, 4.912810802459717, 4.7339019775390625, 4.593390464782715, 4.590235233306885, 4.634210109710693, 4.680483341217041, 4.729153156280518, 4.780325412750244, 4.834114074707031, 4.890642166137695, 4.950041770935059, 5.012456893920898, 5.078041076660156, 5.146961688995361, 5.219399452209473, 5.29555082321167, 5.368960380554199, 5.4400553703308105, 5.522818565368652, 5.422333240509033, 5.34818172454834, 5.2618889808654785, 5.278470039367676, 5.381604194641113, 5.492518424987793, 5.609498023986816, 5.7329816818237305, 5.863455772399902, 6.001460552215576, 6.147599697113037, 6.2919135093688965, 6.455223560333252, 6.6527018547058105, 6.790340423583984, 6.696628093719482, 6.628393173217773, 6.563525199890137, 6.50188684463501, 6.443350791931152, 6.387798309326172, 6.335119247436523, 6.28521203994751, 6.237980365753174, 6.193336486816406, 6.15119743347168, 6.111487865447998, 6.074135780334473, 6.039076328277588, 6.006248474121094, 5.975595951080322, 5.9470672607421875, 5.920614719390869, 5.896193981170654, 5.8737664222717285, 5.853294372558594, 5.83474588394165, 5.818090915679932, 5.803303241729736, 5.790359973907471, 5.779240131378174, 5.769927501678467, 5.762406349182129, 5.756666660308838, 5.752697944641113, 5.750495433807373, 5.750054836273193, 5.751376152038574, 5.754461288452148, 5.75931453704834, 5.76594352722168, 5.774358749389648, 5.784573078155518, 5.796602249145508, 5.810465335845947, 5.826183319091797, 5.843781471252441, 5.863287925720215, 5.8847336769104, 5.908153057098389, 5.933584213256836, 5.961069107055664, 5.9906535148620605, 6.0223870277404785, 6.056323528289795, 6.0925211906433105, 6.131043434143066, 6.177452087402344, 5.96204137802124, 5.714371204376221, 5.486673831939697, 5.279099941253662, 5.104897499084473, 4.922585487365723, 4.772233486175537, 4.61216926574707, 4.485499858856201, 4.3451433181762695, 4.23685359954834, 4.101306915283203, 4.006958961486816, 3.9196252822875977, 3.813983917236328, 3.7137820720672607, 3.644096851348877, 3.55389666557312, 3.4942433834075928, 3.4127285480499268, 3.3620059490203857, 3.2881228923797607, 3.217494487762451, 3.1894009113311768, 3.135718584060669, 3.084742546081543, 3.0363128185272217, 2.990281820297241, 2.946514844894409, 2.9048876762390137, 2.8652853965759277, 2.8276031017303467, 2.791743040084839, 2.757615327835083, 2.7251365184783936, 2.6942296028137207, 2.664822816848755, 2.636850118637085, 2.6102497577667236, 2.5849647521972656, 2.560941696166992, 2.5381312370300293, 2.5164878368377686, 2.4959683418273926, 2.4765331745147705, 2.4581456184387207, 2.4407711029052734, 2.424377918243408, 2.4089362621307373, 2.3944191932678223, 2.380800724029541, 2.3680574893951416, 2.356167793273926, 2.345111846923828, 2.3348708152770996, 2.3254282474517822, 2.3167684078216553, 2.308877468109131, 2.3017427921295166, 2.2953529357910156, 2.2896978855133057, 2.284768581390381, 2.280557870864868, 2.2770586013793945, 2.2742655277252197, 2.272174596786499, 2.270782470703125, 2.2700870037078857, 2.2700870037078857, 2.270782470703125, 2.272174596786499, 2.2742655277252197, 2.2770586013793945, 2.280557870864868, 2.284768581390381, 2.2896978855133057, 2.2953529357910156, 2.3017427921295166, 2.308877468109131, 2.3167684078216553, 2.3254282474517822, 2.3348708152770996, 2.345111846923828, 2.356167793273926, 2.3680574893951416, 2.380800724029541, 2.3944191932678223, 2.4089362621307373, 2.424377918243408, 2.4407711029052734, 2.4581456184387207, 2.4765331745147705, 2.4959683418273926, 2.5164878368377686, 2.5381312370300293, 2.560941696166992, 2.5849647521972656, 2.6102497577667236, 2.636850118637085, 2.664822816848755, 2.6942296028137207, 2.7251365184783936, 2.757615327835083, 2.791743040084839, 2.8276031017303467, 2.8652853965759277, 2.9048876762390137, 2.946514844894409, 2.990281820297241, 3.0363128185272217, 3.084742546081543, 3.135718584060669, 3.2133498191833496, 3.2596569061279297, 3.177753448486328, 3.153611421585083, 3.157827377319336, 3.110372304916382, 3.0652475357055664, 3.0223257541656494, 2.981490135192871, 2.9426326751708984, 2.89700984954834, 2.8704605102539062, 2.8369686603546143, 2.805098533630371, 2.7747769355773926, 2.7459359169006348, 2.718512535095215, 2.6924479007720947, 2.6676878929138184, 2.644181728363037, 2.6218819618225098, 2.600745439529419, 2.580731153488159, 2.5618011951446533, 2.5439202785491943, 2.5058786869049072, 2.5111782550811768, 2.496258497238159, 2.4822707176208496, 2.469191074371338, 2.4569971561431885, 2.4456686973571777, 2.4351863861083984, 2.4255335330963135, 2.416694402694702, 2.40865421295166, 2.4014008045196533, 2.3949222564697266, 2.3892083168029785, 2.3842501640319824, 2.380040168762207, 2.3765716552734375, 2.3738391399383545, 2.3718388080596924, 2.3705673217773438, 2.370022773742676, 2.370204210281372, 2.371112108230591, 2.3727476596832275, 2.3751137256622314, 2.378213405609131, 2.382051944732666, 2.3866353034973145, 2.391970157623291, 2.3980653285980225, 2.4049298763275146, 2.4125752449035645, 2.421013116836548, 2.4302573204040527, 2.4403228759765625, 2.451225996017456, 2.462984800338745, 2.475618839263916, 2.489149808883667, 2.5036003589630127, 2.518995761871338, 2.53536319732666, 2.55273175239563, 2.5711328983306885, 2.5906004905700684, 2.611171007156372, 2.6328837871551514, 2.6557810306549072, 2.679908037185669, 2.7053139209747314, 2.732050895690918, 2.7601754665374756, 2.789748430252075, 2.8159258365631104, 2.8535070419311523, 2.8878393173217773, 2.9239141941070557, 2.961820602416992, 3.0016541481018066, 3.0435187816619873, 3.087526798248291, 3.1338002681732178, 3.18247127532959, 3.2336843013763428, 3.2875959873199463, 3.3443775177001953, 3.3887431621551514, 3.4583749771118164, 3.531449317932129, 3.5816540718078613, 3.6627347469329834, 3.7480156421661377, 3.837813377380371, 3.924402952194214, 3.998462438583374, 4.029911518096924, 3.9967970848083496, 3.9370315074920654, 3.899622917175293, 3.865061044692993, 3.825284004211426, 3.901890516281128, 4.000871658325195, 4.144159317016602, 4.286163330078125, 4.471218109130859, 4.654625415802002, 4.814864635467529, 5.038937568664551, 5.292420864105225, 5.264985084533691, 5.222201824188232, 5.202101707458496, 5.166965484619141, 5.150632381439209, 5.125619888305664, 5.102404594421387, 5.0809478759765625, 5.061214447021484, 5.043172836303711, 5.026793003082275, 5.012050151824951, 4.99891996383667, 4.987382411956787, 4.977418899536133, 4.9690141677856445, 4.962154865264893, 4.956830978393555, 4.953033924102783, 4.950758457183838, 4.949999809265137]
intensities: [0.0, 0.0, 0.0, 0.0, 0.0, 0.0, 0.0, 0.0, 0.0, 0.0, 0.0, 0.0, 0.0, 0.0, 0.0, 0.0, 0.0, 0.0, 0.0, 0.0, 0.0, 0.0, 0.0, 0.0, 0.0, 0.0, 0.0, 0.0, 0.0, 0.0, 0.0, 0.0, 0.0, 0.0, 0.0, 0.0, 0.0, 0.0, 0.0, 0.0, 0.0, 0.0, 0.0, 0.0, 0.0, 0.0, 0.0, 0.0, 0.0, 0.0, 0.0, 0.0, 0.0, 0.0, 0.0, 0.0, 0.0, 0.0, 0.0, 0.0, 0.0, 0.0, 0.0, 0.0, 0.0, 0.0, 0.0, 0.0, 0.0, 0.0, 0.0, 0.0, 0.0, 0.0, 0.0, 0.0, 0.0, 0.0, 0.0, 0.0, 0.0, 0.0, 0.0, 0.0, 0.0, 0.0, 0.0, 0.0, 0.0, 0.0, 0.0, 0.0, 0.0, 0.0, 0.0, 0.0, 0.0, 0.0, 0.0, 0.0, 0.0, 0.0, 0.0, 0.0, 0.0, 0.0, 0.0, 0.0, 0.0, 0.0, 0.0, 0.0, 0.0, 0.0, 0.0, 0.0, 0.0, 0.0, 0.0, 0.0, 0.0, 0.0, 0.0, 0.0, 0.0, 0.0, 0.0, 0.0, 0.0, 0.0, 0.0, 0.0, 0.0, 0.0, 0.0, 0.0, 0.0, 0.0, 0.0, 0.0, 0.0, 0.0, 0.0, 0.0, 0.0, 0.0, 0.0, 0.0, 0.0, 0.0, 0.0, 0.0, 0.0, 0.0, 0.0, 0.0, 0.0, 0.0, 0.0, 0.0, 0.0, 0.0, 0.0, 0.0, 0.0, 0.0, 0.0, 0.0, 0.0, 0.0, 0.0, 0.0, 0.0, 0.0, 0.0, 0.0, 0.0, 0.0, 0.0, 0.0, 0.0, 0.0, 0.0, 0.0, 0.0, 0.0, 0.0, 0.0, 0.0, 0.0, 0.0, 0.0, 0.0, 0.0, 0.0, 0.0, 0.0, 0.0, 0.0, 0.0, 0.0, 0.0, 0.0, 0.0, 0.0, 0.0, 0.0, 0.0, 0.0, 0.0, 0.0, 0.0, 0.0, 0.0, 0.0, 0.0, 0.0, 0.0, 0.0, 0.0, 0.0, 0.0, 0.0, 0.0, 0.0, 0.0, 0.0, 0.0, 0.0, 0.0, 0.0, 0.0, 0.0, 0.0, 0.0, 0.0, 0.0, 0.0, 0.0, 0.0, 0.0, 0.0, 0.0, 0.0, 0.0, 0.0, 0.0, 0.0, 0.0, 0.0, 0.0, 0.0, 0.0, 0.0, 0.0, 0.0, 0.0, 0.0, 0.0, 0.0, 0.0, 0.0, 0.0, 0.0, 0.0, 0.0, 0.0, 0.0, 0.0, 0.0, 0.0, 0.0, 0.0, 0.0, 0.0, 0.0, 0.0, 0.0, 0.0, 0.0, 0.0, 0.0, 0.0, 0.0, 0.0, 0.0, 0.0, 0.0, 0.0, 0.0, 0.0, 0.0, 0.0, 0.0, 0.0, 0.0, 0.0, 0.0, 0.0, 0.0, 0.0, 0.0, 0.0, 0.0, 0.0, 0.0, 0.0, 0.0, 0.0, 0.0, 0.0, 0.0, 0.0, 0.0, 0.0, 0.0, 0.0, 0.0, 0.0, 0.0, 0.0, 0.0, 0.0, 0.0, 0.0, 0.0, 0.0, 0.0, 0.0, 0.0, 0.0, 0.0, 0.0, 0.0, 0.0, 0.0, 0.0, 0.0, 0.0, 0.0, 0.0, 0.0, 0.0, 0.0, 0.0, 0.0, 0.0, 0.0, 0.0, 0.0, 0.0, 0.0, 0.0, 0.0, 0.0, 0.0, 0.0, 0.0, 0.0, 0.0]
---
header: 
  seq: 240
  stamp: 
    secs: 24
    nsecs: 100000000
  frame_id: "base_laser_link"
angle_min: -3.14159274101
angle_max: 3.14159274101
angle_increment: 0.0175019092858
time_increment: 0.0
scan_time: 0.0
range_min: 0.15000000596
range_max: 16.0
ranges: [4.949999809265137, 4.950758457183838, 4.953033924102783, 4.956830978393555, 4.962154865264893, 4.9690141677856445, 4.977418899536133, 4.987382411956787, 4.99891996383667, 5.012050151824951, 5.026793003082275, 5.043172836303711, 5.061214447021484, 5.0809478759765625, 5.102404594421387, 5.125619888305664, 5.150632381439209, 5.177484035491943, 5.2062201499938965, 5.2368903160095215, 5.269547462463379, 5.304249286651611, 5.341058254241943, 5.3365654945373535, 5.102711200714111, 4.912810802459717, 4.7339019775390625, 4.593390464782715, 4.590235233306885, 4.634210109710693, 4.680483341217041, 4.729153156280518, 4.780325412750244, 4.834114074707031, 4.890642166137695, 4.950041770935059, 5.012456893920898, 5.078041076660156, 5.146961688995361, 5.219399452209473, 5.29555082321167, 5.368960380554199, 5.4400553703308105, 5.522818565368652, 5.422333240509033, 5.34818172454834, 5.2618889808654785, 5.278470039367676, 5.381604194641113, 5.492518424987793, 5.609498023986816, 5.7329816818237305, 5.863455772399902, 6.001460552215576, 6.147599697113037, 6.2919135093688965, 6.455223560333252, 6.6527018547058105, 6.790340423583984, 6.696628093719482, 6.628393173217773, 6.563525199890137, 6.50188684463501, 6.443350791931152, 6.387798309326172, 6.335119247436523, 6.28521203994751, 6.237980365753174, 6.193336486816406, 6.15119743347168, 6.111487865447998, 6.074135780334473, 6.039076328277588, 6.006248474121094, 5.975595951080322, 5.9470672607421875, 5.920614719390869, 5.896193981170654, 5.8737664222717285, 5.853294372558594, 5.83474588394165, 5.818090915679932, 5.803303241729736, 5.790359973907471, 5.779240131378174, 5.769927501678467, 5.762406349182129, 5.756666660308838, 5.752697944641113, 5.750495433807373, 5.750054836273193, 5.751376152038574, 5.754461288452148, 5.75931453704834, 5.76594352722168, 5.774358749389648, 5.784573078155518, 5.796602249145508, 5.810465335845947, 5.826183319091797, 5.843781471252441, 5.863287925720215, 5.8847336769104, 5.908153057098389, 5.933584213256836, 5.961069107055664, 5.9906535148620605, 6.0223870277404785, 6.056323528289795, 6.0925211906433105, 6.131043434143066, 6.177452087402344, 5.96204137802124, 5.714371204376221, 5.486673831939697, 5.279099941253662, 5.104897499084473, 4.922585487365723, 4.772233486175537, 4.61216926574707, 4.485499858856201, 4.3451433181762695, 4.23685359954834, 4.101306915283203, 4.006958961486816, 3.9196252822875977, 3.813983917236328, 3.7137820720672607, 3.644096851348877, 3.55389666557312, 3.4942433834075928, 3.4127285480499268, 3.3620059490203857, 3.2881228923797607, 3.217494487762451, 3.1894009113311768, 3.135718584060669, 3.084742546081543, 3.0363128185272217, 2.990281820297241, 2.946514844894409, 2.9048876762390137, 2.8652853965759277, 2.8276031017303467, 2.791743040084839, 2.757615327835083, 2.7251365184783936, 2.6942296028137207, 2.664822816848755, 2.636850118637085, 2.6102497577667236, 2.5849647521972656, 2.560941696166992, 2.5381312370300293, 2.5164878368377686, 2.4959683418273926, 2.4765331745147705, 2.4581456184387207, 2.4407711029052734, 2.424377918243408, 2.4089362621307373, 2.3944191932678223, 2.380800724029541, 2.3680574893951416, 2.356167793273926, 2.345111846923828, 2.3348708152770996, 2.3254282474517822, 2.3167684078216553, 2.308877468109131, 2.3017427921295166, 2.2953529357910156, 2.2896978855133057, 2.284768581390381, 2.280557870864868, 2.2770586013793945, 2.2742655277252197, 2.272174596786499, 2.270782470703125, 2.2700870037078857, 2.2700870037078857, 2.270782470703125, 2.272174596786499, 2.2742655277252197, 2.2770586013793945, 2.280557870864868, 2.284768581390381, 2.2896978855133057, 2.2953529357910156, 2.3017427921295166, 2.308877468109131, 2.3167684078216553, 2.3254282474517822, 2.3348708152770996, 2.345111846923828, 2.356167793273926, 2.3680574893951416, 2.380800724029541, 2.3944191932678223, 2.4089362621307373, 2.424377918243408, 2.4407711029052734, 2.4581456184387207, 2.4765331745147705, 2.4959683418273926, 2.5164878368377686, 2.5381312370300293, 2.560941696166992, 2.5849647521972656, 2.6102497577667236, 2.636850118637085, 2.664822816848755, 2.6942296028137207, 2.7251365184783936, 2.757615327835083, 2.791743040084839, 2.8276031017303467, 2.8652853965759277, 2.9048876762390137, 2.946514844894409, 2.990281820297241, 3.0363128185272217, 3.084742546081543, 3.135718584060669, 3.2133498191833496, 3.2596569061279297, 3.177753448486328, 3.153611421585083, 3.157827377319336, 3.110372304916382, 3.0652475357055664, 3.0223257541656494, 2.981490135192871, 2.9426326751708984, 2.89700984954834, 2.8704605102539062, 2.8369686603546143, 2.805098533630371, 2.7747769355773926, 2.7459359169006348, 2.718512535095215, 2.6924479007720947, 2.6676878929138184, 2.644181728363037, 2.6218819618225098, 2.600745439529419, 2.580731153488159, 2.5618011951446533, 2.5439202785491943, 2.5058786869049072, 2.5111782550811768, 2.496258497238159, 2.4822707176208496, 2.469191074371338, 2.4569971561431885, 2.4456686973571777, 2.4351863861083984, 2.4255335330963135, 2.416694402694702, 2.40865421295166, 2.4014008045196533, 2.3949222564697266, 2.3892083168029785, 2.3842501640319824, 2.380040168762207, 2.3765716552734375, 2.3738391399383545, 2.3718388080596924, 2.3705673217773438, 2.370022773742676, 2.370204210281372, 2.371112108230591, 2.3727476596832275, 2.3751137256622314, 2.378213405609131, 2.382051944732666, 2.3866353034973145, 2.391970157623291, 2.3980653285980225, 2.4049298763275146, 2.4125752449035645, 2.421013116836548, 2.4302573204040527, 2.4403228759765625, 2.451225996017456, 2.462984800338745, 2.475618839263916, 2.489149808883667, 2.5036003589630127, 2.518995761871338, 2.53536319732666, 2.55273175239563, 2.5711328983306885, 2.5906004905700684, 2.611171007156372, 2.6328837871551514, 2.6557810306549072, 2.679908037185669, 2.7053139209747314, 2.732050895690918, 2.7601754665374756, 2.789748430252075, 2.8159258365631104, 2.8535070419311523, 2.8878393173217773, 2.9239141941070557, 2.961820602416992, 3.0016541481018066, 3.0435187816619873, 3.087526798248291, 3.1338002681732178, 3.18247127532959, 3.2336843013763428, 3.2875959873199463, 3.3443775177001953, 3.3887431621551514, 3.4583749771118164, 3.531449317932129, 3.5816540718078613, 3.6627347469329834, 3.7480156421661377, 3.837813377380371, 3.924402952194214, 3.998462438583374, 4.029911518096924, 3.9967970848083496, 3.9370315074920654, 3.899622917175293, 3.865061044692993, 3.825284004211426, 3.901890516281128, 4.000871658325195, 4.144159317016602, 4.286163330078125, 4.471218109130859, 4.654625415802002, 4.814864635467529, 5.038937568664551, 5.292420864105225, 5.264985084533691, 5.222201824188232, 5.202101707458496, 5.166965484619141, 5.150632381439209, 5.125619888305664, 5.102404594421387, 5.0809478759765625, 5.061214447021484, 5.043172836303711, 5.026793003082275, 5.012050151824951, 4.99891996383667, 4.987382411956787, 4.977418899536133, 4.9690141677856445, 4.962154865264893, 4.956830978393555, 4.953033924102783, 4.950758457183838, 4.949999809265137]
intensities: [0.0, 0.0, 0.0, 0.0, 0.0, 0.0, 0.0, 0.0, 0.0, 0.0, 0.0, 0.0, 0.0, 0.0, 0.0, 0.0, 0.0, 0.0, 0.0, 0.0, 0.0, 0.0, 0.0, 0.0, 0.0, 0.0, 0.0, 0.0, 0.0, 0.0, 0.0, 0.0, 0.0, 0.0, 0.0, 0.0, 0.0, 0.0, 0.0, 0.0, 0.0, 0.0, 0.0, 0.0, 0.0, 0.0, 0.0, 0.0, 0.0, 0.0, 0.0, 0.0, 0.0, 0.0, 0.0, 0.0, 0.0, 0.0, 0.0, 0.0, 0.0, 0.0, 0.0, 0.0, 0.0, 0.0, 0.0, 0.0, 0.0, 0.0, 0.0, 0.0, 0.0, 0.0, 0.0, 0.0, 0.0, 0.0, 0.0, 0.0, 0.0, 0.0, 0.0, 0.0, 0.0, 0.0, 0.0, 0.0, 0.0, 0.0, 0.0, 0.0, 0.0, 0.0, 0.0, 0.0, 0.0, 0.0, 0.0, 0.0, 0.0, 0.0, 0.0, 0.0, 0.0, 0.0, 0.0, 0.0, 0.0, 0.0, 0.0, 0.0, 0.0, 0.0, 0.0, 0.0, 0.0, 0.0, 0.0, 0.0, 0.0, 0.0, 0.0, 0.0, 0.0, 0.0, 0.0, 0.0, 0.0, 0.0, 0.0, 0.0, 0.0, 0.0, 0.0, 0.0, 0.0, 0.0, 0.0, 0.0, 0.0, 0.0, 0.0, 0.0, 0.0, 0.0, 0.0, 0.0, 0.0, 0.0, 0.0, 0.0, 0.0, 0.0, 0.0, 0.0, 0.0, 0.0, 0.0, 0.0, 0.0, 0.0, 0.0, 0.0, 0.0, 0.0, 0.0, 0.0, 0.0, 0.0, 0.0, 0.0, 0.0, 0.0, 0.0, 0.0, 0.0, 0.0, 0.0, 0.0, 0.0, 0.0, 0.0, 0.0, 0.0, 0.0, 0.0, 0.0, 0.0, 0.0, 0.0, 0.0, 0.0, 0.0, 0.0, 0.0, 0.0, 0.0, 0.0, 0.0, 0.0, 0.0, 0.0, 0.0, 0.0, 0.0, 0.0, 0.0, 0.0, 0.0, 0.0, 0.0, 0.0, 0.0, 0.0, 0.0, 0.0, 0.0, 0.0, 0.0, 0.0, 0.0, 0.0, 0.0, 0.0, 0.0, 0.0, 0.0, 0.0, 0.0, 0.0, 0.0, 0.0, 0.0, 0.0, 0.0, 0.0, 0.0, 0.0, 0.0, 0.0, 0.0, 0.0, 0.0, 0.0, 0.0, 0.0, 0.0, 0.0, 0.0, 0.0, 0.0, 0.0, 0.0, 0.0, 0.0, 0.0, 0.0, 0.0, 0.0, 0.0, 0.0, 0.0, 0.0, 0.0, 0.0, 0.0, 0.0, 0.0, 0.0, 0.0, 0.0, 0.0, 0.0, 0.0, 0.0, 0.0, 0.0, 0.0, 0.0, 0.0, 0.0, 0.0, 0.0, 0.0, 0.0, 0.0, 0.0, 0.0, 0.0, 0.0, 0.0, 0.0, 0.0, 0.0, 0.0, 0.0, 0.0, 0.0, 0.0, 0.0, 0.0, 0.0, 0.0, 0.0, 0.0, 0.0, 0.0, 0.0, 0.0, 0.0, 0.0, 0.0, 0.0, 0.0, 0.0, 0.0, 0.0, 0.0, 0.0, 0.0, 0.0, 0.0, 0.0, 0.0, 0.0, 0.0, 0.0, 0.0, 0.0, 0.0, 0.0, 0.0, 0.0, 0.0, 0.0, 0.0, 0.0, 0.0, 0.0, 0.0, 0.0, 0.0, 0.0, 0.0, 0.0, 0.0, 0.0, 0.0, 0.0, 0.0, 0.0, 0.0, 0.0, 0.0, 0.0, 0.0, 0.0, 0.0, 0.0]
---
header: 
  seq: 241
  stamp: 
    secs: 24
    nsecs: 200000000
  frame_id: "base_laser_link"
angle_min: -3.14159274101
angle_max: 3.14159274101
angle_increment: 0.0175019092858
time_increment: 0.0
scan_time: 0.0
range_min: 0.15000000596
range_max: 16.0
ranges: [4.949999809265137, 4.950758457183838, 4.953033924102783, 4.956830978393555, 4.962154865264893, 4.9690141677856445, 4.977418899536133, 4.987382411956787, 4.99891996383667, 5.012050151824951, 5.026793003082275, 5.043172836303711, 5.061214447021484, 5.0809478759765625, 5.102404594421387, 5.125619888305664, 5.150632381439209, 5.177484035491943, 5.2062201499938965, 5.2368903160095215, 5.269547462463379, 5.304249286651611, 5.341058254241943, 5.3365654945373535, 5.102711200714111, 4.912810802459717, 4.7339019775390625, 4.593390464782715, 4.590235233306885, 4.634210109710693, 4.680483341217041, 4.729153156280518, 4.780325412750244, 4.834114074707031, 4.890642166137695, 4.950041770935059, 5.012456893920898, 5.078041076660156, 5.146961688995361, 5.219399452209473, 5.29555082321167, 5.368960380554199, 5.4400553703308105, 5.522818565368652, 5.422333240509033, 5.34818172454834, 5.2618889808654785, 5.278470039367676, 5.381604194641113, 5.492518424987793, 5.609498023986816, 5.7329816818237305, 5.863455772399902, 6.001460552215576, 6.147599697113037, 6.2919135093688965, 6.455223560333252, 6.6527018547058105, 6.790340423583984, 6.696628093719482, 6.628393173217773, 6.563525199890137, 6.50188684463501, 6.443350791931152, 6.387798309326172, 6.335119247436523, 6.28521203994751, 6.237980365753174, 6.193336486816406, 6.15119743347168, 6.111487865447998, 6.074135780334473, 6.039076328277588, 6.006248474121094, 5.975595951080322, 5.9470672607421875, 5.920614719390869, 5.896193981170654, 5.8737664222717285, 5.853294372558594, 5.83474588394165, 5.818090915679932, 5.803303241729736, 5.790359973907471, 5.779240131378174, 5.769927501678467, 5.762406349182129, 5.756666660308838, 5.752697944641113, 5.750495433807373, 5.750054836273193, 5.751376152038574, 5.754461288452148, 5.75931453704834, 5.76594352722168, 5.774358749389648, 5.784573078155518, 5.796602249145508, 5.810465335845947, 5.826183319091797, 5.843781471252441, 5.863287925720215, 5.8847336769104, 5.908153057098389, 5.933584213256836, 5.961069107055664, 5.9906535148620605, 6.0223870277404785, 6.056323528289795, 6.0925211906433105, 6.131043434143066, 6.177452087402344, 5.96204137802124, 5.714371204376221, 5.486673831939697, 5.279099941253662, 5.104897499084473, 4.922585487365723, 4.772233486175537, 4.61216926574707, 4.485499858856201, 4.3451433181762695, 4.23685359954834, 4.101306915283203, 4.006958961486816, 3.9196252822875977, 3.813983917236328, 3.7137820720672607, 3.644096851348877, 3.55389666557312, 3.4942433834075928, 3.4127285480499268, 3.3620059490203857, 3.2881228923797607, 3.217494487762451, 3.1894009113311768, 3.135718584060669, 3.084742546081543, 3.0363128185272217, 2.990281820297241, 2.946514844894409, 2.9048876762390137, 2.8652853965759277, 2.8276031017303467, 2.791743040084839, 2.757615327835083, 2.7251365184783936, 2.6942296028137207, 2.664822816848755, 2.636850118637085, 2.6102497577667236, 2.5849647521972656, 2.560941696166992, 2.5381312370300293, 2.5164878368377686, 2.4959683418273926, 2.4765331745147705, 2.4581456184387207, 2.4407711029052734, 2.424377918243408, 2.4089362621307373, 2.3944191932678223, 2.380800724029541, 2.3680574893951416, 2.356167793273926, 2.345111846923828, 2.3348708152770996, 2.3254282474517822, 2.3167684078216553, 2.308877468109131, 2.3017427921295166, 2.2953529357910156, 2.2896978855133057, 2.284768581390381, 2.280557870864868, 2.2770586013793945, 2.2742655277252197, 2.272174596786499, 2.270782470703125, 2.2700870037078857, 2.2700870037078857, 2.270782470703125, 2.272174596786499, 2.2742655277252197, 2.2770586013793945, 2.280557870864868, 2.284768581390381, 2.2896978855133057, 2.2953529357910156, 2.3017427921295166, 2.308877468109131, 2.3167684078216553, 2.3254282474517822, 2.3348708152770996, 2.345111846923828, 2.356167793273926, 2.3680574893951416, 2.380800724029541, 2.3944191932678223, 2.4089362621307373, 2.424377918243408, 2.4407711029052734, 2.4581456184387207, 2.4765331745147705, 2.4959683418273926, 2.5164878368377686, 2.5381312370300293, 2.560941696166992, 2.5849647521972656, 2.6102497577667236, 2.636850118637085, 2.664822816848755, 2.6942296028137207, 2.7251365184783936, 2.757615327835083, 2.791743040084839, 2.8276031017303467, 2.8652853965759277, 2.9048876762390137, 2.946514844894409, 2.990281820297241, 3.0363128185272217, 3.084742546081543, 3.135718584060669, 3.2133498191833496, 3.2596569061279297, 3.177753448486328, 3.153611421585083, 3.157827377319336, 3.110372304916382, 3.0652475357055664, 3.0223257541656494, 2.981490135192871, 2.9426326751708984, 2.89700984954834, 2.8704605102539062, 2.8369686603546143, 2.805098533630371, 2.7747769355773926, 2.7459359169006348, 2.718512535095215, 2.6924479007720947, 2.6676878929138184, 2.644181728363037, 2.6218819618225098, 2.600745439529419, 2.580731153488159, 2.5618011951446533, 2.5439202785491943, 2.5058786869049072, 2.5111782550811768, 2.496258497238159, 2.4822707176208496, 2.469191074371338, 2.4569971561431885, 2.4456686973571777, 2.4351863861083984, 2.4255335330963135, 2.416694402694702, 2.40865421295166, 2.4014008045196533, 2.3949222564697266, 2.3892083168029785, 2.3842501640319824, 2.380040168762207, 2.3765716552734375, 2.3738391399383545, 2.3718388080596924, 2.3705673217773438, 2.370022773742676, 2.370204210281372, 2.371112108230591, 2.3727476596832275, 2.3751137256622314, 2.378213405609131, 2.382051944732666, 2.3866353034973145, 2.391970157623291, 2.3980653285980225, 2.4049298763275146, 2.4125752449035645, 2.421013116836548, 2.4302573204040527, 2.4403228759765625, 2.451225996017456, 2.462984800338745, 2.475618839263916, 2.489149808883667, 2.5036003589630127, 2.518995761871338, 2.53536319732666, 2.55273175239563, 2.5711328983306885, 2.5906004905700684, 2.611171007156372, 2.6328837871551514, 2.6557810306549072, 2.679908037185669, 2.7053139209747314, 2.732050895690918, 2.7601754665374756, 2.789748430252075, 2.8159258365631104, 2.8535070419311523, 2.8878393173217773, 2.9239141941070557, 2.961820602416992, 3.0016541481018066, 3.0435187816619873, 3.087526798248291, 3.1338002681732178, 3.18247127532959, 3.2336843013763428, 3.2875959873199463, 3.3443775177001953, 3.3887431621551514, 3.4583749771118164, 3.531449317932129, 3.5816540718078613, 3.6627347469329834, 3.7480156421661377, 3.837813377380371, 3.924402952194214, 3.998462438583374, 4.029911518096924, 3.9967970848083496, 3.9370315074920654, 3.899622917175293, 3.865061044692993, 3.825284004211426, 3.901890516281128, 4.000871658325195, 4.144159317016602, 4.286163330078125, 4.471218109130859, 4.654625415802002, 4.814864635467529, 5.038937568664551, 5.292420864105225, 5.264985084533691, 5.222201824188232, 5.202101707458496, 5.166965484619141, 5.150632381439209, 5.125619888305664, 5.102404594421387, 5.0809478759765625, 5.061214447021484, 5.043172836303711, 5.026793003082275, 5.012050151824951, 4.99891996383667, 4.987382411956787, 4.977418899536133, 4.9690141677856445, 4.962154865264893, 4.956830978393555, 4.953033924102783, 4.950758457183838, 4.949999809265137]
intensities: [0.0, 0.0, 0.0, 0.0, 0.0, 0.0, 0.0, 0.0, 0.0, 0.0, 0.0, 0.0, 0.0, 0.0, 0.0, 0.0, 0.0, 0.0, 0.0, 0.0, 0.0, 0.0, 0.0, 0.0, 0.0, 0.0, 0.0, 0.0, 0.0, 0.0, 0.0, 0.0, 0.0, 0.0, 0.0, 0.0, 0.0, 0.0, 0.0, 0.0, 0.0, 0.0, 0.0, 0.0, 0.0, 0.0, 0.0, 0.0, 0.0, 0.0, 0.0, 0.0, 0.0, 0.0, 0.0, 0.0, 0.0, 0.0, 0.0, 0.0, 0.0, 0.0, 0.0, 0.0, 0.0, 0.0, 0.0, 0.0, 0.0, 0.0, 0.0, 0.0, 0.0, 0.0, 0.0, 0.0, 0.0, 0.0, 0.0, 0.0, 0.0, 0.0, 0.0, 0.0, 0.0, 0.0, 0.0, 0.0, 0.0, 0.0, 0.0, 0.0, 0.0, 0.0, 0.0, 0.0, 0.0, 0.0, 0.0, 0.0, 0.0, 0.0, 0.0, 0.0, 0.0, 0.0, 0.0, 0.0, 0.0, 0.0, 0.0, 0.0, 0.0, 0.0, 0.0, 0.0, 0.0, 0.0, 0.0, 0.0, 0.0, 0.0, 0.0, 0.0, 0.0, 0.0, 0.0, 0.0, 0.0, 0.0, 0.0, 0.0, 0.0, 0.0, 0.0, 0.0, 0.0, 0.0, 0.0, 0.0, 0.0, 0.0, 0.0, 0.0, 0.0, 0.0, 0.0, 0.0, 0.0, 0.0, 0.0, 0.0, 0.0, 0.0, 0.0, 0.0, 0.0, 0.0, 0.0, 0.0, 0.0, 0.0, 0.0, 0.0, 0.0, 0.0, 0.0, 0.0, 0.0, 0.0, 0.0, 0.0, 0.0, 0.0, 0.0, 0.0, 0.0, 0.0, 0.0, 0.0, 0.0, 0.0, 0.0, 0.0, 0.0, 0.0, 0.0, 0.0, 0.0, 0.0, 0.0, 0.0, 0.0, 0.0, 0.0, 0.0, 0.0, 0.0, 0.0, 0.0, 0.0, 0.0, 0.0, 0.0, 0.0, 0.0, 0.0, 0.0, 0.0, 0.0, 0.0, 0.0, 0.0, 0.0, 0.0, 0.0, 0.0, 0.0, 0.0, 0.0, 0.0, 0.0, 0.0, 0.0, 0.0, 0.0, 0.0, 0.0, 0.0, 0.0, 0.0, 0.0, 0.0, 0.0, 0.0, 0.0, 0.0, 0.0, 0.0, 0.0, 0.0, 0.0, 0.0, 0.0, 0.0, 0.0, 0.0, 0.0, 0.0, 0.0, 0.0, 0.0, 0.0, 0.0, 0.0, 0.0, 0.0, 0.0, 0.0, 0.0, 0.0, 0.0, 0.0, 0.0, 0.0, 0.0, 0.0, 0.0, 0.0, 0.0, 0.0, 0.0, 0.0, 0.0, 0.0, 0.0, 0.0, 0.0, 0.0, 0.0, 0.0, 0.0, 0.0, 0.0, 0.0, 0.0, 0.0, 0.0, 0.0, 0.0, 0.0, 0.0, 0.0, 0.0, 0.0, 0.0, 0.0, 0.0, 0.0, 0.0, 0.0, 0.0, 0.0, 0.0, 0.0, 0.0, 0.0, 0.0, 0.0, 0.0, 0.0, 0.0, 0.0, 0.0, 0.0, 0.0, 0.0, 0.0, 0.0, 0.0, 0.0, 0.0, 0.0, 0.0, 0.0, 0.0, 0.0, 0.0, 0.0, 0.0, 0.0, 0.0, 0.0, 0.0, 0.0, 0.0, 0.0, 0.0, 0.0, 0.0, 0.0, 0.0, 0.0, 0.0, 0.0, 0.0, 0.0, 0.0, 0.0, 0.0, 0.0, 0.0, 0.0, 0.0, 0.0, 0.0, 0.0, 0.0, 0.0, 0.0]
---
